60
319
269 246 25
269 246 26
269 246 27
269 246 28
269 246 29
269 245 30
269 246 31
268 246 32
268 246 33
269 247 34
268 246 35
269 247 36
270 246 37
270 247 38
270 248 39
270 248 40
270 248 41
270 248 42
270 248 43
270 247 44
269 247 45
269 247 46
270 248 47
270 248 48
269 249 49
269 250 50
270 250 51
270 249 52
271 249 53
271 249 54
271 249 55
271 249 56
271 249 57
271 249 58
272 249 59
272 250 60
272 249 61
272 250 62
272 251 63
271 251 64
270 251 65
269 251 66
268 252 67
269 252 68
270 253 69
271 253 70
272 252 71
272 252 72
272 251 73
272 250 74
272 250 75
272 250 76
273 250 77
273 250 78
273 250 79
273 250 80
273 250 81
273 250 82
273 251 83
273 251 84
273 251 85
273 251 86
273 251 87
273 251 88
273 250 89
273 250 90
273 250 91
273 250 92
274 249 93
273 250 94
274 251 95
274 251 96
274 252 97
274 252 98
275 251 99
275 252 100
275 252 101
275 253 102
275 253 103
274 253 104
275 254 105
276 254 106
275 254 107
275 254 108
274 254 109
275 255 110
275 255 111
276 255 112
277 255 113
277 254 114
276 255 115
275 256 116
275 257 117
275 257 118
274 258 119
274 257 120
274 257 121
274 256 122
273 256 123
273 256 124
274 256 125
275 255 126
275 254 127
276 255 128
276 255 129
276 255 130
276 254 131
276 254 132
276 254 133
276 254 134
276 254 135
276 254 136
276 254 137
276 254 138
276 254 139
277 254 140
277 254 141
277 254 142
278 254 143
278 254 144
278 254 145
278 254 146
278 254 147
278 254 148
278 254 149
277 254 150
277 254 151
277 254 152
277 254 153
277 254 154
277 254 155
277 254 156
277 255 157
277 254 158
277 254 159
277 254 160
278 254 161
278 255 162
278 255 163
278 255 164
278 254 165
278 253 165
278 252 166
279 251 166
279 250 167
278 249 168
278 248 169
279 247 170
278 247 171
277 247 172
278 246 173
277 246 174
277 246 175
277 245 176
277 245 177
277 245 178
277 245 179
277 245 180
277 244 181
277 244 182
277 244 183
277 243 184
277 243 185
277 243 186
277 243 187
277 243 188
277 243 189
277 243 190
277 243 191
277 243 192
277 243 193
277 243 194
276 242 195
276 242 196
277 242 197
277 242 198
277 242 199
277 242 200
277 241 201
277 240 202
277 240 203
277 239 204
277 238 205
277 237 206
277 237 207
277 237 208
277 237 209
277 237 210
277 237 211
277 236 212
277 236 213
277 236 214
277 235 215
276 235 216
276 234 217
276 233 218
276 232 219
275 232 220
275 231 221
274 231 222
274 230 223
274 229 224
274 228 225
273 228 226
273 227 227
272 227 228
273 226 229
273 226 230
272 226 231
273 225 232
272 225 233
272 224 234
272 223 235
273 222 236
272 222 237
273 221 238
272 221 239
272 221 240
272 220 241
272 220 242
272 220 243
272 220 244
271 220 245
271 219 246
271 218 247
271 217 247
270 216 248
270 216 249
270 215 250
270 215 251
269 214 252
269 214 253
268 213 254
268 213 255
268 212 256
268 211 257
267 211 258
267 210 259
266 209 260
265 209 261
265 208 262
264 208 263
264 207 264
263 206 265
263 206 266
263 205 267
263 204 268
262 204 269
262 203 270
262 203 271
262 202 272
261 202 273
261 201 274
261 201 275
260 200 276
260 199 277
260 199 278
260 198 279
259 197 280
259 197 281
259 196 282
259 195 283
259 195 284
258 194 285
258 193 285
258 192 286
257 191 287
256 190 288
255 190 289
254 189 290
253 188 291
252 187 292
251 186 293
250 186 294
249 186 295
248 185 295
247 184 296
246 183 297
245 182 298
244 181 299
243 180 300
242 179 301
241 179 302
240 178 302
239 177 303
238 176 304
237 175 304
237 174 305
236 174 306
235 173 307
235 172 307
235 171 308
235 170 309
235 169 309
235 168 310
234 167 311
233 166 312
233 165 313
232 164 313
231 164 314
230 163 314
230 162 315
229 161 316
228 160 317
227 159 318
226 158 319
225 157 320
224 156 321
223 155 322
222 154 322
221 154 323
220 153 324
219 152 325
219 151 326
218 151 327
217 151 327
216 151 328
215 150 329
214 150 330
313
269 246 25
269 246 26
269 246 27
269 246 28
269 246 29
269 245 30
269 246 31
268 246 32
268 246 33
269 247 34
268 246 35
269 247 36
270 246 37
270 247 38
270 248 39
270 248 40
270 248 41
270 248 42
270 248 43
270 247 44
269 247 45
269 247 46
270 248 47
270 248 48
269 249 49
269 250 50
270 250 51
270 249 52
271 249 53
271 249 54
271 249 55
271 249 56
271 249 57
271 249 58
272 249 59
272 250 60
272 249 61
272 250 62
272 251 63
271 251 64
270 251 65
269 251 66
268 252 67
269 252 68
270 253 69
271 253 70
272 252 71
272 252 72
272 251 73
272 250 74
272 250 75
272 250 76
273 250 77
273 250 78
273 250 79
273 250 80
273 250 81
273 250 82
273 251 83
273 251 84
273 251 85
273 251 86
273 251 87
273 251 88
273 250 89
273 250 90
273 250 91
273 250 92
274 249 93
273 250 94
274 251 95
274 251 96
274 252 97
274 252 98
275 251 99
275 252 100
275 252 101
275 253 102
275 253 103
274 253 104
275 254 105
276 254 106
275 254 107
275 254 108
274 254 109
275 255 110
275 255 111
276 255 112
277 255 113
277 254 114
276 255 115
275 256 116
275 257 117
275 257 118
274 258 119
274 257 120
274 257 121
274 256 122
273 256 123
273 256 124
274 256 125
275 255 126
275 254 127
276 255 128
276 255 129
276 255 130
276 254 131
276 254 132
276 254 133
276 254 134
276 254 135
276 254 136
276 254 137
276 254 138
276 254 139
277 254 140
277 254 141
277 254 142
278 254 143
278 254 144
278 254 145
278 254 146
278 254 147
278 254 148
278 254 149
277 254 150
277 254 151
277 254 152
277 254 153
277 254 154
277 254 155
277 254 156
277 255 157
277 254 158
277 254 159
277 254 160
278 254 161
278 255 162
278 255 163
278 255 164
278 254 165
278 253 165
278 252 166
279 251 166
279 250 167
278 249 168
278 248 169
279 247 170
278 247 171
277 247 172
278 246 173
277 246 174
277 246 175
277 245 176
277 245 177
277 245 178
277 245 179
277 245 180
277 244 181
277 244 182
277 244 183
277 243 184
277 243 185
277 243 186
277 243 187
277 243 188
277 243 189
277 243 190
277 243 191
277 243 192
277 243 193
277 243 194
276 242 195
276 242 196
277 242 197
277 242 198
277 242 199
277 242 200
277 241 201
277 240 202
277 240 203
277 239 204
277 238 205
277 237 206
277 237 207
277 237 208
277 237 209
277 237 210
277 237 211
277 236 212
277 236 213
277 236 214
277 235 215
276 235 216
276 234 217
276 233 218
276 232 219
275 232 220
275 231 221
274 231 222
274 230 223
274 229 224
274 228 225
273 228 226
273 227 227
272 227 228
273 226 229
273 226 230
272 226 231
273 225 232
272 225 233
272 224 234
272 223 235
273 222 236
272 222 237
273 221 238
272 221 239
272 221 240
272 220 241
272 220 242
272 220 243
272 220 244
271 220 245
271 219 246
271 218 247
271 217 247
270 216 248
270 216 249
270 215 250
270 215 251
269 214 252
269 214 253
268 213 254
268 213 255
268 212 256
268 211 257
267 211 258
267 210 259
266 209 260
265 209 261
265 208 262
264 208 263
264 207 264
263 206 265
263 206 266
263 205 267
263 204 268
262 204 269
262 203 270
262 203 271
262 202 272
261 202 273
261 201 274
261 201 275
260 200 276
260 199 277
260 199 278
260 198 279
259 197 280
259 197 281
259 196 282
259 195 283
259 195 284
258 194 285
258 193 285
258 192 286
257 191 287
256 190 288
255 190 289
254 189 290
253 188 291
252 187 292
251 186 293
250 186 294
249 186 295
248 185 295
247 184 296
246 183 297
245 182 298
244 181 299
243 180 300
242 179 301
241 179 302
240 178 302
239 177 303
238 176 304
237 175 304
237 174 305
236 174 306
235 173 307
235 172 307
235 171 308
235 170 309
235 169 309
235 168 310
234 167 311
233 166 312
233 165 313
232 164 313
231 164 314
230 163 314
230 162 315
229 161 316
228 160 317
227 159 318
226 158 319
225 157 320
224 156 321
223 155 322
222 154 322
221 154 323
220 155 323
220 156 322
312
269 246 25
269 246 26
269 246 27
269 246 28
269 246 29
269 245 30
269 246 31
268 246 32
268 246 33
269 247 34
268 246 35
269 247 36
270 246 37
270 247 38
270 248 39
270 248 40
270 248 41
270 248 42
270 248 43
270 247 44
269 247 45
269 247 46
270 248 47
270 248 48
269 249 49
269 250 50
270 250 51
270 249 52
271 249 53
271 249 54
271 249 55
271 249 56
271 249 57
271 249 58
272 249 59
272 250 60
272 249 61
272 250 62
272 251 63
271 251 64
270 251 65
269 251 66
268 252 67
269 252 68
270 253 69
271 253 70
272 252 71
272 252 72
272 251 73
272 250 74
272 250 75
272 250 76
273 250 77
273 250 78
273 250 79
273 250 80
273 250 81
273 250 82
273 251 83
273 251 84
273 251 85
273 251 86
273 251 87
273 251 88
273 250 89
273 250 90
273 250 91
273 250 92
274 249 93
273 250 94
274 251 95
274 251 96
274 252 97
274 252 98
275 251 99
275 252 100
275 252 101
275 253 102
275 253 103
274 253 104
275 254 105
276 254 106
275 254 107
275 254 108
274 254 109
275 255 110
275 255 111
276 255 112
277 255 113
277 254 114
276 255 115
275 256 116
275 257 117
275 257 118
274 258 119
274 257 120
274 257 121
274 256 122
273 256 123
273 256 124
274 256 125
275 255 126
275 254 127
276 255 128
276 255 129
276 255 130
276 254 131
276 254 132
276 254 133
276 254 134
276 254 135
276 254 136
276 254 137
276 254 138
276 254 139
277 254 140
277 254 141
277 254 142
278 254 143
278 254 144
278 254 145
278 254 146
278 254 147
278 254 148
278 254 149
277 254 150
277 254 151
277 254 152
277 254 153
277 254 154
277 254 155
277 254 156
277 255 157
277 254 158
277 254 159
277 254 160
278 254 161
278 255 162
278 255 163
278 255 164
278 254 165
278 253 165
278 252 166
279 251 166
279 250 167
278 249 168
278 248 169
279 247 170
278 247 171
277 247 172
278 246 173
277 246 174
277 246 175
277 245 176
277 245 177
277 245 178
277 245 179
277 245 180
277 244 181
277 244 182
277 244 183
277 243 184
277 243 185
277 243 186
277 243 187
277 243 188
277 243 189
277 243 190
277 243 191
277 243 192
277 243 193
277 243 194
276 242 195
276 242 196
277 242 197
277 242 198
277 242 199
277 242 200
277 241 201
277 240 202
277 240 203
277 239 204
277 238 205
277 237 206
277 237 207
277 237 208
277 237 209
277 237 210
277 237 211
277 236 212
277 236 213
277 236 214
277 235 215
276 235 216
276 234 217
276 233 218
276 232 219
275 232 220
275 231 221
274 231 222
274 230 223
274 229 224
274 228 225
273 228 226
273 227 227
272 227 228
273 226 229
273 226 230
272 226 231
273 225 232
272 225 233
272 224 234
272 223 235
273 222 236
272 222 237
273 221 238
272 221 239
272 221 240
272 220 241
272 220 242
272 220 243
272 220 244
271 220 245
271 219 246
271 218 247
271 217 247
270 216 248
270 216 249
270 215 250
270 215 251
269 214 252
269 214 253
268 213 254
268 213 255
268 212 256
268 211 257
267 211 258
267 210 259
266 209 260
265 209 261
265 208 262
264 208 263
264 207 264
263 206 265
263 206 266
263 205 267
263 204 268
262 204 269
262 203 270
262 203 271
262 202 272
261 202 273
261 201 274
261 201 275
260 200 276
260 199 277
260 199 278
260 198 279
259 197 280
259 197 281
259 196 282
259 195 283
259 195 284
258 194 285
258 193 285
258 192 286
257 191 287
256 190 288
255 190 289
254 189 290
253 188 291
252 187 292
251 186 293
250 186 294
249 186 295
248 185 295
247 184 296
246 183 297
245 182 298
244 181 299
243 180 300
242 179 301
241 179 302
240 178 302
239 177 303
238 176 304
237 175 304
237 174 305
236 174 306
235 173 307
235 172 307
235 171 308
235 170 309
235 169 309
235 168 310
234 167 311
233 166 312
233 165 313
232 164 313
231 164 314
230 163 314
230 162 315
229 161 316
228 160 317
227 159 318
226 158 319
225 157 320
224 156 321
223 157 320
222 158 321
221 158 321
220 157 322
308
269 246 25
269 246 26
269 246 27
269 246 28
269 246 29
269 245 30
269 246 31
268 246 32
268 246 33
269 247 34
268 246 35
269 247 36
270 246 37
270 247 38
270 248 39
270 248 40
270 248 41
270 248 42
270 248 43
270 247 44
269 247 45
269 247 46
270 248 47
270 248 48
269 249 49
269 250 50
270 250 51
270 249 52
271 249 53
271 249 54
271 249 55
271 249 56
271 249 57
271 249 58
272 249 59
272 250 60
272 249 61
272 250 62
272 251 63
271 251 64
270 251 65
269 251 66
268 252 67
269 252 68
270 253 69
271 253 70
272 252 71
272 252 72
272 251 73
272 250 74
272 250 75
272 250 76
273 250 77
273 250 78
273 250 79
273 250 80
273 250 81
273 250 82
273 251 83
273 251 84
273 251 85
273 251 86
273 251 87
273 251 88
273 250 89
273 250 90
273 250 91
273 250 92
274 249 93
273 250 94
274 251 95
274 251 96
274 252 97
274 252 98
275 251 99
275 252 100
275 252 101
275 253 102
275 253 103
274 253 104
275 254 105
276 254 106
275 254 107
275 254 108
274 254 109
275 255 110
275 255 111
276 255 112
277 255 113
277 254 114
276 255 115
275 256 116
275 257 117
275 257 118
274 258 119
274 257 120
274 257 121
274 256 122
273 256 123
273 256 124
274 256 125
275 255 126
275 254 127
276 255 128
276 255 129
276 255 130
276 254 131
276 254 132
276 254 133
276 254 134
276 254 135
276 254 136
276 254 137
276 254 138
276 254 139
277 254 140
277 254 141
277 254 142
278 254 143
278 254 144
278 254 145
278 254 146
278 254 147
278 254 148
278 254 149
277 254 150
277 254 151
277 254 152
277 254 153
277 254 154
277 254 155
277 254 156
277 255 157
277 254 158
277 254 159
277 254 160
278 254 161
278 255 162
278 255 163
278 255 164
278 254 165
278 253 165
278 252 166
279 251 166
279 250 167
278 249 168
278 248 169
279 247 170
278 247 171
277 247 172
278 246 173
277 246 174
277 246 175
277 245 176
277 245 177
277 245 178
277 245 179
277 245 180
277 244 181
277 244 182
277 244 183
277 243 184
277 243 185
277 243 186
277 243 187
277 243 188
277 243 189
277 243 190
277 243 191
277 243 192
277 243 193
277 243 194
276 242 195
276 242 196
277 242 197
277 242 198
277 242 199
277 242 200
277 241 201
277 240 202
277 240 203
277 239 204
277 238 205
277 237 206
277 237 207
277 237 208
277 237 209
277 237 210
277 237 211
277 236 212
277 236 213
277 236 214
277 235 215
276 235 216
276 234 217
276 233 218
276 232 219
275 232 220
275 231 221
274 231 222
274 230 223
274 229 224
274 228 225
273 228 226
273 227 227
272 227 228
273 226 229
273 226 230
272 226 231
273 225 232
272 225 233
272 224 234
272 223 235
273 222 236
272 222 237
273 221 238
272 221 239
272 221 240
272 220 241
272 220 242
272 220 243
272 220 244
271 220 245
271 219 246
271 218 247
271 217 247
270 216 248
270 216 249
270 215 250
270 215 251
269 214 252
269 214 253
268 213 254
268 213 255
268 212 256
268 211 257
267 211 258
267 210 259
266 209 260
265 209 261
265 208 262
264 208 263
264 207 264
263 206 265
263 206 266
263 205 267
263 204 268
262 204 269
262 203 270
262 203 271
262 202 272
261 202 273
261 201 274
261 201 275
260 200 276
260 199 277
260 199 278
260 198 279
259 197 280
259 197 281
259 196 282
259 195 283
259 195 284
258 194 285
258 193 285
258 192 286
257 191 287
256 190 288
255 190 289
254 189 290
253 188 291
252 187 292
251 186 293
250 186 294
249 186 295
248 185 295
247 184 296
246 183 297
245 182 298
244 181 299
243 180 300
242 179 301
241 179 302
240 178 302
239 177 303
238 176 304
237 175 304
237 174 305
236 174 306
235 173 307
235 172 307
235 171 308
235 170 309
235 169 309
235 168 310
234 167 311
233 166 312
233 165 313
232 164 313
231 164 314
230 163 314
230 162 315
229 161 316
228 160 317
227 159 318
226 158 319
225 159 319
224 160 319
308
269 246 25
269 246 26
269 246 27
269 246 28
269 246 29
269 245 30
269 246 31
268 246 32
268 246 33
269 247 34
268 246 35
269 247 36
270 246 37
270 247 38
270 248 39
270 248 40
270 248 41
270 248 42
270 248 43
270 247 44
269 247 45
269 247 46
270 248 47
270 248 48
269 249 49
269 250 50
270 250 51
270 249 52
271 249 53
271 249 54
271 249 55
271 249 56
271 249 57
271 249 58
272 249 59
272 250 60
272 249 61
272 250 62
272 251 63
271 251 64
270 251 65
269 251 66
268 252 67
269 252 68
270 253 69
271 253 70
272 252 71
272 252 72
272 251 73
272 250 74
272 250 75
272 250 76
273 250 77
273 250 78
273 250 79
273 250 80
273 250 81
273 250 82
273 251 83
273 251 84
273 251 85
273 251 86
273 251 87
273 251 88
273 250 89
273 250 90
273 250 91
273 250 92
274 249 93
273 250 94
274 251 95
274 251 96
274 252 97
274 252 98
275 251 99
275 252 100
275 252 101
275 253 102
275 253 103
274 253 104
275 254 105
276 254 106
275 254 107
275 254 108
274 254 109
275 255 110
275 255 111
276 255 112
277 255 113
277 254 114
276 255 115
275 256 116
275 257 117
275 257 118
274 258 119
274 257 120
274 257 121
274 256 122
273 256 123
273 256 124
274 256 125
275 255 126
275 254 127
276 255 128
276 255 129
276 255 130
276 254 131
276 254 132
276 254 133
276 254 134
276 254 135
276 254 136
276 254 137
276 254 138
276 254 139
277 254 140
277 254 141
277 254 142
278 254 143
278 254 144
278 254 145
278 254 146
278 254 147
278 254 148
278 254 149
277 254 150
277 254 151
277 254 152
277 254 153
277 254 154
277 254 155
277 254 156
277 255 157
277 254 158
277 254 159
277 254 160
278 254 161
278 255 162
278 255 163
278 255 164
278 254 165
278 253 165
278 252 166
279 251 166
279 250 167
278 249 168
278 248 169
279 247 170
278 247 171
277 247 172
278 246 173
277 246 174
277 246 175
277 245 176
277 245 177
277 245 178
277 245 179
277 245 180
277 244 181
277 244 182
277 244 183
277 243 184
277 243 185
277 243 186
277 243 187
277 243 188
277 243 189
277 243 190
277 243 191
277 243 192
277 243 193
277 243 194
276 242 195
276 242 196
277 242 197
277 242 198
277 242 199
277 242 200
277 241 201
277 240 202
277 240 203
277 239 204
277 238 205
277 237 206
277 237 207
277 237 208
277 237 209
277 237 210
277 237 211
277 236 212
277 236 213
277 236 214
277 235 215
276 235 216
276 234 217
276 233 218
276 232 219
275 232 220
275 231 221
274 231 222
274 230 223
274 229 224
274 228 225
273 228 226
273 227 227
272 227 228
273 226 229
273 226 230
272 226 231
273 225 232
272 225 233
272 224 234
272 223 235
273 222 236
272 222 237
273 221 238
272 221 239
272 221 240
272 220 241
272 220 242
272 220 243
272 220 244
271 220 245
271 219 246
271 218 247
271 217 247
270 216 248
270 216 249
270 215 250
270 215 251
269 214 252
269 214 253
268 213 254
268 213 255
268 212 256
268 211 257
267 211 258
267 210 259
266 209 260
265 209 261
265 208 262
264 208 263
264 207 264
263 206 265
263 206 266
263 205 267
263 204 268
262 204 269
262 203 270
262 203 271
262 202 272
261 202 273
261 201 274
261 201 275
260 200 276
260 199 277
260 199 278
260 198 279
259 197 280
259 197 281
259 196 282
259 195 283
259 195 284
258 194 285
258 193 285
258 192 286
257 191 287
256 190 288
255 190 289
254 189 290
253 188 291
252 187 292
251 186 293
250 186 294
249 186 295
248 185 295
247 184 296
246 183 297
245 182 298
244 181 299
243 180 300
242 179 301
241 179 302
240 178 302
239 177 303
238 176 304
237 175 304
237 174 305
236 174 306
235 173 307
235 172 307
235 171 308
235 170 309
235 169 309
235 168 310
234 167 311
233 166 312
233 165 313
232 164 313
231 164 314
230 163 314
229 163 315
228 164 315
227 164 316
226 164 316
225 163 317
224 162 318
223 161 319
306
269 246 25
269 246 26
269 246 27
269 246 28
269 246 29
269 245 30
269 246 31
268 246 32
268 246 33
269 247 34
268 246 35
269 247 36
270 246 37
270 247 38
270 248 39
270 248 40
270 248 41
270 248 42
270 248 43
270 247 44
269 247 45
269 247 46
270 248 47
270 248 48
269 249 49
269 250 50
270 250 51
270 249 52
271 249 53
271 249 54
271 249 55
271 249 56
271 249 57
271 249 58
272 249 59
272 250 60
272 249 61
272 250 62
272 251 63
271 251 64
270 251 65
269 251 66
268 252 67
269 252 68
270 253 69
271 253 70
272 252 71
272 252 72
272 251 73
272 250 74
272 250 75
272 250 76
273 250 77
273 250 78
273 250 79
273 250 80
273 250 81
273 250 82
273 251 83
273 251 84
273 251 85
273 251 86
273 251 87
273 251 88
273 250 89
273 250 90
273 250 91
273 250 92
274 249 93
273 250 94
274 251 95
274 251 96
274 252 97
274 252 98
275 251 99
275 252 100
275 252 101
275 253 102
275 253 103
274 253 104
275 254 105
276 254 106
275 254 107
275 254 108
274 254 109
275 255 110
275 255 111
276 255 112
277 255 113
277 254 114
276 255 115
275 256 116
275 257 117
275 257 118
274 258 119
274 257 120
274 257 121
274 256 122
273 256 123
273 256 124
274 256 125
275 255 126
275 254 127
276 255 128
276 255 129
276 255 130
276 254 131
276 254 132
276 254 133
276 254 134
276 254 135
276 254 136
276 254 137
276 254 138
276 254 139
277 254 140
277 254 141
277 254 142
278 254 143
278 254 144
278 254 145
278 254 146
278 254 147
278 254 148
278 254 149
277 254 150
277 254 151
277 254 152
277 254 153
277 254 154
277 254 155
277 254 156
277 255 157
277 254 158
277 254 159
277 254 160
278 254 161
278 255 162
278 255 163
278 255 164
278 254 165
278 253 165
278 252 166
279 251 166
279 250 167
278 249 168
278 248 169
279 247 170
278 247 171
277 247 172
278 246 173
277 246 174
277 246 175
277 245 176
277 245 177
277 245 178
277 245 179
277 245 180
277 244 181
277 244 182
277 244 183
277 243 184
277 243 185
277 243 186
277 243 187
277 243 188
277 243 189
277 243 190
277 243 191
277 243 192
277 243 193
277 243 194
276 242 195
276 242 196
277 242 197
277 242 198
277 242 199
277 242 200
277 241 201
277 240 202
277 240 203
277 239 204
277 238 205
277 237 206
277 237 207
277 237 208
277 237 209
277 237 210
277 237 211
277 236 212
277 236 213
277 236 214
277 235 215
276 235 216
276 234 217
276 233 218
276 232 219
275 232 220
275 231 221
274 231 222
274 230 223
274 229 224
274 228 225
273 228 226
273 227 227
272 227 228
273 226 229
273 226 230
272 226 231
273 225 232
272 225 233
272 224 234
272 223 235
273 222 236
272 222 237
273 221 238
272 221 239
272 221 240
272 220 241
272 220 242
272 220 243
272 220 244
271 220 245
271 219 246
271 218 247
271 217 247
270 216 248
270 216 249
270 215 250
270 215 251
269 214 252
269 214 253
268 213 254
268 213 255
268 212 256
268 211 257
267 211 258
267 210 259
266 209 260
265 209 261
265 208 262
264 208 263
264 207 264
263 206 265
263 206 266
263 205 267
263 204 268
262 204 269
262 203 270
262 203 271
262 202 272
261 202 273
261 201 274
261 201 275
260 200 276
260 199 277
260 199 278
260 198 279
259 197 280
259 197 281
259 196 282
259 195 283
259 195 284
258 194 285
258 193 285
258 192 286
257 191 287
256 190 288
255 190 289
254 189 290
253 188 291
252 187 292
251 186 293
250 186 294
249 186 295
248 185 295
247 184 296
246 183 297
245 182 298
244 181 299
243 180 300
242 179 301
241 179 302
240 178 302
239 177 303
238 176 304
237 175 304
237 174 305
236 174 306
235 173 307
235 172 307
235 171 308
235 170 309
235 169 309
235 168 310
234 167 311
233 166 312
233 165 313
232 164 313
231 164 314
230 163 314
230 162 315
229 161 316
228 160 317
227 160 317
226 161 317
298
269 246 25
269 246 26
269 246 27
269 246 28
269 246 29
269 245 30
269 246 31
268 246 32
268 246 33
269 247 34
268 246 35
269 247 36
270 246 37
270 247 38
270 248 39
270 248 40
270 248 41
270 248 42
270 248 43
270 247 44
269 247 45
269 247 46
270 248 47
270 248 48
269 249 49
269 250 50
270 250 51
270 249 52
271 249 53
271 249 54
271 249 55
271 249 56
271 249 57
271 249 58
272 249 59
272 250 60
272 249 61
272 250 62
272 251 63
271 251 64
270 251 65
269 251 66
268 252 67
269 252 68
270 253 69
271 253 70
272 252 71
272 252 72
272 251 73
272 250 74
272 250 75
272 250 76
273 250 77
273 250 78
273 250 79
273 250 80
273 250 81
273 250 82
273 251 83
273 251 84
273 251 85
273 251 86
273 251 87
273 251 88
273 250 89
273 250 90
273 250 91
273 250 92
274 249 93
273 250 94
274 251 95
274 251 96
274 252 97
274 252 98
275 251 99
275 252 100
275 252 101
275 253 102
275 253 103
274 253 104
275 254 105
276 254 106
275 254 107
275 254 108
274 254 109
275 255 110
275 255 111
276 255 112
277 255 113
277 254 114
276 255 115
275 256 116
275 257 117
275 257 118
274 258 119
274 257 120
274 257 121
274 256 122
273 256 123
273 256 124
274 256 125
275 255 126
275 254 127
276 255 128
276 255 129
276 255 130
276 254 131
276 254 132
276 254 133
276 254 134
276 254 135
276 254 136
276 254 137
276 254 138
276 254 139
277 254 140
277 254 141
277 254 142
278 254 143
278 254 144
278 254 145
278 254 146
278 254 147
278 254 148
278 254 149
277 254 150
277 254 151
277 254 152
277 254 153
277 254 154
277 254 155
277 254 156
277 255 157
277 254 158
277 254 159
277 254 160
278 254 161
278 255 162
278 255 163
278 255 164
278 254 165
278 253 165
278 252 166
279 251 166
279 250 167
278 249 168
278 248 169
279 247 170
278 247 171
277 247 172
278 246 173
277 246 174
277 246 175
277 245 176
277 245 177
277 245 178
277 245 179
277 245 180
277 244 181
277 244 182
277 244 183
277 243 184
277 243 185
277 243 186
277 243 187
277 243 188
277 243 189
277 243 190
277 243 191
277 243 192
277 243 193
277 243 194
276 242 195
276 242 196
277 242 197
277 242 198
277 242 199
277 242 200
277 241 201
277 240 202
277 240 203
277 239 204
277 238 205
277 237 206
277 237 207
277 237 208
277 237 209
277 237 210
277 237 211
277 236 212
277 236 213
277 236 214
277 235 215
276 235 216
276 234 217
276 233 218
276 232 219
275 232 220
275 231 221
274 231 222
274 230 223
274 229 224
274 228 225
273 228 226
273 227 227
272 227 228
273 226 229
273 226 230
272 226 231
273 225 232
272 225 233
272 224 234
272 223 235
273 222 236
272 222 237
273 221 238
272 221 239
272 221 240
272 220 241
272 220 242
272 220 243
272 220 244
271 220 245
271 219 246
271 218 247
271 217 247
270 216 248
270 216 249
270 215 250
270 215 251
269 214 252
269 214 253
268 213 254
268 213 255
268 212 256
268 211 257
267 211 258
267 210 259
266 209 260
265 209 261
265 208 262
264 208 263
264 207 264
263 206 265
263 206 266
263 205 267
263 204 268
262 204 269
262 203 270
262 203 271
262 202 272
261 202 273
261 201 274
261 201 275
260 200 276
260 199 277
260 199 278
260 198 279
259 197 280
259 197 281
259 196 282
259 195 283
259 195 284
258 194 285
258 193 285
258 192 286
257 191 287
256 190 288
255 190 289
254 189 290
253 188 291
252 187 292
251 186 293
250 186 294
249 186 295
248 185 295
247 184 296
246 183 297
245 182 298
244 181 299
243 180 300
242 179 301
241 179 302
240 178 302
239 177 303
238 176 304
237 175 304
237 174 305
236 174 306
235 173 307
235 172 307
235 171 308
235 170 309
235 169 309
235 168 310
234 167 311
233 166 312
229 170 312
235
269 246 25
269 246 26
269 246 27
269 246 28
269 246 29
269 245 30
269 246 31
268 246 32
268 246 33
269 247 34
268 246 35
269 247 36
270 246 37
270 247 38
270 248 39
270 248 40
270 248 41
270 248 42
270 248 43
270 247 44
269 247 45
269 247 46
270 248 47
270 248 48
269 249 49
269 250 50
270 250 51
270 249 52
271 249 53
271 249 54
271 249 55
271 249 56
271 249 57
271 249 58
272 249 59
272 250 60
272 249 61
272 250 62
272 251 63
271 251 64
270 251 65
269 251 66
268 252 67
269 252 68
270 253 69
271 253 70
272 252 71
272 252 72
272 251 73
272 250 74
272 250 75
272 250 76
273 250 77
273 250 78
273 250 79
273 250 80
273 250 81
273 250 82
273 251 83
273 251 84
273 251 85
273 251 86
273 251 87
273 251 88
273 250 89
273 250 90
273 250 91
273 250 92
274 249 93
273 250 94
274 251 95
274 251 96
274 252 97
274 252 98
275 251 99
275 252 100
275 252 101
275 253 102
275 253 103
274 253 104
275 254 105
276 254 106
275 254 107
275 254 108
274 254 109
275 255 110
275 255 111
276 255 112
277 255 113
277 254 114
276 255 115
275 256 116
275 257 117
275 257 118
274 258 119
275 259 120
276 260 121
276 261 122
276 261 123
275 262 124
274 262 125
275 263 126
275 263 127
275 263 128
275 264 129
275 265 130
275 265 131
276 266 132
275 266 133
276 267 134
276 267 135
276 268 136
275 268 137
275 268 138
276 269 139
276 269 140
276 270 141
276 270 142
277 271 143
277 271 144
276 271 145
276 272 146
277 272 147
277 273 148
277 273 149
277 273 150
276 274 151
277 274 152
277 275 153
277 275 154
277 276 155
277 276 156
277 277 157
277 278 158
277 279 159
277 280 160
278 280 161
278 281 162
278 282 163
278 283 164
278 284 165
278 285 166
278 285 167
278 286 168
278 287 169
278 287 170
278 287 171
278 288 172
278 288 173
278 289 174
278 290 175
278 290 176
278 291 177
278 291 178
279 292 179
279 293 180
279 294 181
279 295 182
280 296 183
279 297 183
279 298 184
279 299 185
279 300 186
279 301 186
279 302 187
279 303 188
280 304 188
280 305 189
280 306 190
280 307 190
280 308 191
279 308 192
279 309 193
279 310 194
280 311 194
280 312 195
280 313 196
280 313 197
280 314 198
281 315 199
281 316 200
281 317 200
281 318 200
280 319 201
280 320 201
280 321 202
280 322 202
280 323 203
279 324 203
280 325 204
281 326 205
280 327 205
279 328 206
280 329 207
280 330 207
281 331 207
282 332 208
282 333 208
283 334 208
284 335 209
284 336 209
284 337 209
283 338 209
283 339 209
283 340 209
283 341 210
282 342 209
282 343 210
282 344 210
282 345 210
282 346 210
283 347 211
284 348 211
283 349 211
284 350 211
285 351 212
285 352 212
285 353 212
285 354 212
286 355 212
286 356 211
286 357 212
287 358 212
287 359 212
287 360 212
288 361 213
288 362 213
288 363 213
288 364 214
288 365 213
289 366 214
289 367 214
289 368 215
289 369 215
289 370 215
234
269 246 25
269 246 26
269 246 27
269 246 28
269 246 29
269 245 30
269 246 31
268 246 32
268 246 33
269 247 34
268 246 35
269 247 36
270 246 37
270 247 38
270 248 39
270 248 40
270 248 41
270 248 42
270 248 43
270 247 44
269 247 45
269 247 46
270 248 47
270 248 48
269 249 49
269 250 50
270 250 51
270 249 52
271 249 53
271 249 54
271 249 55
271 249 56
271 249 57
271 249 58
272 249 59
272 250 60
272 249 61
272 250 62
272 251 63
271 251 64
270 251 65
269 251 66
268 252 67
269 252 68
270 253 69
271 253 70
272 252 71
272 252 72
272 251 73
272 250 74
272 250 75
272 250 76
273 250 77
273 250 78
273 250 79
273 250 80
273 250 81
273 250 82
273 251 83
273 251 84
273 251 85
273 251 86
273 251 87
273 251 88
273 250 89
273 250 90
273 250 91
273 250 92
274 249 93
273 250 94
274 251 95
274 251 96
274 252 97
274 252 98
275 251 99
275 252 100
275 252 101
275 253 102
275 253 103
274 253 104
275 254 105
276 254 106
275 254 107
275 254 108
274 254 109
275 255 110
275 255 111
276 255 112
277 255 113
277 254 114
276 255 115
275 256 116
275 257 117
275 257 118
274 258 119
274 257 120
274 257 121
274 256 122
273 256 123
273 256 124
274 256 125
275 255 126
275 254 127
276 255 128
276 255 129
276 255 130
276 254 131
276 254 132
276 254 133
276 254 134
276 254 135
276 254 136
276 254 137
276 254 138
276 254 139
277 254 140
277 254 141
277 254 142
278 254 143
278 254 144
278 254 145
278 254 146
278 254 147
278 254 148
278 254 149
277 254 150
277 254 151
277 254 152
277 254 153
277 254 154
277 254 155
277 254 156
277 255 157
277 254 158
277 254 159
277 254 160
278 254 161
278 255 162
278 255 163
278 255 164
278 254 165
278 255 166
278 255 167
277 256 168
277 257 169
277 257 170
278 258 171
277 258 172
277 259 173
277 260 174
277 261 175
276 261 176
275 261 177
276 262 178
275 261 179
275 262 180
274 262 181
274 263 182
275 264 183
274 264 184
274 265 185
273 264 186
273 265 187
273 265 188
273 265 189
273 265 190
273 266 191
273 266 192
273 266 193
273 267 194
273 267 195
272 267 196
272 267 197
271 267 198
271 267 199
271 267 200
271 267 201
271 268 202
271 268 203
271 268 204
271 268 205
271 268 206
271 269 207
271 269 208
272 270 209
271 270 210
271 270 211
271 270 212
271 270 213
270 271 214
270 271 215
270 271 216
269 272 217
269 272 218
269 272 219
268 272 220
268 272 221
268 272 222
268 272 223
267 273 224
267 273 225
267 273 226
266 274 227
266 274 228
267 273 229
267 273 230
266 274 231
265 274 232
265 274 233
265 273 234
266 272 235
267 272 236
266 272 237
266 273 238
266 273 239
265 274 240
264 277 244
263 278 248
257 279 251
256 279 252
256 279 253
256 280 254
255 280 255
255 281 256
254 281 257
253 281 258
253 281 259
253 281 260
252 282 261
251 282 262
250 282 263
250 282 264
250 282 265
246 284 270
233
269 246 25
269 246 26
269 246 27
269 246 28
269 246 29
269 245 30
269 246 31
268 246 32
268 246 33
269 247 34
268 246 35
269 247 36
270 246 37
270 247 38
270 248 39
270 248 40
270 248 41
270 248 42
270 248 43
270 247 44
269 247 45
269 247 46
270 248 47
270 248 48
269 249 49
269 250 50
270 250 51
270 249 52
271 249 53
271 249 54
271 249 55
271 249 56
271 249 57
271 249 58
272 249 59
272 250 60
272 249 61
272 250 62
272 251 63
271 251 64
270 251 65
269 251 66
268 252 67
269 252 68
270 253 69
271 253 70
272 252 71
272 252 72
272 251 73
272 250 74
272 250 75
272 250 76
273 250 77
273 250 78
273 250 79
273 250 80
273 250 81
273 250 82
273 251 83
273 251 84
273 251 85
273 251 86
273 251 87
273 251 88
273 250 89
273 250 90
273 250 91
273 250 92
274 249 93
273 250 94
274 251 95
274 251 96
274 252 97
274 252 98
275 251 99
275 252 100
275 252 101
275 253 102
275 253 103
274 253 104
275 254 105
276 254 106
275 254 107
275 254 108
274 254 109
275 255 110
275 255 111
276 255 112
277 255 113
277 254 114
276 255 115
275 256 116
275 257 117
275 257 118
274 258 119
274 257 120
274 257 121
274 256 122
273 256 123
273 256 124
274 256 125
275 255 126
275 254 127
276 255 128
276 255 129
276 255 130
276 254 131
276 254 132
276 254 133
276 254 134
276 254 135
276 254 136
276 254 137
276 254 138
276 254 139
277 254 140
277 254 141
277 254 142
278 254 143
278 254 144
278 254 145
278 254 146
278 254 147
278 254 148
278 254 149
277 254 150
277 254 151
277 254 152
277 254 153
277 254 154
277 254 155
277 254 156
277 255 157
277 254 158
277 254 159
277 254 160
278 254 161
278 255 162
278 255 163
278 255 164
278 254 165
278 255 166
278 255 167
277 256 168
277 257 169
277 257 170
278 258 171
277 258 172
277 259 173
277 260 174
277 261 175
276 261 176
275 261 177
276 262 178
275 261 179
275 262 180
274 262 181
274 263 182
275 264 183
274 264 184
274 265 185
273 264 186
273 265 187
273 265 188
273 265 189
273 265 190
273 266 191
273 266 192
273 266 193
273 267 194
273 267 195
272 267 196
272 267 197
271 267 198
271 267 199
271 267 200
271 267 201
271 268 202
271 268 203
271 268 204
271 268 205
271 268 206
271 269 207
271 269 208
272 270 209
271 270 210
271 270 211
271 270 212
271 270 213
270 271 214
270 271 215
270 271 216
269 272 217
269 272 218
269 272 219
268 272 220
268 272 221
268 272 222
268 272 223
267 273 224
267 273 225
267 273 226
266 274 227
266 274 228
267 273 229
267 273 230
266 274 231
265 274 232
265 274 233
265 273 234
266 272 235
267 272 236
266 272 237
266 273 238
266 273 239
265 274 240
264 277 244
263 278 248
257 279 251
256 279 252
256 279 253
256 280 254
255 280 255
255 281 256
254 281 257
253 281 258
253 281 259
253 281 260
252 282 261
251 282 262
250 282 263
250 282 264
250 282 265
219
269 246 25
269 246 26
269 246 27
269 246 28
269 246 29
269 245 30
269 246 31
268 246 32
268 246 33
269 247 34
268 246 35
269 247 36
270 246 37
270 247 38
270 248 39
270 248 40
270 248 41
270 248 42
270 248 43
270 247 44
269 247 45
269 247 46
270 248 47
270 248 48
269 249 49
269 250 50
270 250 51
270 249 52
271 249 53
271 249 54
271 249 55
271 249 56
271 249 57
271 249 58
272 249 59
272 250 60
272 249 61
272 250 62
272 251 63
271 251 64
270 251 65
269 251 66
268 252 67
269 252 68
270 253 69
271 253 70
272 252 71
272 252 72
272 251 73
272 250 74
272 250 75
272 250 76
273 250 77
273 250 78
273 250 79
273 250 80
273 250 81
273 250 82
273 251 83
273 251 84
273 251 85
273 251 86
273 251 87
273 251 88
273 250 89
273 250 90
273 250 91
273 250 92
274 249 93
273 250 94
274 251 95
274 251 96
274 252 97
274 252 98
275 251 99
275 252 100
275 252 101
275 253 102
275 253 103
274 253 104
275 254 105
276 254 106
275 254 107
275 254 108
274 254 109
275 255 110
275 255 111
276 255 112
277 255 113
277 254 114
276 255 115
275 256 116
275 257 117
275 257 118
274 258 119
274 257 120
274 257 121
274 256 122
273 256 123
273 256 124
274 256 125
275 255 126
275 254 127
276 255 128
276 255 129
276 255 130
276 254 131
276 254 132
276 254 133
276 254 134
276 254 135
276 254 136
276 254 137
276 254 138
276 254 139
277 254 140
277 254 141
277 254 142
278 254 143
278 254 144
278 254 145
278 254 146
278 254 147
278 254 148
278 254 149
277 254 150
277 254 151
277 254 152
277 254 153
277 254 154
277 254 155
277 254 156
277 255 157
277 254 158
277 254 159
277 254 160
278 254 161
278 255 162
278 255 163
278 255 164
278 254 165
278 255 166
278 255 167
277 256 168
277 257 169
277 257 170
278 258 171
277 258 172
277 259 173
277 260 174
277 261 175
276 261 176
275 261 177
276 262 178
275 261 179
275 262 180
274 262 181
274 263 182
275 264 183
274 264 184
274 265 185
273 264 186
273 265 187
273 265 188
273 265 189
273 265 190
273 266 191
273 266 192
273 266 193
273 267 194
273 267 195
272 267 196
272 267 197
271 267 198
271 267 199
271 267 200
271 267 201
271 268 202
271 268 203
271 268 204
271 268 205
271 268 206
271 269 207
271 269 208
272 270 209
271 270 210
271 270 211
271 270 212
271 270 213
270 271 214
270 271 215
270 271 216
269 272 217
269 272 218
269 272 219
268 272 220
268 272 221
268 272 222
268 272 223
267 273 224
267 273 225
267 273 226
266 274 227
266 274 228
267 273 229
267 273 230
266 274 231
265 274 232
265 274 233
265 273 234
266 272 235
267 272 236
266 272 237
266 273 238
266 273 239
265 274 240
264 277 244
263 278 248
257 279 251
218
269 246 25
269 246 26
269 246 27
269 246 28
269 246 29
269 245 30
269 246 31
268 246 32
268 246 33
269 247 34
268 246 35
269 247 36
270 246 37
270 247 38
270 248 39
270 248 40
270 248 41
270 248 42
270 248 43
270 247 44
269 247 45
269 247 46
270 248 47
270 248 48
269 249 49
269 250 50
270 250 51
270 249 52
271 249 53
271 249 54
271 249 55
271 249 56
271 249 57
271 249 58
272 249 59
272 250 60
272 249 61
272 250 62
272 251 63
271 251 64
270 251 65
269 251 66
268 252 67
269 252 68
270 253 69
271 253 70
272 252 71
272 252 72
272 251 73
272 250 74
272 250 75
272 250 76
273 250 77
273 250 78
273 250 79
273 250 80
273 250 81
273 250 82
273 251 83
273 251 84
273 251 85
273 251 86
273 251 87
273 251 88
273 250 89
273 250 90
273 250 91
273 250 92
274 249 93
273 250 94
274 251 95
274 251 96
274 252 97
274 252 98
275 251 99
275 252 100
275 252 101
275 253 102
275 253 103
274 253 104
275 254 105
276 254 106
275 254 107
275 254 108
274 254 109
275 255 110
275 255 111
276 255 112
277 255 113
277 254 114
276 255 115
275 256 116
275 257 117
275 257 118
274 258 119
274 257 120
274 257 121
274 256 122
273 256 123
273 256 124
274 256 125
275 255 126
275 254 127
276 255 128
276 255 129
276 255 130
276 254 131
276 254 132
276 254 133
276 254 134
276 254 135
276 254 136
276 254 137
276 254 138
276 254 139
277 254 140
277 254 141
277 254 142
278 254 143
278 254 144
278 254 145
278 254 146
278 254 147
278 254 148
278 254 149
277 254 150
277 254 151
277 254 152
277 254 153
277 254 154
277 254 155
277 254 156
277 255 157
277 254 158
277 254 159
277 254 160
278 254 161
278 255 162
278 255 163
278 255 164
278 254 165
278 255 166
278 255 167
277 256 168
277 257 169
277 257 170
278 258 171
277 258 172
277 259 173
277 260 174
277 261 175
276 261 176
275 261 177
276 262 178
275 261 179
275 262 180
274 262 181
274 263 182
275 264 183
274 264 184
274 265 185
273 264 186
273 265 187
273 265 188
273 265 189
273 265 190
273 266 191
273 266 192
273 266 193
273 267 194
273 267 195
272 267 196
272 267 197
271 267 198
271 267 199
271 267 200
271 267 201
271 268 202
271 268 203
271 268 204
271 268 205
271 268 206
271 269 207
271 269 208
272 270 209
271 270 210
271 270 211
271 270 212
271 270 213
270 271 214
270 271 215
270 271 216
269 272 217
269 272 218
269 272 219
268 272 220
268 272 221
268 272 222
268 272 223
267 273 224
267 273 225
267 273 226
266 274 227
266 274 228
267 273 229
267 273 230
266 274 231
265 274 232
265 274 233
265 273 234
266 272 235
267 272 236
266 272 237
266 273 238
266 273 239
265 274 240
264 277 244
263 278 248
217
269 246 25
269 246 26
269 246 27
269 246 28
269 246 29
269 245 30
269 246 31
268 246 32
268 246 33
269 247 34
268 246 35
269 247 36
270 246 37
270 247 38
270 248 39
270 248 40
270 248 41
270 248 42
270 248 43
270 247 44
269 247 45
269 247 46
270 248 47
270 248 48
269 249 49
269 250 50
270 250 51
270 249 52
271 249 53
271 249 54
271 249 55
271 249 56
271 249 57
271 249 58
272 249 59
272 250 60
272 249 61
272 250 62
272 251 63
271 251 64
270 251 65
269 251 66
268 252 67
269 252 68
270 253 69
271 253 70
272 252 71
272 252 72
272 251 73
272 250 74
272 250 75
272 250 76
273 250 77
273 250 78
273 250 79
273 250 80
273 250 81
273 250 82
273 251 83
273 251 84
273 251 85
273 251 86
273 251 87
273 251 88
273 250 89
273 250 90
273 250 91
273 250 92
274 249 93
273 250 94
274 251 95
274 251 96
274 252 97
274 252 98
275 251 99
275 252 100
275 252 101
275 253 102
275 253 103
274 253 104
275 254 105
276 254 106
275 254 107
275 254 108
274 254 109
275 255 110
275 255 111
276 255 112
277 255 113
277 254 114
276 255 115
275 256 116
275 257 117
275 257 118
274 258 119
274 257 120
274 257 121
274 256 122
273 256 123
273 256 124
274 256 125
275 255 126
275 254 127
276 255 128
276 255 129
276 255 130
276 254 131
276 254 132
276 254 133
276 254 134
276 254 135
276 254 136
276 254 137
276 254 138
276 254 139
277 254 140
277 254 141
277 254 142
278 254 143
278 254 144
278 254 145
278 254 146
278 254 147
278 254 148
278 254 149
277 254 150
277 254 151
277 254 152
277 254 153
277 254 154
277 254 155
277 254 156
277 255 157
277 254 158
277 254 159
277 254 160
278 254 161
278 255 162
278 255 163
278 255 164
278 254 165
278 255 166
278 255 167
277 256 168
277 257 169
277 257 170
278 258 171
277 258 172
277 259 173
277 260 174
277 261 175
276 261 176
275 261 177
276 262 178
275 261 179
275 262 180
274 262 181
274 263 182
275 264 183
274 264 184
274 265 185
273 264 186
273 265 187
273 265 188
273 265 189
273 265 190
273 266 191
273 266 192
273 266 193
273 267 194
273 267 195
272 267 196
272 267 197
271 267 198
271 267 199
271 267 200
271 267 201
271 268 202
271 268 203
271 268 204
271 268 205
271 268 206
271 269 207
271 269 208
272 270 209
271 270 210
271 270 211
271 270 212
271 270 213
270 271 214
270 271 215
270 271 216
269 272 217
269 272 218
269 272 219
268 272 220
268 272 221
268 272 222
268 272 223
267 273 224
267 273 225
267 273 226
266 274 227
266 274 228
267 273 229
267 273 230
266 274 231
265 274 232
265 274 233
265 273 234
266 272 235
267 272 236
266 272 237
266 273 238
266 273 239
265 274 240
264 277 244
216
269 246 25
269 246 26
269 246 27
269 246 28
269 246 29
269 245 30
269 246 31
268 246 32
268 246 33
269 247 34
268 246 35
269 247 36
270 246 37
270 247 38
270 248 39
270 248 40
270 248 41
270 248 42
270 248 43
270 247 44
269 247 45
269 247 46
270 248 47
270 248 48
269 249 49
269 250 50
270 250 51
270 249 52
271 249 53
271 249 54
271 249 55
271 249 56
271 249 57
271 249 58
272 249 59
272 250 60
272 249 61
272 250 62
272 251 63
271 251 64
270 251 65
269 251 66
268 252 67
269 252 68
270 253 69
271 253 70
272 252 71
272 252 72
272 251 73
272 250 74
272 250 75
272 250 76
273 250 77
273 250 78
273 250 79
273 250 80
273 250 81
273 250 82
273 251 83
273 251 84
273 251 85
273 251 86
273 251 87
273 251 88
273 250 89
273 250 90
273 250 91
273 250 92
274 249 93
273 250 94
274 251 95
274 251 96
274 252 97
274 252 98
275 251 99
275 252 100
275 252 101
275 253 102
275 253 103
274 253 104
275 254 105
276 254 106
275 254 107
275 254 108
274 254 109
275 255 110
275 255 111
276 255 112
277 255 113
277 254 114
276 255 115
275 256 116
275 257 117
275 257 118
274 258 119
274 257 120
274 257 121
274 256 122
273 256 123
273 256 124
274 256 125
275 255 126
275 254 127
276 255 128
276 255 129
276 255 130
276 254 131
276 254 132
276 254 133
276 254 134
276 254 135
276 254 136
276 254 137
276 254 138
276 254 139
277 254 140
277 254 141
277 254 142
278 254 143
278 254 144
278 254 145
278 254 146
278 254 147
278 254 148
278 254 149
277 254 150
277 254 151
277 254 152
277 254 153
277 254 154
277 254 155
277 254 156
277 255 157
277 254 158
277 254 159
277 254 160
278 254 161
278 255 162
278 255 163
278 255 164
278 254 165
278 255 166
278 255 167
277 256 168
277 257 169
277 257 170
278 258 171
277 258 172
277 259 173
277 260 174
277 261 175
276 261 176
275 261 177
276 262 178
275 261 179
275 262 180
274 262 181
274 263 182
275 264 183
274 264 184
274 265 185
273 264 186
273 265 187
273 265 188
273 265 189
273 265 190
273 266 191
273 266 192
273 266 193
273 267 194
273 267 195
272 267 196
272 267 197
271 267 198
271 267 199
271 267 200
271 267 201
271 268 202
271 268 203
271 268 204
271 268 205
271 268 206
271 269 207
271 269 208
272 270 209
271 270 210
271 270 211
271 270 212
271 270 213
270 271 214
270 271 215
270 271 216
269 272 217
269 272 218
269 272 219
268 272 220
268 272 221
268 272 222
268 272 223
267 273 224
267 273 225
267 273 226
266 274 227
266 274 228
267 273 229
267 273 230
266 274 231
265 274 232
265 274 233
265 273 234
266 272 235
267 272 236
266 272 237
266 273 238
266 273 239
265 274 240
215
269 246 25
269 246 26
269 246 27
269 246 28
269 246 29
269 245 30
269 246 31
268 246 32
268 246 33
269 247 34
268 246 35
269 247 36
270 246 37
270 247 38
270 248 39
270 248 40
270 248 41
270 248 42
270 248 43
270 247 44
269 247 45
269 247 46
270 248 47
270 248 48
269 249 49
269 250 50
270 250 51
270 249 52
271 249 53
271 249 54
271 249 55
271 249 56
271 249 57
271 249 58
272 249 59
272 250 60
272 249 61
272 250 62
272 251 63
271 251 64
270 251 65
269 251 66
268 252 67
269 252 68
270 253 69
271 253 70
272 252 71
272 252 72
272 251 73
272 250 74
272 250 75
272 250 76
273 250 77
273 250 78
273 250 79
273 250 80
273 250 81
273 250 82
273 251 83
273 251 84
273 251 85
273 251 86
273 251 87
273 251 88
273 250 89
273 250 90
273 250 91
273 250 92
274 249 93
273 250 94
274 251 95
274 251 96
274 252 97
274 252 98
275 251 99
275 252 100
275 252 101
275 253 102
275 253 103
274 253 104
275 254 105
276 254 106
275 254 107
275 254 108
274 254 109
275 255 110
275 255 111
276 255 112
277 255 113
277 254 114
276 255 115
275 256 116
275 257 117
275 257 118
274 258 119
274 257 120
274 257 121
274 256 122
273 256 123
273 256 124
274 256 125
275 255 126
275 254 127
276 255 128
276 255 129
276 255 130
276 254 131
276 254 132
276 254 133
276 254 134
276 254 135
276 254 136
276 254 137
276 254 138
276 254 139
277 254 140
277 254 141
277 254 142
278 254 143
278 254 144
278 254 145
278 254 146
278 254 147
278 254 148
278 254 149
277 254 150
277 254 151
277 254 152
277 254 153
277 254 154
277 254 155
277 254 156
277 255 157
277 254 158
277 254 159
277 254 160
278 254 161
278 255 162
278 255 163
278 255 164
278 254 165
278 255 166
278 255 167
277 256 168
277 257 169
277 257 170
278 258 171
277 258 172
277 259 173
277 260 174
277 261 175
276 261 176
275 261 177
276 262 178
275 261 179
275 262 180
274 262 181
274 263 182
275 264 183
274 264 184
274 265 185
273 264 186
273 265 187
273 265 188
273 265 189
273 265 190
273 266 191
273 266 192
273 266 193
273 267 194
273 267 195
272 267 196
272 267 197
271 267 198
271 267 199
271 267 200
271 267 201
271 268 202
271 268 203
271 268 204
271 268 205
271 268 206
271 269 207
271 269 208
272 270 209
271 270 210
271 270 211
271 270 212
271 270 213
270 271 214
270 271 215
270 271 216
269 272 217
269 272 218
269 272 219
268 272 220
268 272 221
268 272 222
268 272 223
267 273 224
267 273 225
267 273 226
266 274 227
266 274 228
267 273 229
267 273 230
266 274 231
265 274 232
265 274 233
265 274 234
264 275 235
263 276 235
262 277 236
262 277 237
261 277 238
194
269 246 25
269 246 26
269 246 27
269 246 28
269 246 29
269 245 30
269 246 31
268 246 32
268 246 33
269 247 34
268 246 35
269 247 36
270 246 37
270 247 38
270 248 39
270 248 40
270 248 41
270 248 42
270 248 43
270 247 44
269 247 45
269 247 46
270 248 47
270 248 48
269 249 49
269 250 50
270 250 51
270 249 52
271 249 53
271 249 54
271 249 55
271 249 56
271 249 57
271 249 58
272 249 59
272 250 60
272 249 61
272 250 62
272 251 63
271 251 64
270 251 65
269 251 66
268 252 67
269 252 68
270 253 69
271 253 70
272 252 71
272 252 72
272 251 73
272 250 74
272 250 75
272 250 76
273 250 77
273 250 78
273 250 79
273 250 80
273 250 81
273 250 82
273 251 83
273 251 84
273 251 85
273 251 86
273 251 87
273 251 88
273 250 89
273 250 90
273 250 91
273 250 92
274 249 93
273 250 94
274 251 95
274 251 96
274 252 97
274 252 98
275 251 99
275 252 100
275 252 101
275 253 102
275 253 103
274 253 104
275 254 105
276 254 106
275 254 107
275 254 108
274 254 109
275 255 110
275 255 111
276 255 112
277 255 113
277 254 114
276 255 115
275 256 116
275 257 117
275 257 118
274 258 119
275 259 120
276 260 121
276 261 122
276 261 123
275 262 124
274 262 125
275 263 126
275 263 127
275 263 128
275 264 129
275 265 130
275 265 131
276 266 132
275 266 133
276 267 134
276 267 135
276 268 136
275 268 137
275 268 138
276 269 139
276 269 140
276 270 141
276 270 142
277 271 143
277 271 144
276 271 145
276 272 146
277 272 147
277 273 148
277 273 149
277 273 150
276 274 151
277 274 152
277 275 153
277 275 154
277 276 155
277 276 156
277 277 157
277 278 158
277 279 159
277 280 160
278 280 161
278 281 162
278 282 163
278 283 164
278 284 165
278 285 166
278 285 167
278 286 168
278 287 169
278 287 170
278 287 171
278 288 172
278 288 173
278 289 174
278 290 175
278 290 176
278 291 177
278 291 178
279 292 179
279 293 180
279 294 181
279 295 182
280 296 183
279 297 183
279 298 184
279 299 185
279 300 186
279 301 186
279 302 187
279 303 188
280 304 188
280 305 189
280 306 190
280 307 190
280 308 191
279 308 192
279 309 193
279 310 194
280 311 194
280 312 195
280 313 196
280 313 197
280 314 198
281 315 199
281 316 200
281 317 200
281 318 200
280 319 201
280 320 201
280 321 202
280 322 202
280 323 203
279 324 203
280 325 204
281 326 205
282 326 205
283 325 204
284 324 204
192
269 246 25
269 246 26
269 246 27
269 246 28
269 246 29
269 245 30
269 246 31
268 246 32
268 246 33
269 247 34
268 246 35
269 247 36
270 246 37
270 247 38
270 248 39
270 248 40
270 248 41
270 248 42
270 248 43
270 247 44
269 247 45
269 247 46
270 248 47
270 248 48
269 249 49
269 250 50
270 250 51
270 249 52
271 249 53
271 249 54
271 249 55
271 249 56
271 249 57
271 249 58
272 249 59
272 250 60
272 249 61
272 250 62
272 251 63
271 251 64
270 251 65
269 251 66
268 252 67
269 252 68
270 253 69
271 253 70
272 252 71
272 252 72
272 251 73
272 250 74
272 250 75
272 250 76
273 250 77
273 250 78
273 250 79
273 250 80
273 250 81
273 250 82
273 251 83
273 251 84
273 251 85
273 251 86
273 251 87
273 251 88
273 250 89
273 250 90
273 250 91
273 250 92
274 249 93
273 250 94
274 251 95
274 251 96
274 252 97
274 252 98
275 251 99
275 252 100
275 252 101
275 253 102
275 253 103
274 253 104
275 254 105
276 254 106
275 254 107
275 254 108
274 254 109
275 255 110
275 255 111
276 255 112
277 255 113
277 254 114
276 255 115
275 256 116
275 257 117
275 257 118
274 258 119
275 259 120
276 260 121
276 261 122
276 261 123
275 262 124
274 262 125
275 263 126
275 263 127
275 263 128
275 264 129
275 265 130
275 265 131
276 266 132
275 266 133
276 267 134
276 267 135
276 268 136
275 268 137
275 268 138
276 269 139
276 269 140
276 270 141
276 270 142
277 271 143
277 271 144
276 271 145
276 272 146
277 272 147
277 273 148
277 273 149
277 273 150
276 274 151
277 274 152
277 275 153
277 275 154
277 276 155
277 276 156
277 277 157
277 278 158
277 279 159
277 280 160
278 280 161
278 281 162
278 282 163
278 283 164
278 284 165
278 285 166
278 285 167
278 286 168
278 287 169
278 287 170
278 287 171
278 288 172
278 288 173
278 289 174
278 290 175
278 290 176
278 291 177
278 291 178
279 292 179
279 293 180
279 294 181
279 295 182
280 296 183
279 297 183
279 298 184
279 299 185
279 300 186
279 301 186
279 302 187
279 303 188
280 304 188
280 305 189
280 306 190
280 307 190
280 308 191
279 308 192
279 309 193
279 310 194
280 311 194
280 312 195
280 313 196
280 313 197
280 314 198
281 315 199
281 316 200
281 317 200
281 318 200
280 319 201
279 319 200
278 319 200
277 319 201
276 319 201
275 320 201
275 321 201
275 322 201
276 323 202
191
269 246 25
269 246 26
269 246 27
269 246 28
269 246 29
269 245 30
269 246 31
268 246 32
268 246 33
269 247 34
268 246 35
269 247 36
270 246 37
270 247 38
270 248 39
270 248 40
270 248 41
270 248 42
270 248 43
270 247 44
269 247 45
269 247 46
270 248 47
270 248 48
269 249 49
269 250 50
270 250 51
270 249 52
271 249 53
271 249 54
271 249 55
271 249 56
271 249 57
271 249 58
272 249 59
272 250 60
272 249 61
272 250 62
272 251 63
271 251 64
270 251 65
269 251 66
268 252 67
269 252 68
270 253 69
271 253 70
272 252 71
272 252 72
272 251 73
272 250 74
272 250 75
272 250 76
273 250 77
273 250 78
273 250 79
273 250 80
273 250 81
273 250 82
273 251 83
273 251 84
273 251 85
273 251 86
273 251 87
273 251 88
273 250 89
273 250 90
273 250 91
273 250 92
274 249 93
273 250 94
274 251 95
274 251 96
274 252 97
274 252 98
275 251 99
275 252 100
275 252 101
275 253 102
275 253 103
274 253 104
275 254 105
276 254 106
275 254 107
275 254 108
274 254 109
275 255 110
275 255 111
276 255 112
277 255 113
277 254 114
276 255 115
275 256 116
275 257 117
275 257 118
274 258 119
275 259 120
276 260 121
276 261 122
276 261 123
275 262 124
274 262 125
275 263 126
275 263 127
275 263 128
275 264 129
275 265 130
275 265 131
276 266 132
275 266 133
276 267 134
276 267 135
276 268 136
275 268 137
275 268 138
276 269 139
276 269 140
276 270 141
276 270 142
277 271 143
277 271 144
276 271 145
276 272 146
277 272 147
277 273 148
277 273 149
277 273 150
276 274 151
277 274 152
277 275 153
277 275 154
277 276 155
277 276 156
277 277 157
277 278 158
277 279 159
277 280 160
278 280 161
278 281 162
278 282 163
278 283 164
278 284 165
278 285 166
278 285 167
278 286 168
278 287 169
278 287 170
278 287 171
278 288 172
278 288 173
278 289 174
278 290 175
278 290 176
278 291 177
278 291 178
279 292 179
279 293 180
279 294 181
279 295 182
280 296 183
279 297 183
279 298 184
279 299 185
279 300 186
279 301 186
279 302 187
279 303 188
280 304 188
280 305 189
280 306 190
280 307 190
280 308 191
279 308 192
279 309 193
279 310 194
280 311 194
280 312 195
280 313 196
280 313 197
280 314 198
281 315 199
281 316 200
281 317 200
281 318 200
280 319 201
280 320 201
280 321 202
280 322 202
280 323 203
279 324 203
278 324 203
277 324 203
162
269 246 25
269 246 26
269 246 27
269 246 28
269 246 29
269 245 30
269 246 31
268 246 32
268 246 33
269 247 34
268 246 35
269 247 36
270 246 37
270 247 38
270 248 39
270 248 40
270 248 41
270 248 42
270 248 43
270 247 44
269 247 45
269 247 46
270 248 47
270 248 48
269 249 49
269 250 50
270 250 51
270 249 52
271 249 53
271 249 54
271 249 55
271 249 56
271 249 57
271 249 58
272 249 59
272 250 60
272 249 61
272 250 62
272 251 63
271 251 64
270 251 65
269 251 66
268 252 67
269 252 68
270 253 69
271 253 70
272 252 71
272 252 72
272 251 73
272 250 74
272 250 75
272 250 76
273 250 77
273 250 78
273 250 79
273 250 80
273 250 81
273 250 82
273 251 83
273 251 84
273 251 85
273 251 86
273 251 87
273 251 88
273 250 89
273 250 90
273 250 91
273 250 92
274 249 93
273 250 94
274 251 95
274 251 96
274 252 97
274 252 98
275 251 99
275 252 100
275 252 101
275 253 102
275 253 103
274 253 104
275 254 105
276 254 106
275 254 107
275 254 108
274 254 109
275 255 110
275 255 111
276 255 112
277 255 113
277 254 114
276 255 115
275 256 116
275 257 117
275 257 118
274 258 119
274 257 120
274 257 121
274 256 122
273 256 123
273 256 124
274 256 125
275 255 126
275 254 127
276 255 128
276 255 129
276 255 130
276 254 131
276 254 132
276 254 133
276 254 134
276 254 135
276 254 136
276 254 137
276 254 138
276 254 139
277 254 140
277 254 141
277 254 142
278 254 143
278 254 144
278 254 145
278 254 146
278 254 147
278 254 148
278 254 149
277 254 150
277 254 151
277 254 152
277 254 153
277 254 154
277 254 155
277 254 156
277 255 157
277 254 158
277 254 159
277 254 160
278 254 161
278 255 162
278 255 163
278 255 164
278 254 165
278 255 166
278 255 167
277 256 168
277 257 169
277 257 170
278 258 171
277 258 172
277 259 173
277 260 174
278 261 174
279 261 174
280 261 175
280 261 176
281 261 177
281 261 178
281 261 179
282 262 180
282 262 181
283 263 182
282 263 183
282 263 184
154
269 246 25
269 246 26
269 246 27
269 246 28
269 246 29
269 245 30
269 246 31
268 246 32
268 246 33
269 247 34
268 246 35
269 247 36
270 246 37
270 247 38
270 248 39
270 248 40
270 248 41
270 248 42
270 248 43
270 247 44
269 247 45
269 247 46
270 248 47
270 248 48
269 249 49
269 250 50
270 250 51
270 249 52
271 249 53
271 249 54
271 249 55
271 249 56
271 249 57
271 249 58
272 249 59
272 250 60
272 249 61
272 250 62
272 251 63
271 251 64
270 251 65
269 251 66
268 252 67
269 252 68
270 253 69
271 253 70
272 252 71
272 252 72
272 251 73
272 250 74
272 250 75
272 250 76
273 250 77
273 250 78
273 250 79
273 250 80
273 250 81
273 250 82
273 251 83
273 251 84
273 251 85
273 251 86
273 251 87
273 251 88
273 250 89
273 250 90
273 250 91
273 250 92
274 249 93
273 250 94
274 251 95
274 251 96
274 252 97
274 252 98
275 251 99
275 252 100
275 252 101
275 253 102
275 253 103
274 253 104
275 254 105
276 254 106
275 254 107
275 254 108
274 254 109
275 255 110
275 255 111
276 255 112
277 255 113
277 254 114
276 255 115
275 256 116
275 257 117
275 257 118
274 258 119
274 257 120
274 257 121
274 256 122
273 256 123
273 256 124
274 256 125
275 255 126
275 254 127
276 255 128
276 255 129
276 255 130
276 254 131
276 254 132
276 254 133
276 254 134
276 254 135
276 254 136
276 254 137
276 254 138
276 254 139
277 254 140
277 254 141
277 254 142
278 254 143
278 254 144
278 254 145
278 254 146
278 254 147
278 254 148
278 254 149
277 254 150
277 254 151
277 254 152
277 254 153
277 254 154
277 254 155
277 254 156
277 255 157
277 254 158
277 254 159
277 254 160
278 254 161
278 255 162
278 255 163
278 255 164
278 254 165
278 253 165
278 252 166
279 252 167
279 253 168
280 253 169
280 252 170
280 252 171
280 252 172
281 252 173
281 252 174
282 251 175
282 251 176
283 251 177
142
269 246 25
269 246 26
269 246 27
269 246 28
269 246 29
269 245 30
269 246 31
268 246 32
268 246 33
269 247 34
268 246 35
269 247 36
270 246 37
270 247 38
270 248 39
270 248 40
270 248 41
270 248 42
270 248 43
270 247 44
269 247 45
269 247 46
270 248 47
270 248 48
269 249 49
269 250 50
270 250 51
270 249 52
271 249 53
271 249 54
271 249 55
271 249 56
271 249 57
271 249 58
272 249 59
272 250 60
272 249 61
272 250 62
272 251 63
271 252 63
270 253 64
269 254 65
270 255 66
271 256 66
271 257 67
270 258 68
271 259 67
271 260 68
272 261 69
272 262 70
273 263 71
273 264 72
273 265 73
273 266 74
273 267 75
274 267 76
274 268 77
274 269 78
274 270 78
274 271 79
274 272 80
274 273 81
274 274 82
274 275 83
275 276 83
275 277 84
276 278 85
276 279 86
277 280 87
276 281 87
277 282 88
277 283 89
278 284 90
277 285 90
277 286 91
278 287 92
279 288 93
279 289 93
279 290 94
279 291 95
278 292 95
279 293 96
279 294 97
280 295 98
279 296 98
280 297 99
280 298 100
280 299 100
280 300 101
281 301 102
281 302 102
281 303 103
281 304 103
282 305 104
282 306 104
283 307 105
283 308 105
284 309 106
284 310 106
284 311 107
285 312 107
285 313 107
286 314 107
287 315 108
287 316 109
287 317 110
287 318 111
288 319 110
288 320 111
288 321 111
289 322 111
289 323 111
289 324 112
290 325 112
290 326 112
291 327 113
292 328 114
293 329 114
294 330 114
294 331 114
294 332 114
294 333 114
294 334 115
295 335 114
296 336 114
296 337 115
296 338 115
297 339 115
297 340 115
296 341 116
297 342 116
298 343 117
298 344 117
298 345 117
299 346 118
300 347 118
301 348 118
300 349 118
301 350 118
304 359 119
304 360 120
305 361 120
140
269 246 25
269 246 26
269 246 27
269 246 28
269 246 29
269 245 30
269 246 31
268 246 32
268 246 33
269 247 34
268 246 35
269 247 36
270 246 37
270 247 38
270 248 39
270 248 40
270 248 41
270 248 42
270 248 43
270 247 44
269 247 45
269 247 46
270 248 47
270 248 48
269 249 49
269 250 50
270 250 51
270 249 52
271 249 53
271 249 54
271 249 55
271 249 56
271 249 57
271 249 58
272 249 59
272 250 60
272 249 61
272 250 62
272 251 63
271 252 63
270 253 64
269 254 65
270 255 66
271 256 66
271 257 67
270 258 68
271 259 67
271 260 68
272 261 69
272 262 70
273 263 71
273 264 72
273 265 73
273 266 74
273 267 75
274 267 76
274 268 77
274 269 78
274 270 78
274 271 79
274 272 80
274 273 81
274 274 82
274 275 83
275 276 83
275 277 84
276 278 85
276 279 86
277 280 87
276 281 87
277 282 88
277 283 89
278 284 90
277 285 90
277 286 91
278 287 92
279 288 93
279 289 93
279 290 94
279 291 95
278 292 95
279 293 96
279 294 97
280 295 98
279 296 98
280 297 99
280 298 100
280 299 100
280 300 101
281 301 102
281 302 102
281 303 103
281 304 103
282 305 104
282 306 104
283 307 105
283 308 105
284 309 106
284 310 106
284 311 107
285 312 107
285 313 107
286 314 107
287 315 108
287 316 109
287 317 110
287 318 111
288 319 110
288 320 111
288 321 111
289 322 111
289 323 111
289 324 112
290 325 112
290 326 112
291 327 113
292 328 114
293 329 114
294 330 114
294 331 114
294 332 114
294 333 114
294 334 115
295 335 114
296 336 114
296 337 115
296 338 115
297 339 115
297 340 115
296 341 116
297 342 116
298 343 117
298 344 117
298 345 117
299 346 118
300 347 118
301 348 118
300 349 118
301 350 118
304 359 119
139
269 246 25
269 246 26
269 246 27
269 246 28
269 246 29
269 245 30
269 246 31
268 246 32
268 246 33
269 247 34
268 246 35
269 247 36
270 246 37
270 247 38
270 248 39
270 248 40
270 248 41
270 248 42
270 248 43
270 247 44
269 247 45
269 247 46
270 248 47
270 248 48
269 249 49
269 250 50
270 250 51
270 249 52
271 249 53
271 249 54
271 249 55
271 249 56
271 249 57
271 249 58
272 249 59
272 250 60
272 249 61
272 250 62
272 251 63
271 252 63
270 253 64
269 254 65
270 255 66
271 256 66
271 257 67
270 258 68
271 259 67
271 260 68
272 261 69
272 262 70
273 263 71
273 264 72
273 265 73
273 266 74
273 267 75
274 267 76
274 268 77
274 269 78
274 270 78
274 271 79
274 272 80
274 273 81
274 274 82
274 275 83
275 276 83
275 277 84
276 278 85
276 279 86
277 280 87
276 281 87
277 282 88
277 283 89
278 284 90
277 285 90
277 286 91
278 287 92
279 288 93
279 289 93
279 290 94
279 291 95
278 292 95
279 293 96
279 294 97
280 295 98
279 296 98
280 297 99
280 298 100
280 299 100
280 300 101
281 301 102
281 302 102
281 303 103
281 304 103
282 305 104
282 306 104
283 307 105
283 308 105
284 309 106
284 310 106
284 311 107
285 312 107
285 313 107
286 314 107
287 315 108
287 316 109
287 317 110
287 318 111
288 319 110
288 320 111
288 321 111
289 322 111
289 323 111
289 324 112
290 325 112
290 326 112
291 327 113
292 328 114
293 329 114
294 330 114
294 331 114
294 332 114
294 333 114
294 334 115
295 335 114
296 336 114
296 337 115
296 338 115
297 339 115
297 340 115
296 341 116
297 342 116
298 343 117
298 344 117
298 345 117
299 346 118
300 347 118
301 348 118
300 349 118
301 350 118
118
269 246 25
269 246 26
269 246 27
269 246 28
269 246 29
269 245 30
269 246 31
268 246 32
268 246 33
269 247 34
268 246 35
269 247 36
270 246 37
270 247 38
270 248 39
270 248 40
270 248 41
270 248 42
270 248 43
270 247 44
269 247 45
269 247 46
270 248 47
270 248 48
269 249 49
269 250 50
270 250 51
270 249 52
271 249 53
271 249 54
271 249 55
271 249 56
271 249 57
271 249 58
272 249 59
272 250 60
272 249 61
272 250 62
272 251 63
271 251 64
270 251 65
269 251 66
268 252 67
269 252 68
270 253 69
271 253 70
272 252 71
272 252 72
272 251 73
272 250 74
272 250 75
272 250 76
273 250 77
273 250 78
273 250 79
273 250 80
273 250 81
273 250 82
273 251 83
273 251 84
273 251 85
273 251 86
273 251 87
273 251 88
273 250 89
273 250 90
273 250 91
273 250 92
274 249 93
275 248 94
275 247 94
275 246 95
274 246 96
274 246 97
274 245 98
274 245 99
273 245 100
274 244 101
274 244 102
274 244 103
275 243 104
276 243 105
275 242 106
275 242 107
275 241 108
275 240 109
274 239 110
274 238 111
273 237 112
273 236 113
273 235 114
273 234 115
273 234 116
274 233 117
273 232 118
274 231 119
273 231 120
273 230 121
273 229 122
272 228 123
272 227 124
273 226 124
272 225 124
272 224 125
272 223 126
272 222 126
272 221 126
271 220 127
271 219 128
271 218 128
270 217 129
270 216 130
270 215 131
270 214 132
270 213 133
269 212 134
269 211 134
269 205 140
118
269 246 25
269 246 26
269 246 27
269 246 28
269 246 29
269 245 30
269 246 31
268 246 32
268 246 33
269 247 34
268 246 35
269 247 36
270 246 37
270 247 38
270 248 39
270 248 40
270 248 41
270 248 42
270 248 43
270 247 44
269 247 45
269 247 46
270 248 47
270 248 48
269 249 49
269 250 50
270 250 51
270 249 52
271 249 53
271 249 54
271 249 55
271 249 56
271 249 57
271 249 58
272 249 59
272 250 60
272 249 61
272 250 62
272 251 63
271 252 63
270 253 64
269 254 65
270 255 66
271 256 66
271 257 67
270 258 68
271 259 67
271 260 68
272 261 69
272 262 70
273 263 71
273 264 72
273 265 73
273 266 74
273 267 75
274 267 76
274 268 77
274 269 78
274 270 78
274 271 79
274 272 80
274 273 81
274 274 82
274 275 83
275 276 83
275 277 84
276 278 85
276 279 86
277 280 87
276 281 87
277 282 88
277 283 89
278 284 90
277 285 90
277 286 91
278 287 92
279 288 93
279 289 93
279 290 94
279 291 95
278 292 95
279 293 96
279 294 97
280 295 98
279 296 98
280 297 99
280 298 100
280 299 100
280 300 101
281 301 102
281 302 102
281 303 103
281 304 103
282 305 104
282 306 104
283 307 105
283 308 105
284 309 106
284 310 106
284 311 107
285 312 107
285 313 107
286 314 107
287 315 108
287 316 109
287 317 110
287 318 111
288 319 110
288 320 111
288 321 111
289 322 111
289 323 111
289 324 112
290 325 112
290 326 112
289 327 112
289 328 112
289 329 112
117
269 246 25
269 246 26
269 246 27
269 246 28
269 246 29
269 245 30
269 246 31
268 246 32
268 246 33
269 247 34
268 246 35
269 247 36
270 246 37
270 247 38
270 248 39
270 248 40
270 248 41
270 248 42
270 248 43
270 247 44
269 247 45
269 247 46
270 248 47
270 248 48
269 249 49
269 250 50
270 250 51
270 249 52
271 249 53
271 249 54
271 249 55
271 249 56
271 249 57
271 249 58
272 249 59
272 250 60
272 249 61
272 250 62
272 251 63
271 251 64
270 251 65
269 251 66
268 252 67
269 252 68
270 253 69
271 253 70
272 252 71
272 252 72
272 251 73
272 250 74
272 250 75
272 250 76
273 250 77
273 250 78
273 250 79
273 250 80
273 250 81
273 250 82
273 251 83
273 251 84
273 251 85
273 251 86
273 251 87
273 251 88
273 250 89
273 250 90
273 250 91
273 250 92
274 249 93
275 248 94
275 247 94
275 246 95
274 246 96
274 246 97
274 245 98
274 245 99
273 245 100
274 244 101
274 244 102
274 244 103
275 243 104
276 243 105
275 242 106
275 242 107
275 241 108
275 240 109
274 239 110
274 238 111
273 237 112
273 236 113
273 235 114
273 234 115
273 234 116
274 233 117
273 232 118
274 231 119
273 231 120
273 230 121
273 229 122
272 228 123
272 227 124
273 226 124
272 225 124
272 224 125
272 223 126
272 222 126
272 221 126
271 220 127
271 219 128
271 218 128
270 217 129
270 216 130
270 215 131
270 214 132
270 213 133
269 212 134
269 211 134
107
269 246 25
269 246 26
269 246 27
269 246 28
269 246 29
269 245 30
269 246 31
268 246 32
268 246 33
269 247 34
268 246 35
269 247 36
270 246 37
270 247 38
270 248 39
270 248 40
270 248 41
270 248 42
270 248 43
270 247 44
269 247 45
269 247 46
270 248 47
270 248 48
269 249 49
269 250 50
270 250 51
270 249 52
271 249 53
271 249 54
271 249 55
271 249 56
271 249 57
271 249 58
272 249 59
272 250 60
272 249 61
272 250 62
272 251 63
271 251 64
270 251 65
269 251 66
268 252 67
269 252 68
270 253 69
271 253 70
272 252 71
272 252 72
272 251 73
272 250 74
272 250 75
272 250 76
273 250 77
273 250 78
273 250 79
273 250 80
273 250 81
273 250 82
273 251 83
273 251 84
273 251 85
273 251 86
273 251 87
273 251 88
273 250 89
273 250 90
273 250 91
273 250 92
274 249 93
273 250 94
274 251 95
274 251 96
274 252 97
274 252 98
275 251 99
275 252 100
275 252 101
275 253 102
275 253 103
274 253 104
275 254 105
276 254 106
275 254 107
275 254 108
274 254 109
275 255 110
275 255 111
276 255 112
277 255 113
277 254 114
276 255 115
275 256 116
275 257 117
275 257 118
274 258 119
275 259 120
276 260 121
277 260 121
278 260 122
279 260 123
280 260 124
280 259 125
280 259 126
280 259 127
281 259 128
281 259 129
281 259 130
106
269 246 25
269 246 26
269 246 27
269 246 28
269 246 29
269 245 30
269 246 31
268 246 32
268 246 33
269 247 34
268 246 35
269 247 36
270 246 37
270 247 38
270 248 39
270 248 40
270 248 41
270 248 42
270 248 43
270 247 44
269 247 45
269 247 46
270 248 47
270 248 48
269 249 49
269 250 50
270 250 51
270 249 52
271 249 53
271 249 54
271 249 55
271 249 56
271 249 57
271 249 58
272 249 59
272 250 60
272 249 61
272 250 62
272 251 63
271 251 64
270 251 65
269 251 66
268 252 67
269 252 68
270 253 69
271 253 70
272 252 71
272 252 72
272 251 73
272 250 74
272 250 75
272 250 76
273 250 77
273 250 78
273 250 79
273 250 80
273 250 81
273 250 82
273 251 83
273 251 84
273 251 85
273 251 86
273 251 87
273 251 88
273 250 89
273 250 90
273 250 91
273 250 92
274 249 93
273 250 94
274 251 95
274 251 96
274 252 97
274 252 98
275 251 99
275 252 100
275 252 101
275 253 102
275 253 103
274 253 104
275 254 105
276 254 106
275 254 107
275 254 108
274 254 109
275 255 110
275 255 111
276 255 112
277 255 113
277 254 114
276 255 115
275 256 116
275 257 117
275 257 118
274 258 119
274 257 120
274 257 121
274 256 122
273 256 123
272 256 124
271 257 125
270 258 126
270 259 127
270 259 128
269 259 129
268 260 130
104
269 246 25
269 246 26
269 246 27
269 246 28
269 246 29
269 245 30
269 246 31
268 246 32
268 246 33
269 247 34
268 246 35
269 247 36
270 246 37
270 247 38
270 248 39
270 248 40
270 248 41
270 248 42
270 248 43
270 247 44
269 247 45
269 247 46
270 248 47
270 248 48
269 249 49
269 250 50
270 250 51
270 249 52
271 249 53
271 249 54
271 249 55
271 249 56
271 249 57
271 249 58
272 249 59
272 250 60
272 249 61
272 250 62
272 251 63
271 251 64
270 251 65
269 251 66
268 252 67
269 252 68
270 253 69
271 253 70
272 252 71
272 252 72
272 251 73
272 250 74
272 250 75
272 250 76
273 250 77
273 250 78
273 250 79
273 250 80
273 250 81
273 250 82
273 251 83
273 251 84
273 251 85
273 251 86
273 251 87
273 251 88
273 250 89
273 250 90
273 250 91
273 250 92
274 249 93
273 250 94
274 251 95
274 251 96
274 252 97
274 252 98
275 251 99
275 252 100
275 252 101
275 253 102
275 253 103
274 253 104
275 254 105
276 254 106
275 254 107
275 254 108
274 254 109
275 255 110
275 255 111
276 255 112
277 255 113
277 254 114
276 255 115
275 256 116
275 257 117
275 257 118
274 258 119
274 257 120
274 257 121
274 256 122
273 256 123
272 256 124
271 257 125
270 258 126
270 259 127
270 260 126
104
269 246 25
269 246 26
269 246 27
269 246 28
269 246 29
269 245 30
269 246 31
268 246 32
268 246 33
269 247 34
268 246 35
269 247 36
270 246 37
270 247 38
270 248 39
270 248 40
270 248 41
270 248 42
270 248 43
270 247 44
269 247 45
269 247 46
270 248 47
270 248 48
269 249 49
269 250 50
270 250 51
270 249 52
271 249 53
271 249 54
271 249 55
271 249 56
271 249 57
271 249 58
272 249 59
272 250 60
272 249 61
272 250 62
272 251 63
271 251 64
270 251 65
269 251 66
268 252 67
269 252 68
270 253 69
271 253 70
272 252 71
272 252 72
272 251 73
272 250 74
272 250 75
272 250 76
273 250 77
273 250 78
273 250 79
273 250 80
273 250 81
273 250 82
273 251 83
273 251 84
273 251 85
273 251 86
273 251 87
273 251 88
273 250 89
273 250 90
273 250 91
273 250 92
274 249 93
273 250 94
274 251 95
274 251 96
274 252 97
274 252 98
275 251 99
275 252 100
275 252 101
275 253 102
275 253 103
274 253 104
275 254 105
276 254 106
275 254 107
275 254 108
274 254 109
275 255 110
275 255 111
276 255 112
277 255 113
277 254 114
276 255 115
275 256 116
275 257 117
275 257 118
274 258 119
275 259 120
276 260 121
276 261 122
276 261 123
275 262 124
274 262 125
273 262 125
272 262 125
271 261 125
102
269 246 25
269 246 26
269 246 27
269 246 28
269 246 29
269 245 30
269 246 31
268 246 32
268 246 33
269 247 34
268 246 35
269 247 36
270 246 37
270 247 38
270 248 39
270 248 40
270 248 41
270 248 42
270 248 43
270 247 44
269 247 45
269 247 46
270 248 47
270 248 48
269 249 49
269 250 50
270 250 51
270 249 52
271 249 53
271 249 54
271 249 55
271 249 56
271 249 57
271 249 58
272 249 59
272 250 60
272 249 61
272 250 62
272 251 63
271 251 64
270 251 65
269 251 66
268 252 67
269 252 68
270 253 69
271 253 70
272 252 71
272 252 72
272 251 73
272 250 74
272 250 75
272 250 76
273 250 77
273 250 78
273 250 79
273 250 80
273 250 81
273 250 82
273 251 83
273 251 84
273 251 85
273 251 86
273 251 87
273 251 88
273 250 89
273 250 90
273 250 91
273 250 92
274 249 93
273 250 94
274 251 95
274 251 96
274 252 97
274 252 98
275 251 99
275 252 100
275 252 101
275 253 102
275 253 103
274 253 104
275 254 105
276 254 106
275 254 107
275 254 108
274 254 109
275 255 110
275 255 111
276 255 112
277 255 113
277 254 114
276 255 115
275 256 116
275 257 117
275 257 118
274 258 119
274 257 120
274 257 121
274 256 122
273 256 123
273 256 124
274 257 125
275 258 126
101
269 246 25
269 246 26
269 246 27
269 246 28
269 246 29
269 245 30
269 246 31
268 246 32
268 246 33
269 247 34
268 246 35
269 247 36
270 246 37
270 247 38
270 248 39
270 248 40
270 248 41
270 248 42
270 248 43
270 247 44
269 247 45
269 247 46
270 248 47
270 248 48
269 249 49
269 250 50
270 250 51
270 249 52
271 249 53
271 249 54
271 249 55
271 249 56
271 249 57
271 249 58
272 249 59
272 250 60
272 249 61
272 250 62
272 251 63
271 251 64
270 251 65
269 251 66
268 252 67
269 252 68
270 253 69
271 253 70
272 252 71
272 252 72
272 251 73
272 250 74
272 250 75
272 250 76
273 250 77
273 250 78
273 250 79
273 250 80
273 250 81
273 250 82
273 251 83
273 251 84
273 251 85
273 251 86
273 251 87
273 251 88
273 250 89
273 250 90
273 250 91
273 250 92
274 249 93
273 250 94
274 251 95
274 251 96
274 252 97
274 252 98
275 251 99
275 252 100
275 252 101
275 253 102
275 253 103
274 253 104
275 254 105
276 254 106
275 254 107
275 254 108
274 254 109
275 255 110
275 255 111
276 255 112
277 255 113
277 254 114
276 255 115
275 256 116
275 257 117
275 257 118
274 258 119
275 259 120
276 260 121
276 261 122
276 261 123
276 260 124
276 259 125
100
269 246 25
269 246 26
269 246 27
269 246 28
269 246 29
269 245 30
269 246 31
268 246 32
268 246 33
269 247 34
268 246 35
269 247 36
270 246 37
270 247 38
270 248 39
270 248 40
270 248 41
270 248 42
270 248 43
270 247 44
269 247 45
269 247 46
270 248 47
270 248 48
269 249 49
269 250 50
270 250 51
270 249 52
271 249 53
271 249 54
271 249 55
271 249 56
271 249 57
271 249 58
272 249 59
272 250 60
272 249 61
272 250 62
272 251 63
271 251 64
270 251 65
269 251 66
268 252 67
269 252 68
270 253 69
271 253 70
272 252 71
272 252 72
272 251 73
272 250 74
272 250 75
272 250 76
273 250 77
273 250 78
273 250 79
273 250 80
273 250 81
273 250 82
273 251 83
273 251 84
273 251 85
273 251 86
273 251 87
273 251 88
273 250 89
273 250 90
273 250 91
273 250 92
274 249 93
273 250 94
274 251 95
274 251 96
274 252 97
274 252 98
275 251 99
275 252 100
275 252 101
275 253 102
275 253 103
274 253 104
275 254 105
276 254 106
275 254 107
275 254 108
274 254 109
275 255 110
275 255 111
276 255 112
277 255 113
277 254 114
276 255 115
275 256 116
275 257 117
275 257 118
274 258 119
275 259 120
276 260 121
277 260 121
278 259 121
279 258 121
99
269 246 25
269 246 26
269 246 27
269 246 28
269 246 29
269 245 30
269 246 31
268 246 32
268 246 33
269 247 34
268 246 35
269 247 36
270 246 37
270 247 38
270 248 39
270 248 40
270 248 41
270 248 42
270 248 43
270 247 44
269 247 45
269 247 46
270 248 47
270 248 48
269 249 49
269 250 50
270 250 51
270 249 52
271 249 53
271 249 54
271 249 55
271 249 56
271 249 57
271 249 58
272 249 59
272 250 60
272 249 61
272 250 62
272 251 63
271 251 64
270 251 65
269 251 66
268 252 67
269 252 68
270 253 69
271 253 70
272 252 71
272 252 72
272 251 73
272 250 74
272 250 75
272 250 76
273 250 77
273 250 78
273 250 79
273 250 80
273 250 81
273 250 82
273 251 83
273 251 84
273 251 85
273 251 86
273 251 87
273 251 88
273 250 89
273 250 90
273 250 91
273 250 92
274 249 93
273 250 94
274 251 95
274 251 96
274 252 97
274 252 98
275 251 99
275 252 100
275 252 101
275 253 102
275 253 103
274 253 104
275 254 105
276 254 106
275 254 107
275 254 108
274 254 109
275 255 110
275 255 111
276 255 112
277 255 113
277 254 114
278 253 115
279 253 116
279 253 117
280 253 118
280 253 119
280 254 120
281 255 120
281 256 120
280 257 121
98
269 246 25
269 246 26
269 246 27
269 246 28
269 246 29
269 245 30
269 246 31
268 246 32
268 246 33
269 247 34
268 246 35
269 247 36
270 246 37
270 247 38
270 248 39
270 248 40
270 248 41
270 248 42
270 248 43
270 247 44
269 247 45
269 247 46
270 248 47
270 248 48
269 249 49
269 250 50
270 250 51
270 249 52
271 249 53
271 249 54
271 249 55
271 249 56
271 249 57
271 249 58
272 249 59
272 250 60
272 249 61
272 250 62
272 251 63
271 251 64
270 251 65
269 251 66
268 252 67
269 252 68
270 253 69
271 253 70
272 252 71
272 252 72
272 251 73
272 250 74
272 250 75
272 250 76
273 250 77
273 250 78
273 250 79
273 250 80
273 250 81
273 250 82
273 251 83
273 251 84
273 251 85
273 251 86
273 251 87
273 251 88
273 250 89
273 250 90
273 250 91
273 250 92
274 249 93
273 250 94
274 251 95
274 251 96
274 252 97
274 252 98
275 251 99
275 252 100
275 252 101
275 253 102
275 253 103
274 253 104
275 254 105
276 254 106
275 254 107
275 254 108
274 254 109
275 255 110
275 255 111
276 255 112
277 255 113
277 254 114
278 253 115
279 253 116
279 253 117
280 253 118
280 253 119
280 254 120
280 253 121
280 253 122
89
269 246 25
269 246 26
269 246 27
269 246 28
269 246 29
269 245 30
269 246 31
268 246 32
268 246 33
269 247 34
268 246 35
269 247 36
270 246 37
270 247 38
270 248 39
270 248 40
270 248 41
270 248 42
270 248 43
270 247 44
269 247 45
269 247 46
270 248 47
270 248 48
269 249 49
269 250 50
270 250 51
270 249 52
271 249 53
271 249 54
271 249 55
271 249 56
271 249 57
271 249 58
272 249 59
272 250 60
272 249 61
272 250 62
272 251 63
271 251 64
270 251 65
269 251 66
268 252 67
269 252 68
270 253 69
271 253 70
272 252 71
272 252 72
272 251 73
272 250 74
272 250 75
272 250 76
273 250 77
273 250 78
273 250 79
273 250 80
273 250 81
273 250 82
273 251 83
273 251 84
273 251 85
273 251 86
273 251 87
273 251 88
273 250 89
273 250 90
273 250 91
273 250 92
274 249 93
273 250 94
274 251 95
274 251 96
274 252 97
274 252 98
275 251 99
275 252 100
275 252 101
275 253 102
275 253 103
274 253 104
275 254 105
276 254 106
275 254 107
275 254 108
274 254 109
273 255 109
272 255 109
271 255 109
270 254 109
88
269 246 25
269 246 26
269 246 27
269 246 28
269 246 29
269 245 30
269 246 31
268 246 32
268 246 33
269 247 34
268 246 35
269 247 36
270 246 37
270 247 38
270 248 39
270 248 40
270 248 41
270 248 42
270 248 43
270 247 44
269 247 45
269 247 46
270 248 47
270 248 48
269 249 49
269 250 50
270 250 51
270 249 52
271 249 53
271 249 54
271 249 55
271 249 56
271 249 57
271 249 58
272 249 59
272 250 60
272 249 61
272 250 62
272 251 63
271 251 64
270 251 65
269 251 66
268 252 67
269 252 68
270 253 69
271 253 70
272 252 71
272 252 72
272 251 73
272 250 74
272 250 75
272 250 76
273 250 77
273 250 78
273 250 79
273 250 80
273 250 81
273 250 82
273 251 83
273 251 84
273 251 85
273 251 86
273 251 87
273 251 88
273 250 89
273 250 90
273 250 91
273 250 92
274 249 93
273 250 94
274 251 95
274 251 96
274 252 97
274 252 98
275 251 99
275 252 100
275 252 101
275 253 102
275 253 103
276 253 104
277 252 103
278 251 102
279 250 102
280 250 103
280 250 104
281 249 105
282 249 106
283 248 107
86
269 246 25
269 246 26
269 246 27
269 246 28
269 246 29
269 245 30
269 246 31
268 246 32
268 246 33
269 247 34
268 246 35
269 247 36
270 246 37
270 247 38
270 248 39
270 248 40
270 248 41
270 248 42
270 248 43
270 247 44
269 247 45
269 247 46
270 248 47
270 248 48
269 249 49
269 250 50
270 250 51
270 249 52
271 249 53
271 249 54
271 249 55
271 249 56
271 249 57
271 249 58
272 249 59
272 250 60
272 249 61
272 250 62
272 251 63
271 251 64
270 251 65
269 251 66
268 252 67
269 252 68
270 253 69
271 253 70
272 252 71
272 252 72
272 251 73
272 250 74
272 250 75
272 250 76
273 250 77
273 250 78
273 250 79
273 250 80
273 250 81
273 250 82
273 251 83
273 251 84
273 251 85
273 251 86
273 251 87
273 251 88
273 250 89
273 250 90
273 250 91
273 250 92
274 249 93
273 250 94
274 251 95
274 251 96
274 252 97
274 252 98
275 251 99
275 252 100
275 252 101
275 253 102
275 253 103
274 253 104
273 253 103
272 253 103
271 253 104
270 253 103
269 252 103
268 252 104
84
269 246 25
269 246 26
269 246 27
269 246 28
269 246 29
269 245 30
269 246 31
268 246 32
268 246 33
269 247 34
268 246 35
269 247 36
270 246 37
270 247 38
270 248 39
270 248 40
270 248 41
270 248 42
270 248 43
270 247 44
269 247 45
269 247 46
270 248 47
270 248 48
269 249 49
269 250 50
270 250 51
270 249 52
271 249 53
271 249 54
271 249 55
271 249 56
271 249 57
271 249 58
272 249 59
272 250 60
272 249 61
272 248 61
271 247 61
272 246 62
272 245 62
272 244 63
271 243 64
272 242 65
271 242 66
270 242 67
270 242 68
270 242 69
270 241 70
270 241 71
269 241 72
269 241 73
269 240 74
269 240 75
269 240 76
269 240 77
268 239 78
269 239 79
269 239 80
268 238 81
268 238 82
268 237 83
268 237 84
268 236 85
268 236 86
268 235 87
268 235 88
268 235 89
268 234 90
268 233 91
267 233 92
267 232 93
266 232 94
266 231 95
266 230 96
267 229 97
267 228 98
267 228 99
266 228 100
266 227 101
266 226 102
266 225 103
266 224 104
262 222 106
83
269 246 25
269 246 26
269 246 27
269 246 28
269 246 29
269 245 30
269 246 31
268 246 32
268 246 33
269 247 34
268 246 35
269 247 36
270 246 37
270 247 38
270 248 39
270 248 40
270 248 41
270 248 42
270 248 43
270 247 44
269 247 45
269 247 46
270 248 47
270 248 48
269 249 49
269 250 50
270 250 51
270 249 52
271 249 53
271 249 54
271 249 55
271 249 56
271 249 57
271 249 58
272 249 59
272 250 60
272 249 61
272 248 61
271 247 61
272 246 62
272 245 62
272 244 63
271 243 64
272 242 65
271 242 66
270 242 67
270 242 68
270 242 69
270 241 70
270 241 71
269 241 72
269 241 73
269 240 74
269 240 75
269 240 76
269 240 77
268 239 78
269 239 79
269 239 80
268 238 81
268 238 82
268 237 83
268 237 84
268 236 85
268 236 86
268 235 87
268 235 88
268 235 89
268 234 90
268 233 91
267 233 92
267 232 93
266 232 94
266 231 95
266 230 96
267 229 97
267 228 98
267 228 99
266 228 100
266 227 101
266 226 102
266 225 103
266 224 104
80
269 246 25
269 246 26
269 246 27
269 246 28
269 246 29
269 245 30
269 246 31
268 246 32
268 246 33
269 247 34
268 246 35
269 247 36
270 246 37
270 247 38
270 248 39
270 248 40
270 248 41
270 248 42
270 248 43
270 247 44
269 247 45
269 247 46
270 248 47
270 248 48
269 249 49
269 250 50
270 250 51
270 249 52
271 249 53
271 249 54
271 249 55
271 249 56
271 249 57
271 249 58
272 249 59
272 250 60
272 249 61
272 250 62
272 251 63
271 251 64
270 251 65
269 251 66
268 252 67
269 252 68
270 253 69
271 253 70
272 252 71
272 252 72
272 251 73
272 250 74
272 250 75
272 250 76
273 250 77
273 250 78
273 250 79
273 250 80
273 250 81
273 250 82
273 251 83
273 251 84
273 251 85
273 251 86
273 251 87
273 251 88
273 250 89
273 250 90
273 250 91
273 250 92
274 249 93
273 250 94
272 251 95
271 252 95
270 252 96
269 251 97
268 251 98
267 250 99
267 249 99
268 248 99
269 247 99
270 246 99
79
269 246 25
269 246 26
269 246 27
269 246 28
269 246 29
269 245 30
269 246 31
268 246 32
268 246 33
269 247 34
268 246 35
269 247 36
270 246 37
270 247 38
270 248 39
270 248 40
270 248 41
270 248 42
270 248 43
270 247 44
269 247 45
269 247 46
270 248 47
270 248 48
269 249 49
269 250 50
270 250 51
270 249 52
271 249 53
271 249 54
271 249 55
271 249 56
271 249 57
271 249 58
272 249 59
272 250 60
272 249 61
272 250 62
272 251 63
271 251 64
270 251 65
269 251 66
268 252 67
269 252 68
270 253 69
271 253 70
272 252 71
272 252 72
272 251 73
272 250 74
272 250 75
272 250 76
273 250 77
273 250 78
273 250 79
273 250 80
273 250 81
273 250 82
273 251 83
273 251 84
273 251 85
273 251 86
273 251 87
273 251 88
273 250 89
273 250 90
273 250 91
273 250 92
274 249 93
275 248 94
275 247 94
275 246 95
274 246 96
274 246 97
274 245 98
274 245 99
273 245 100
272 246 100
271 246 100
53
269 246 25
269 246 26
269 246 27
269 246 28
269 246 29
269 245 30
269 246 31
268 246 32
268 246 33
269 247 34
268 246 35
269 247 36
270 246 37
270 247 38
270 248 39
270 248 40
270 248 41
270 248 42
270 248 43
270 247 44
269 247 45
269 247 46
270 248 47
270 248 48
269 249 49
269 250 50
270 250 51
270 249 52
271 249 53
271 249 54
271 249 55
271 249 56
271 249 57
271 249 58
272 249 59
272 250 60
272 249 61
272 250 62
272 251 63
271 251 64
270 251 65
269 251 66
268 252 67
267 253 68
268 253 69
269 253 70
270 254 71
271 255 72
272 254 72
273 255 73
274 256 73
273 257 73
273 258 72
53
269 246 25
269 246 26
269 246 27
269 246 28
269 246 29
269 245 30
269 246 31
268 246 32
268 246 33
269 247 34
268 246 35
269 247 36
270 246 37
270 247 38
270 248 39
270 248 40
270 248 41
270 248 42
270 248 43
270 247 44
269 247 45
269 247 46
270 248 47
270 248 48
269 249 49
269 250 50
270 250 51
270 249 52
271 249 53
271 249 54
271 249 55
271 249 56
271 249 57
271 249 58
272 249 59
272 250 60
272 249 61
272 250 62
272 251 63
271 251 64
270 251 65
269 251 66
268 252 67
267 253 68
268 253 69
269 253 70
270 254 71
271 255 72
272 254 72
273 255 73
274 256 73
275 257 72
275 258 73
50
269 246 25
269 246 26
269 246 27
269 246 28
269 246 29
269 245 30
269 246 31
268 246 32
268 246 33
269 247 34
268 246 35
269 247 36
270 246 37
270 247 38
270 248 39
270 248 40
270 248 41
270 248 42
270 248 43
270 247 44
269 247 45
269 247 46
270 248 47
270 248 48
269 249 49
269 250 50
270 250 51
270 249 52
271 249 53
271 249 54
271 249 55
271 249 56
271 249 57
271 249 58
272 249 59
272 250 60
272 249 61
272 250 62
272 251 63
271 251 64
271 252 65
270 253 66
269 254 67
268 255 68
268 256 69
269 257 70
268 258 71
269 258 72
269 257 73
270 258 74
50
269 246 25
269 246 26
269 246 27
269 246 28
269 246 29
269 245 30
269 246 31
268 246 32
268 246 33
269 247 34
268 246 35
269 247 36
270 246 37
270 247 38
270 248 39
270 248 40
270 248 41
270 248 42
270 248 43
270 247 44
269 247 45
269 247 46
270 248 47
270 248 48
269 249 49
269 250 50
270 250 51
270 249 52
271 249 53
271 249 54
271 249 55
271 249 56
271 249 57
271 249 58
272 249 59
272 250 60
272 249 61
272 250 62
272 251 63
271 251 64
271 252 65
270 253 66
269 254 67
268 255 68
268 256 69
269 257 70
268 258 71
269 258 72
269 257 73
270 256 74
49
269 246 25
269 246 26
269 246 27
269 246 28
269 246 29
269 245 30
269 246 31
268 246 32
268 246 33
269 247 34
268 246 35
269 247 36
270 246 37
270 247 38
270 248 39
270 248 40
270 248 41
270 248 42
270 248 43
270 247 44
269 247 45
269 247 46
270 248 47
270 248 48
269 249 49
269 250 50
270 250 51
270 249 52
271 249 53
271 249 54
271 249 55
271 249 56
271 249 57
271 249 58
272 249 59
272 250 60
272 249 61
272 250 62
272 251 63
271 252 63
270 253 64
269 254 65
270 255 66
271 256 66
271 257 67
270 258 68
269 259 69
269 260 70
269 261 71
49
269 246 25
269 246 26
269 246 27
269 246 28
269 246 29
269 245 30
269 246 31
268 246 32
268 246 33
269 247 34
268 246 35
269 247 36
270 246 37
270 247 38
270 248 39
270 248 40
270 248 41
270 248 42
270 248 43
270 247 44
269 247 45
269 247 46
270 248 47
270 248 48
269 249 49
269 250 50
270 250 51
270 249 52
271 249 53
271 249 54
271 249 55
271 249 56
271 249 57
271 249 58
272 249 59
272 250 60
272 249 61
272 250 62
272 251 63
271 251 64
270 251 65
269 251 66
268 252 67
267 253 68
268 253 69
269 253 70
270 254 71
271 255 72
271 254 73
49
269 246 25
269 246 26
269 246 27
269 246 28
269 246 29
269 245 30
269 246 31
268 246 32
268 246 33
269 247 34
268 246 35
269 247 36
270 246 37
270 247 38
270 248 39
270 248 40
270 248 41
270 248 42
270 248 43
270 247 44
269 247 45
269 247 46
270 248 47
270 248 48
269 249 49
269 250 50
270 250 51
270 249 52
271 249 53
271 249 54
271 249 55
271 249 56
271 249 57
271 249 58
272 249 59
272 250 60
272 249 61
272 250 62
272 251 63
271 251 64
270 251 65
269 251 66
269 251 67
270 251 68
269 250 69
268 249 70
267 249 71
267 249 72
267 249 73
49
269 246 25
269 246 26
269 246 27
269 246 28
269 246 29
269 245 30
269 246 31
268 246 32
268 246 33
269 247 34
268 246 35
269 247 36
270 246 37
270 247 38
270 248 39
270 248 40
270 248 41
270 248 42
270 248 43
270 247 44
269 247 45
269 247 46
270 248 47
270 248 48
269 249 49
269 250 50
270 250 51
270 249 52
271 249 53
271 249 54
271 249 55
271 249 56
271 249 57
271 249 58
272 249 59
272 250 60
272 249 61
272 250 62
272 251 63
271 251 64
271 252 65
270 253 66
269 254 67
268 255 68
268 256 69
269 257 69
268 258 70
268 259 71
268 260 72
48
269 246 25
269 246 26
269 246 27
269 246 28
269 246 29
269 245 30
269 246 31
268 246 32
268 246 33
269 247 34
268 246 35
269 247 36
270 246 37
270 247 38
270 248 39
270 248 40
270 248 41
270 248 42
270 248 43
270 247 44
269 247 45
269 247 46
270 248 47
270 248 48
269 249 49
269 250 50
270 250 51
270 249 52
271 249 53
271 249 54
271 249 55
271 249 56
271 249 57
271 249 58
272 249 59
272 250 60
272 249 61
272 250 62
272 251 63
271 251 64
271 252 65
270 253 66
269 254 67
269 255 68
270 256 69
271 257 70
272 258 69
273 259 68
48
269 246 25
269 246 26
269 246 27
269 246 28
269 246 29
269 245 30
269 246 31
268 246 32
268 246 33
269 247 34
268 246 35
269 247 36
270 246 37
270 247 38
270 248 39
270 248 40
270 248 41
270 248 42
270 248 43
270 247 44
269 247 45
269 247 46
270 248 47
270 248 48
269 249 49
269 250 50
270 250 51
270 249 52
271 249 53
271 249 54
271 249 55
271 249 56
271 249 57
271 249 58
272 249 59
272 250 60
272 249 61
272 250 62
272 251 63
271 251 64
271 252 65
270 253 66
269 254 67
268 255 68
268 256 69
269 257 70
270 258 71
271 257 72
47
269 246 25
269 246 26
269 246 27
269 246 28
269 246 29
269 245 30
269 246 31
268 246 32
268 246 33
269 247 34
268 246 35
269 247 36
270 246 37
270 247 38
270 248 39
270 248 40
270 248 41
270 248 42
270 248 43
270 247 44
269 247 45
269 247 46
270 248 47
270 248 48
269 249 49
269 250 50
270 250 51
270 249 52
271 249 53
271 249 54
271 249 55
271 249 56
271 249 57
271 249 58
272 249 59
272 250 60
272 249 61
272 250 62
272 251 63
271 251 64
271 252 65
270 253 66
269 254 67
268 255 68
268 256 69
267 257 68
268 258 67
45
269 246 25
269 246 26
269 246 27
269 246 28
269 246 29
269 245 30
269 246 31
268 246 32
268 246 33
269 247 34
268 246 35
269 247 36
270 246 37
270 247 38
270 248 39
270 248 40
270 248 41
270 248 42
270 248 43
270 247 44
269 247 45
269 247 46
270 248 47
270 248 48
269 249 49
269 250 50
270 250 51
270 249 52
271 249 53
271 249 54
271 249 55
271 249 56
271 249 57
271 249 58
272 249 59
272 250 60
272 249 61
272 248 61
271 247 61
272 246 62
272 245 62
272 244 63
271 243 64
272 242 65
273 242 66
15
269 246 25
269 246 26
269 246 27
269 246 28
269 246 29
269 245 30
269 246 31
268 246 32
268 246 33
269 247 34
268 246 35
269 247 36
270 246 37
271 245 36
272 244 36
15
269 246 25
269 246 26
269 246 27
269 246 28
269 246 29
270 247 30
271 247 30
272 246 30
273 245 29
273 244 30
274 243 31
273 242 32
273 243 33
273 243 34
273 243 35
12
269 246 25
269 246 26
269 246 27
269 246 28
269 246 29
269 245 30
268 244 30
268 243 30
269 242 29
270 241 30
271 242 30
272 241 30
10
269 246 25
269 246 26
269 246 27
269 246 28
269 246 29
269 245 30
268 244 30
268 243 30
269 242 29
270 243 30
10
269 246 25
269 246 26
269 246 27
269 246 28
269 246 29
270 247 30
271 247 30
272 246 30
273 245 29
274 246 30
9
269 246 25
269 246 26
269 246 27
269 246 28
269 246 29
270 247 30
271 247 30
272 246 30
273 247 30
