13
267
269 248 25
269 248 26
269 248 27
270 249 28
270 249 29
270 249 30
270 248 31
270 248 32
270 248 33
270 248 34
270 248 35
270 248 36
270 248 37
270 248 38
270 248 39
270 248 40
270 248 41
270 248 42
270 248 43
270 248 44
270 248 45
270 248 46
270 248 47
270 249 48
270 249 49
270 249 50
270 249 51
270 249 52
270 249 53
270 249 54
270 249 55
270 249 56
270 249 57
270 249 58
270 249 59
270 249 60
270 249 61
270 249 62
270 249 63
270 249 64
270 249 65
270 249 66
270 249 67
270 249 68
270 249 69
270 249 70
270 249 71
270 249 72
270 249 73
270 249 74
270 249 75
270 249 76
270 249 77
270 249 78
270 249 79
270 249 80
270 249 81
270 249 82
270 249 83
270 249 84
270 249 85
270 249 86
270 249 87
270 249 88
270 249 89
270 248 90
271 249 91
271 249 92
270 250 93
269 251 94
270 252 95
269 252 96
270 253 97
269 254 98
270 255 99
269 255 100
270 256 101
269 257 102
269 257 103
269 258 104
269 259 105
269 259 106
269 260 107
269 260 108
269 261 109
269 262 110
268 263 111
269 263 112
269 264 113
269 264 114
269 265 115
269 266 116
270 266 117
269 267 118
269 267 119
269 268 120
269 269 121
269 269 122
269 270 123
269 271 124
269 272 125
269 273 126
269 274 127
268 275 128
268 276 129
268 277 130
268 277 131
268 278 132
268 279 133
269 280 134
268 280 135
268 281 136
268 282 137
267 282 138
267 283 139
267 284 139
267 285 140
267 286 141
267 287 142
267 288 142
268 289 143
268 290 144
268 291 145
267 292 146
267 293 147
268 293 148
268 294 149
267 295 150
266 296 151
266 297 152
266 297 153
267 298 154
267 299 155
266 300 156
266 301 157
265 302 158
265 303 159
265 304 160
266 305 161
266 306 162
266 307 162
265 308 163
265 309 163
264 310 163
264 311 164
265 311 165
266 312 166
265 313 167
265 314 167
265 315 168
265 316 168
265 317 169
266 318 170
265 319 170
265 320 170
265 321 171
265 322 172
265 323 172
265 324 173
265 325 174
264 326 174
264 327 174
265 328 175
264 329 176
264 330 176
265 331 176
264 332 177
264 333 177
264 334 178
264 335 178
264 336 179
264 337 179
264 338 180
263 339 181
263 340 182
263 341 182
264 342 183
263 343 184
263 344 185
263 345 185
263 346 186
263 347 186
263 348 187
262 349 187
263 350 188
262 351 189
262 352 189
262 353 189
262 354 190
261 355 190
262 356 191
262 357 191
261 358 192
261 359 192
261 360 193
261 361 193
260 362 194
261 363 194
260 364 195
260 365 195
260 366 195
260 367 195
259 368 196
259 369 196
259 370 196
259 371 196
258 372 196
258 373 197
258 374 197
257 375 197
257 376 197
256 377 197
256 378 197
255 379 197
255 380 197
255 381 197
255 382 198
254 383 198
253 383 198
252 384 198
251 385 199
251 386 199
250 387 199
250 388 199
249 389 200
249 390 199
248 391 200
249 392 199
248 393 200
248 394 200
248 395 200
248 396 200
248 397 200
248 398 200
247 399 200
247 400 200
247 401 200
247 402 200
247 403 200
247 404 199
247 405 199
247 406 199
246 407 199
245 408 199
245 409 199
244 410 199
243 411 199
242 412 199
243 413 198
243 414 198
243 415 198
243 416 197
243 417 197
242 418 196
242 419 196
241 420 195
240 421 194
239 422 193
238 423 192
238 424 191
237 425 190
237 426 189
236 427 188
235 427 187
235 427 186
234 428 185
230 432 179
266
269 248 25
269 248 26
269 248 27
270 249 28
270 249 29
270 249 30
270 248 31
270 248 32
270 248 33
270 248 34
270 248 35
270 248 36
270 248 37
270 248 38
270 248 39
270 248 40
270 248 41
270 248 42
270 248 43
270 248 44
270 248 45
270 248 46
270 248 47
270 249 48
270 249 49
270 249 50
270 249 51
270 249 52
270 249 53
270 249 54
270 249 55
270 249 56
270 249 57
270 249 58
270 249 59
270 249 60
270 249 61
270 249 62
270 249 63
270 249 64
270 249 65
270 249 66
270 249 67
270 249 68
270 249 69
270 249 70
270 249 71
270 249 72
270 249 73
270 249 74
270 249 75
270 249 76
270 249 77
270 249 78
270 249 79
270 249 80
270 249 81
270 249 82
270 249 83
270 249 84
270 249 85
270 249 86
270 249 87
270 249 88
270 249 89
270 248 90
271 249 91
271 249 92
270 250 93
269 251 94
270 252 95
269 252 96
270 253 97
269 254 98
270 255 99
269 255 100
270 256 101
269 257 102
269 257 103
269 258 104
269 259 105
269 259 106
269 260 107
269 260 108
269 261 109
269 262 110
268 263 111
269 263 112
269 264 113
269 264 114
269 265 115
269 266 116
270 266 117
269 267 118
269 267 119
269 268 120
269 269 121
269 269 122
269 270 123
269 271 124
269 272 125
269 273 126
269 274 127
268 275 128
268 276 129
268 277 130
268 277 131
268 278 132
268 279 133
269 280 134
268 280 135
268 281 136
268 282 137
267 282 138
267 283 139
267 284 139
267 285 140
267 286 141
267 287 142
267 288 142
268 289 143
268 290 144
268 291 145
267 292 146
267 293 147
268 293 148
268 294 149
267 295 150
266 296 151
266 297 152
266 297 153
267 298 154
267 299 155
266 300 156
266 301 157
265 302 158
265 303 159
265 304 160
266 305 161
266 306 162
266 307 162
265 308 163
265 309 163
264 310 163
264 311 164
265 311 165
266 312 166
265 313 167
265 314 167
265 315 168
265 316 168
265 317 169
266 318 170
265 319 170
265 320 170
265 321 171
265 322 172
265 323 172
265 324 173
265 325 174
264 326 174
264 327 174
265 328 175
264 329 176
264 330 176
265 331 176
264 332 177
264 333 177
264 334 178
264 335 178
264 336 179
264 337 179
264 338 180
263 339 181
263 340 182
263 341 182
264 342 183
263 343 184
263 344 185
263 345 185
263 346 186
263 347 186
263 348 187
262 349 187
263 350 188
262 351 189
262 352 189
262 353 189
262 354 190
261 355 190
262 356 191
262 357 191
261 358 192
261 359 192
261 360 193
261 361 193
260 362 194
261 363 194
260 364 195
260 365 195
260 366 195
260 367 195
259 368 196
259 369 196
259 370 196
259 371 196
258 372 196
258 373 197
258 374 197
257 375 197
257 376 197
256 377 197
256 378 197
255 379 197
255 380 197
255 381 197
255 382 198
254 383 198
253 383 198
252 384 198
251 385 199
251 386 199
250 387 199
250 388 199
249 389 200
249 390 199
248 391 200
249 392 199
248 393 200
248 394 200
248 395 200
248 396 200
248 397 200
248 398 200
247 399 200
247 400 200
247 401 200
247 402 200
247 403 200
247 404 199
247 405 199
247 406 199
246 407 199
245 408 199
245 409 199
244 410 199
243 411 199
242 412 199
243 413 198
243 414 198
243 415 198
243 416 197
243 417 197
242 418 196
242 419 196
241 420 195
240 421 194
239 422 193
238 423 192
238 424 191
237 425 190
237 426 189
236 427 188
235 427 187
235 427 186
234 428 185
230
269 248 25
269 248 26
269 248 27
270 249 28
270 249 29
270 249 30
270 248 31
270 248 32
270 248 33
270 248 34
270 248 35
270 248 36
270 248 37
270 248 38
270 248 39
270 248 40
270 248 41
270 248 42
270 248 43
270 248 44
270 248 45
270 248 46
270 248 47
270 249 48
270 249 49
270 249 50
270 249 51
270 249 52
270 249 53
270 249 54
270 249 55
270 249 56
270 249 57
270 249 58
270 249 59
270 249 60
270 249 61
270 249 62
270 249 63
270 249 64
270 249 65
270 249 66
270 249 67
270 249 68
270 249 69
270 249 70
270 249 71
270 249 72
270 249 73
270 249 74
270 249 75
270 249 76
270 249 77
270 249 78
270 249 79
270 249 80
270 249 81
270 249 82
270 249 83
270 249 84
270 249 85
270 249 86
270 249 87
270 249 88
270 249 89
270 248 90
271 249 91
271 249 92
270 249 93
270 248 94
270 248 95
270 247 96
270 247 97
271 247 98
271 248 99
270 247 100
270 247 101
271 247 102
271 247 103
271 247 104
271 247 105
271 247 106
271 247 107
271 247 108
271 247 109
271 246 110
270 245 111
271 244 112
272 243 113
272 242 114
272 241 115
272 241 116
272 240 117
272 240 118
272 239 119
273 239 120
273 239 121
273 238 122
273 238 123
274 238 124
274 238 125
274 237 126
274 237 127
274 236 128
275 236 129
275 236 130
275 236 131
275 235 132
276 236 133
276 235 134
276 234 135
276 234 136
277 234 137
277 233 138
277 233 139
277 232 140
277 232 141
277 232 142
277 231 143
277 230 144
277 229 145
278 230 146
278 230 147
278 230 148
278 229 149
278 229 150
279 229 151
278 228 152
279 228 153
279 228 154
278 227 155
279 228 156
279 227 157
280 228 158
280 227 159
280 227 160
281 227 161
281 226 162
281 225 163
282 225 164
282 224 165
282 224 166
282 223 167
283 223 168
284 223 169
284 222 170
284 221 171
285 220 172
285 219 173
286 219 174
286 218 175
286 217 176
287 217 177
287 216 178
287 215 179
288 215 180
288 214 181
288 214 182
289 214 183
289 213 184
289 213 185
290 213 186
290 213 187
290 212 188
290 211 189
291 211 190
291 211 191
291 210 192
291 209 193
291 208 194
292 207 195
292 206 196
293 206 197
293 205 198
294 204 199
294 203 200
294 202 201
295 202 202
295 202 203
295 201 204
295 200 205
295 200 206
295 199 207
295 198 208
295 197 209
296 196 210
295 196 211
295 196 212
296 195 213
296 194 214
296 194 215
297 193 216
297 192 217
296 192 218
296 191 219
297 190 220
297 190 221
297 189 222
297 189 223
298 188 224
298 187 225
298 187 226
298 187 227
299 186 228
299 185 229
299 185 230
300 184 231
300 184 232
300 183 233
300 183 234
300 182 235
301 181 236
301 181 237
300 182 238
300 181 239
301 180 240
301 179 241
301 178 242
302 177 243
302 177 244
302 176 245
302 176 246
302 175 247
302 174 248
303 173 248
304 172 249
305 171 249
305 170 248
306 169 247
307 167 251
229
269 248 25
269 248 26
269 248 27
270 249 28
270 249 29
270 249 30
270 248 31
270 248 32
270 248 33
270 248 34
270 248 35
270 248 36
270 248 37
270 248 38
270 248 39
270 248 40
270 248 41
270 248 42
270 248 43
270 248 44
270 248 45
270 248 46
270 248 47
270 249 48
270 249 49
270 249 50
270 249 51
270 249 52
270 249 53
270 249 54
270 249 55
270 249 56
270 249 57
270 249 58
270 249 59
270 249 60
270 249 61
270 249 62
270 249 63
270 249 64
270 249 65
270 249 66
270 249 67
270 249 68
270 249 69
270 249 70
270 249 71
270 249 72
270 249 73
270 249 74
270 249 75
270 249 76
270 249 77
270 249 78
270 249 79
270 249 80
270 249 81
270 249 82
270 249 83
270 249 84
270 249 85
270 249 86
270 249 87
270 249 88
270 249 89
270 248 90
271 249 91
271 249 92
270 249 93
270 248 94
270 248 95
270 247 96
270 247 97
271 247 98
271 248 99
270 247 100
270 247 101
271 247 102
271 247 103
271 247 104
271 247 105
271 247 106
271 247 107
271 247 108
271 247 109
271 246 110
270 245 111
271 244 112
272 243 113
272 242 114
272 241 115
272 241 116
272 240 117
272 240 118
272 239 119
273 239 120
273 239 121
273 238 122
273 238 123
274 238 124
274 238 125
274 237 126
274 237 127
274 236 128
275 236 129
275 236 130
275 236 131
275 235 132
276 236 133
276 235 134
276 234 135
276 234 136
277 234 137
277 233 138
277 233 139
277 232 140
277 232 141
277 232 142
277 231 143
277 230 144
277 229 145
278 230 146
278 230 147
278 230 148
278 229 149
278 229 150
279 229 151
278 228 152
279 228 153
279 228 154
278 227 155
279 228 156
279 227 157
280 228 158
280 227 159
280 227 160
281 227 161
281 226 162
281 225 163
282 225 164
282 224 165
282 224 166
282 223 167
283 223 168
284 223 169
284 222 170
284 221 171
285 220 172
285 219 173
286 219 174
286 218 175
286 217 176
287 217 177
287 216 178
287 215 179
288 215 180
288 214 181
288 214 182
289 214 183
289 213 184
289 213 185
290 213 186
290 213 187
290 212 188
290 211 189
291 211 190
291 211 191
291 210 192
291 209 193
291 208 194
292 207 195
292 206 196
293 206 197
293 205 198
294 204 199
294 203 200
294 202 201
295 202 202
295 202 203
295 201 204
295 200 205
295 200 206
295 199 207
295 198 208
295 197 209
296 196 210
295 196 211
295 196 212
296 195 213
296 194 214
296 194 215
297 193 216
297 192 217
296 192 218
296 191 219
297 190 220
297 190 221
297 189 222
297 189 223
298 188 224
298 187 225
298 187 226
298 187 227
299 186 228
299 185 229
299 185 230
300 184 231
300 184 232
300 183 233
300 183 234
300 182 235
301 181 236
301 181 237
300 182 238
300 181 239
301 180 240
301 179 241
301 178 242
302 177 243
302 177 244
302 176 245
302 176 246
302 175 247
302 174 248
303 173 248
304 172 249
304 171 255
304 170 255
305 169 256
229
269 248 25
269 248 26
269 248 27
270 249 28
270 249 29
270 249 30
270 248 31
270 248 32
270 248 33
270 248 34
270 248 35
270 248 36
270 248 37
270 248 38
270 248 39
270 248 40
270 248 41
270 248 42
270 248 43
270 248 44
270 248 45
270 248 46
270 248 47
270 249 48
270 249 49
270 249 50
270 249 51
270 249 52
270 249 53
270 249 54
270 249 55
270 249 56
270 249 57
270 249 58
270 249 59
270 249 60
270 249 61
270 249 62
270 249 63
270 249 64
270 249 65
270 249 66
270 249 67
270 249 68
270 249 69
270 249 70
270 249 71
270 249 72
270 249 73
270 249 74
270 249 75
270 249 76
270 249 77
270 249 78
270 249 79
270 249 80
270 249 81
270 249 82
270 249 83
270 249 84
270 249 85
270 249 86
270 249 87
270 249 88
270 249 89
270 248 90
271 249 91
271 249 92
270 249 93
270 248 94
270 248 95
270 247 96
270 247 97
271 247 98
271 248 99
270 247 100
270 247 101
271 247 102
271 247 103
271 247 104
271 247 105
271 247 106
271 247 107
271 247 108
271 247 109
271 246 110
270 245 111
271 244 112
272 243 113
272 242 114
272 241 115
272 241 116
272 240 117
272 240 118
272 239 119
273 239 120
273 239 121
273 238 122
273 238 123
274 238 124
274 238 125
274 237 126
274 237 127
274 236 128
275 236 129
275 236 130
275 236 131
275 235 132
276 236 133
276 235 134
276 234 135
276 234 136
277 234 137
277 233 138
277 233 139
277 232 140
277 232 141
277 232 142
277 231 143
277 230 144
277 229 145
278 230 146
278 230 147
278 230 148
278 229 149
278 229 150
279 229 151
278 228 152
279 228 153
279 228 154
278 227 155
279 228 156
279 227 157
280 228 158
280 227 159
280 227 160
281 227 161
281 226 162
281 225 163
282 225 164
282 224 165
282 224 166
282 223 167
283 223 168
284 223 169
284 222 170
284 221 171
285 220 172
285 219 173
286 219 174
286 218 175
286 217 176
287 217 177
287 216 178
287 215 179
288 215 180
288 214 181
288 214 182
289 214 183
289 213 184
289 213 185
290 213 186
290 213 187
290 212 188
290 211 189
291 211 190
291 211 191
291 210 192
291 209 193
291 208 194
292 207 195
292 206 196
293 206 197
293 205 198
294 204 199
294 203 200
294 202 201
295 202 202
295 202 203
295 201 204
295 200 205
295 200 206
295 199 207
295 198 208
295 197 209
296 196 210
295 196 211
295 196 212
296 195 213
296 194 214
296 194 215
297 193 216
297 192 217
296 192 218
296 191 219
297 190 220
297 190 221
297 189 222
297 189 223
298 188 224
298 187 225
298 187 226
298 187 227
299 186 228
299 185 229
299 185 230
300 184 231
300 184 232
300 183 233
300 183 234
300 182 235
301 181 236
301 181 237
300 182 238
300 181 239
301 180 240
301 179 241
301 178 242
302 177 243
302 177 244
302 176 245
302 176 246
302 175 247
302 174 248
303 173 248
304 172 249
305 171 249
305 170 248
306 169 247
227
269 248 25
269 248 26
269 248 27
270 249 28
270 249 29
270 249 30
270 248 31
270 248 32
270 248 33
270 248 34
270 248 35
270 248 36
270 248 37
270 248 38
270 248 39
270 248 40
270 248 41
270 248 42
270 248 43
270 248 44
270 248 45
270 248 46
270 248 47
270 249 48
270 249 49
270 249 50
270 249 51
270 249 52
270 249 53
270 249 54
270 249 55
270 249 56
270 249 57
270 249 58
270 249 59
270 249 60
270 249 61
270 249 62
270 249 63
270 249 64
270 249 65
270 249 66
270 249 67
270 249 68
270 249 69
270 249 70
270 249 71
270 249 72
270 249 73
270 249 74
270 249 75
270 249 76
270 249 77
270 249 78
270 249 79
270 249 80
270 249 81
270 249 82
270 249 83
270 249 84
270 249 85
270 249 86
270 249 87
270 249 88
270 249 89
270 248 90
271 249 91
271 249 92
270 249 93
270 248 94
270 248 95
270 247 96
270 247 97
271 247 98
271 248 99
270 247 100
270 247 101
271 247 102
271 247 103
271 247 104
271 247 105
271 247 106
271 247 107
271 247 108
271 247 109
271 246 110
270 245 111
271 244 112
272 243 113
272 242 114
272 241 115
272 241 116
272 240 117
272 240 118
272 239 119
273 239 120
273 239 121
273 238 122
273 238 123
274 238 124
274 238 125
274 237 126
274 237 127
274 236 128
275 236 129
275 236 130
275 236 131
275 235 132
276 236 133
276 235 134
276 234 135
276 234 136
277 234 137
277 233 138
277 233 139
277 232 140
277 232 141
277 232 142
277 231 143
277 230 144
277 229 145
278 230 146
278 230 147
278 230 148
278 229 149
278 229 150
279 229 151
278 228 152
279 228 153
279 228 154
278 227 155
279 228 156
279 227 157
280 228 158
280 227 159
280 227 160
281 227 161
281 226 162
281 225 163
282 225 164
282 224 165
282 224 166
282 223 167
283 223 168
284 223 169
284 222 170
284 221 171
285 220 172
285 219 173
286 219 174
286 218 175
286 217 176
287 217 177
287 216 178
287 215 179
288 215 180
288 214 181
288 214 182
289 214 183
289 213 184
289 213 185
290 213 186
290 213 187
290 212 188
290 211 189
291 211 190
291 211 191
291 210 192
291 209 193
291 208 194
292 207 195
292 206 196
293 206 197
293 205 198
294 204 199
294 203 200
294 202 201
295 202 202
295 202 203
295 201 204
295 200 205
295 200 206
295 199 207
295 198 208
295 197 209
296 196 210
295 196 211
295 196 212
296 195 213
296 194 214
296 194 215
297 193 216
297 192 217
296 192 218
296 191 219
297 190 220
297 190 221
297 189 222
297 189 223
298 188 224
298 187 225
298 187 226
298 187 227
299 186 228
299 185 229
299 185 230
300 184 231
300 184 232
300 183 233
300 183 234
300 182 235
301 181 236
301 181 237
300 182 238
300 181 239
301 180 240
301 179 241
301 178 242
302 177 243
302 177 244
302 176 245
302 176 246
302 175 247
302 174 248
303 173 248
304 172 249
304 171 255
226
269 248 25
269 248 26
269 248 27
270 249 28
270 249 29
270 249 30
270 248 31
270 248 32
270 248 33
270 248 34
270 248 35
270 248 36
270 248 37
270 248 38
270 248 39
270 248 40
270 248 41
270 248 42
270 248 43
270 248 44
270 248 45
270 248 46
270 248 47
270 249 48
270 249 49
270 249 50
270 249 51
270 249 52
270 249 53
270 249 54
270 249 55
270 249 56
270 249 57
270 249 58
270 249 59
270 249 60
270 249 61
270 249 62
270 249 63
270 249 64
270 249 65
270 249 66
270 249 67
270 249 68
270 249 69
270 249 70
270 249 71
270 249 72
270 249 73
270 249 74
270 249 75
270 249 76
270 249 77
270 249 78
270 249 79
270 249 80
270 249 81
270 249 82
270 249 83
270 249 84
270 249 85
270 249 86
270 249 87
270 249 88
270 249 89
270 248 90
271 249 91
271 249 92
270 250 93
269 251 94
270 252 95
269 252 96
270 253 97
269 254 98
270 255 99
269 255 100
270 256 101
269 257 102
269 257 103
269 258 104
269 259 105
269 259 106
269 260 107
269 260 108
269 261 109
269 262 110
268 263 111
269 263 112
269 264 113
269 264 114
269 265 115
269 266 116
270 266 117
269 267 118
269 267 119
269 268 120
269 269 121
269 269 122
269 270 123
269 271 124
269 272 125
269 273 126
269 274 127
268 275 128
268 276 129
268 277 130
268 277 131
268 278 132
268 279 133
269 280 134
268 280 135
268 281 136
268 282 137
267 282 138
267 283 139
267 284 139
267 285 140
267 286 141
267 287 142
267 288 142
268 289 143
268 290 144
268 291 145
267 292 146
267 293 147
268 293 148
268 294 149
267 295 150
266 296 151
266 297 152
266 297 153
267 298 154
267 299 155
266 300 156
266 301 157
265 302 158
265 303 159
265 304 160
266 305 161
266 306 162
266 307 162
265 308 163
265 309 163
264 310 163
264 311 164
265 311 165
266 312 166
265 313 167
265 314 167
265 315 168
265 316 168
265 317 169
266 318 170
265 319 170
265 320 170
265 321 171
265 322 172
265 323 172
265 324 173
265 325 174
264 326 174
264 327 174
265 328 175
264 329 176
264 330 176
265 331 176
264 332 177
264 333 177
264 334 178
264 335 178
264 336 179
264 337 179
264 338 180
263 339 181
263 340 182
263 341 182
264 342 183
263 343 184
263 344 185
263 345 185
263 346 186
263 347 186
263 348 187
262 349 187
263 350 188
262 351 189
262 352 189
262 353 189
262 354 190
261 355 190
262 356 191
262 357 191
261 358 192
261 359 192
261 360 193
261 361 193
260 362 194
261 363 194
260 364 195
260 365 195
260 366 195
260 367 195
259 368 196
259 369 196
259 370 196
259 371 196
258 372 196
258 373 197
258 374 197
257 375 197
257 376 197
256 377 197
256 378 197
255 379 197
255 380 197
255 381 197
255 382 198
254 383 198
255 384 198
256 385 198
257 386 198
257 387 198
257 388 198
257 389 198
258 390 198
258 391 198
223
269 248 25
269 248 26
269 248 27
270 249 28
270 249 29
270 249 30
270 248 31
270 248 32
270 248 33
270 248 34
270 248 35
270 248 36
270 248 37
270 248 38
270 248 39
270 248 40
270 248 41
270 248 42
270 248 43
270 248 44
270 248 45
270 248 46
270 248 47
270 249 48
270 249 49
270 249 50
270 249 51
270 249 52
270 249 53
270 249 54
270 249 55
270 249 56
270 249 57
270 249 58
270 249 59
270 249 60
270 249 61
270 249 62
270 249 63
270 249 64
270 249 65
270 249 66
270 249 67
270 249 68
270 249 69
270 249 70
270 249 71
270 249 72
270 249 73
270 249 74
270 249 75
270 249 76
270 249 77
270 249 78
270 249 79
270 249 80
270 249 81
270 249 82
270 249 83
270 249 84
270 249 85
270 249 86
270 249 87
270 249 88
270 249 89
270 248 90
271 249 91
271 249 92
270 249 93
270 248 94
270 248 95
270 247 96
270 247 97
271 247 98
271 248 99
270 247 100
270 247 101
271 247 102
271 247 103
271 247 104
271 247 105
271 247 106
271 247 107
271 247 108
271 247 109
271 246 110
270 245 111
271 244 112
272 243 113
272 242 114
272 241 115
272 241 116
272 240 117
272 240 118
272 239 119
273 239 120
273 239 121
273 238 122
273 238 123
274 238 124
274 238 125
274 237 126
274 237 127
274 236 128
275 236 129
275 236 130
275 236 131
275 235 132
276 236 133
276 235 134
276 234 135
276 234 136
277 234 137
277 233 138
277 233 139
277 232 140
277 232 141
277 232 142
277 231 143
277 230 144
277 229 145
278 230 146
278 230 147
278 230 148
278 229 149
278 229 150
279 229 151
278 228 152
279 228 153
279 228 154
278 227 155
279 228 156
279 227 157
280 228 158
280 227 159
280 227 160
281 227 161
281 226 162
281 225 163
282 225 164
282 224 165
282 224 166
282 223 167
283 223 168
284 223 169
284 222 170
284 221 171
285 220 172
285 219 173
286 219 174
286 218 175
286 217 176
287 217 177
287 216 178
287 215 179
288 215 180
288 214 181
288 214 182
289 214 183
289 213 184
289 213 185
290 213 186
290 213 187
290 212 188
290 211 189
291 211 190
291 211 191
291 210 192
291 209 193
291 208 194
292 207 195
292 206 196
293 206 197
293 205 198
294 204 199
294 203 200
294 202 201
295 202 202
295 202 203
295 201 204
295 200 205
295 200 206
295 199 207
295 198 208
295 197 209
296 196 210
295 196 211
295 196 212
296 195 213
296 194 214
296 194 215
297 193 216
297 192 217
296 192 218
296 191 219
297 190 220
297 190 221
297 189 222
297 189 223
298 188 224
298 187 225
298 187 226
298 187 227
299 186 228
299 185 229
299 185 230
300 184 231
300 184 232
300 183 233
300 183 234
300 182 235
301 181 236
301 181 237
300 182 238
300 181 239
301 180 240
301 179 241
301 178 242
302 177 243
302 176 243
303 175 242
303 174 241
304 174 240
95
269 248 25
269 248 26
269 248 27
270 249 28
270 249 29
270 249 30
270 248 31
270 248 32
270 248 33
270 248 34
270 248 35
270 248 36
270 248 37
270 248 38
270 248 39
270 248 40
270 248 41
270 248 42
270 248 43
270 248 44
270 248 45
270 248 46
270 248 47
270 249 48
270 249 49
270 249 50
270 249 51
270 249 52
270 249 53
270 249 54
270 249 55
270 249 56
270 249 57
270 249 58
270 249 59
270 249 60
270 249 61
270 249 62
270 249 63
270 249 64
270 249 65
270 249 66
270 249 67
270 249 68
270 249 69
270 249 70
270 249 71
270 249 72
270 249 73
270 249 74
270 249 75
270 249 76
270 249 77
270 249 78
270 249 79
270 249 80
270 249 81
270 249 82
270 249 83
270 249 84
270 249 85
270 249 86
270 249 87
270 249 88
270 249 89
270 248 90
271 249 91
271 249 92
270 249 93
270 248 94
270 248 95
270 247 96
270 247 97
271 247 98
271 248 99
270 247 100
270 247 101
271 247 102
271 247 103
271 247 104
271 247 105
271 247 106
271 247 107
271 247 108
271 247 109
271 246 110
270 247 111
269 248 112
269 248 113
268 248 114
267 248 115
267 248 116
266 247 117
266 248 118
266 248 119
77
269 248 25
269 248 26
269 248 27
270 249 28
270 249 29
270 249 30
270 248 31
270 248 32
270 248 33
270 248 34
270 248 35
270 248 36
270 248 37
270 248 38
270 248 39
270 248 40
270 248 41
270 248 42
270 248 43
270 248 44
270 248 45
270 248 46
270 248 47
270 249 48
270 249 49
270 249 50
270 249 51
270 249 52
270 249 53
270 249 54
270 249 55
270 249 56
270 249 57
270 249 58
270 249 59
270 249 60
270 249 61
270 249 62
270 249 63
270 249 64
270 249 65
270 249 66
270 249 67
270 249 68
270 249 69
270 249 70
270 249 71
270 249 72
270 249 73
270 249 74
270 249 75
270 249 76
270 249 77
270 249 78
270 249 79
270 249 80
270 249 81
270 249 82
270 249 83
270 249 84
270 249 85
270 249 86
270 249 87
270 249 88
270 249 89
270 248 90
271 249 91
271 249 92
270 250 93
269 251 94
270 252 95
269 252 96
270 253 97
269 254 98
268 254 98
267 253 99
267 253 100
76
269 248 25
269 248 26
269 248 27
270 249 28
270 249 29
270 249 30
270 248 31
270 248 32
270 248 33
270 248 34
270 248 35
270 248 36
270 248 37
270 248 38
270 248 39
270 248 40
270 248 41
270 248 42
270 248 43
270 248 44
270 248 45
270 248 46
270 248 47
270 249 48
270 249 49
270 249 50
270 249 51
270 249 52
270 249 53
270 249 54
270 249 55
270 249 56
270 249 57
270 249 58
270 249 59
270 249 60
270 249 61
270 249 62
270 249 63
270 249 64
270 249 65
270 249 66
270 249 67
270 249 68
270 249 69
270 249 70
270 249 71
270 249 72
270 249 73
270 249 74
270 249 75
270 249 76
270 249 77
270 249 78
270 249 79
270 249 80
270 249 81
270 249 82
270 249 83
270 249 84
270 249 85
270 249 86
270 249 87
270 249 88
270 249 89
270 248 90
271 249 91
271 249 92
270 249 93
270 248 94
270 248 95
270 247 96
270 247 97
271 247 98
271 248 99
272 249 98
76
269 248 25
269 248 26
269 248 27
270 249 28
270 249 29
270 249 30
270 248 31
270 248 32
270 248 33
270 248 34
270 248 35
270 248 36
270 248 37
270 248 38
270 248 39
270 248 40
270 248 41
270 248 42
270 248 43
270 248 44
270 248 45
270 248 46
270 248 47
270 249 48
270 249 49
270 249 50
270 249 51
270 249 52
270 249 53
270 249 54
270 249 55
270 249 56
270 249 57
270 249 58
270 249 59
270 249 60
270 249 61
270 249 62
270 249 63
270 249 64
270 249 65
270 249 66
270 249 67
270 249 68
270 249 69
270 249 70
270 249 71
270 249 72
270 249 73
270 249 74
270 249 75
270 249 76
270 249 77
270 249 78
270 249 79
270 249 80
270 249 81
270 249 82
270 249 83
270 249 84
270 249 85
270 249 86
270 249 87
270 249 88
270 249 89
270 248 90
271 249 91
271 249 92
270 250 93
269 251 94
270 252 95
269 252 96
270 253 97
271 252 97
272 251 98
272 250 98
75
269 248 25
269 248 26
269 248 27
270 249 28
270 249 29
270 249 30
270 248 31
270 248 32
270 248 33
270 248 34
270 248 35
270 248 36
270 248 37
270 248 38
270 248 39
270 248 40
270 248 41
270 248 42
270 248 43
270 248 44
270 248 45
270 248 46
270 248 47
270 249 48
270 249 49
270 249 50
270 249 51
270 249 52
270 249 53
270 249 54
270 249 55
270 249 56
270 249 57
270 249 58
270 249 59
270 249 60
270 249 61
270 249 62
270 249 63
270 249 64
270 249 65
270 249 66
270 249 67
270 249 68
270 249 69
270 249 70
270 249 71
270 249 72
270 249 73
270 249 74
270 249 75
270 249 76
270 249 77
270 249 78
270 249 79
270 249 80
270 249 81
270 249 82
270 249 83
270 249 84
270 249 85
270 249 86
270 249 87
270 249 88
270 249 89
270 248 90
271 249 91
271 249 92
270 250 93
269 251 94
270 252 95
269 252 96
268 251 97
269 250 98
270 249 99
