44
306
237 269 26
238 270 27
238 270 28
238 270 29
238 270 30
238 270 31
238 270 32
238 270 33
238 270 34
238 270 35
238 270 36
238 270 37
239 271 38
239 271 39
239 271 40
239 271 41
239 271 42
239 271 43
239 271 44
239 271 45
239 271 46
239 272 47
239 272 48
239 272 49
239 272 50
239 272 51
239 272 52
239 272 53
239 272 54
239 272 55
240 273 56
240 273 57
240 273 58
240 273 59
240 273 60
240 273 61
240 273 62
240 273 63
241 274 64
241 274 65
240 274 66
240 274 67
240 274 68
240 274 69
240 274 70
240 275 71
240 275 72
241 275 73
241 276 74
242 276 75
242 277 76
242 277 77
242 277 78
241 277 79
241 276 80
241 276 81
241 276 82
240 277 83
239 277 84
238 277 85
239 277 86
240 278 87
241 277 88
242 277 89
243 277 90
243 276 91
243 276 92
242 277 93
242 276 94
242 277 95
242 278 96
241 279 97
241 280 98
242 280 99
241 280 100
240 280 101
241 279 102
242 278 103
242 277 104
242 277 105
242 277 106
242 276 107
242 277 108
242 278 109
242 278 110
242 278 111
243 278 112
243 278 113
243 278 114
243 278 115
243 278 116
242 278 117
243 279 118
244 279 119
245 279 120
245 279 121
246 279 122
245 280 123
244 280 124
244 280 125
244 280 126
244 280 127
244 280 128
244 280 129
245 281 130
245 281 131
245 281 132
245 281 133
244 281 134
245 281 135
245 282 136
245 282 137
245 282 138
245 282 139
245 282 140
246 283 141
246 283 142
246 283 143
246 283 144
246 284 145
247 285 144
247 286 145
248 287 146
248 288 147
248 289 148
249 289 149
249 290 150
250 290 151
251 290 151
252 290 152
251 291 153
251 291 154
252 291 155
252 292 156
253 292 157
252 293 158
253 293 159
253 293 160
253 294 161
253 295 162
254 295 163
254 295 164
255 295 165
255 296 166
255 296 167
255 297 168
256 297 169
256 298 170
257 299 171
257 300 172
258 300 173
258 300 174
259 300 175
258 301 176
259 301 177
259 302 178
259 302 179
259 303 180
260 303 181
261 303 182
261 303 183
261 304 184
262 304 185
262 305 186
262 305 187
263 304 188
263 305 189
263 306 190
263 306 191
263 307 192
263 307 193
264 308 194
265 308 195
266 309 196
266 310 197
267 310 198
268 311 199
268 312 199
269 313 200
270 314 201
270 315 202
271 316 203
271 317 203
272 318 204
272 319 205
273 320 206
273 321 206
274 322 207
275 323 208
276 324 209
277 325 210
277 326 210
278 327 211
279 328 212
280 328 213
281 329 214
281 330 215
281 331 216
282 331 217
283 332 218
283 333 219
284 334 220
285 334 221
286 335 222
287 336 223
287 337 223
287 338 224
288 339 224
288 340 224
289 341 225
289 342 225
290 343 225
290 344 226
291 345 227
291 346 228
292 347 229
293 348 229
294 349 230
295 350 231
295 351 232
296 352 232
296 353 233
297 354 233
298 355 233
298 356 233
298 357 233
298 358 234
297 359 234
296 360 234
296 361 235
297 362 236
298 363 236
299 364 236
300 365 236
301 366 236
301 367 236
301 368 237
302 369 237
302 370 237
303 371 237
304 372 237
303 373 238
304 374 238
303 375 238
304 376 238
304 377 238
304 378 238
304 379 238
305 380 237
305 381 238
305 382 238
306 383 237
306 384 237
307 385 236
307 386 236
308 387 236
308 388 236
308 389 236
308 390 236
308 391 236
308 392 236
307 393 237
307 394 237
307 395 237
307 396 237
306 397 238
306 398 238
306 399 238
306 400 239
306 401 239
306 402 239
306 403 239
307 404 238
307 405 237
308 406 237
308 407 237
309 408 236
310 409 236
310 410 236
310 411 236
310 412 236
310 413 236
310 414 236
311 415 235
311 416 235
311 417 235
311 418 234
311 419 234
312 420 233
311 421 233
311 422 232
311 423 232
311 424 232
310 425 231
311 426 230
311 427 230
311 428 230
310 429 229
310 430 229
310 431 228
310 432 228
310 433 227
310 434 227
309 435 226
310 436 226
310 439 224
304
237 269 26
238 270 27
238 270 28
238 270 29
238 270 30
238 270 31
238 270 32
238 270 33
238 270 34
238 270 35
238 270 36
238 270 37
239 271 38
239 271 39
239 271 40
239 271 41
239 271 42
239 271 43
239 271 44
239 271 45
239 271 46
239 272 47
239 272 48
239 272 49
239 272 50
239 272 51
239 272 52
239 272 53
239 272 54
239 272 55
240 273 56
240 273 57
240 273 58
240 273 59
240 273 60
240 273 61
240 273 62
240 273 63
241 274 64
241 274 65
240 274 66
240 274 67
240 274 68
240 274 69
240 274 70
240 275 71
240 275 72
241 275 73
241 276 74
242 276 75
242 277 76
242 277 77
242 277 78
241 277 79
241 276 80
241 276 81
241 276 82
240 277 83
239 277 84
238 277 85
239 277 86
240 278 87
241 277 88
242 277 89
243 277 90
243 276 91
243 276 92
242 277 93
242 276 94
242 277 95
242 278 96
241 279 97
241 280 98
242 280 99
241 280 100
240 280 101
241 279 102
242 278 103
242 277 104
242 277 105
242 277 106
242 276 107
242 277 108
242 278 109
242 278 110
242 278 111
243 278 112
243 278 113
243 278 114
243 278 115
243 278 116
242 278 117
243 279 118
244 279 119
245 279 120
245 279 121
246 279 122
245 280 123
244 280 124
244 280 125
244 280 126
244 280 127
244 280 128
244 280 129
245 281 130
245 281 131
245 281 132
245 281 133
244 281 134
245 281 135
245 282 136
245 282 137
245 282 138
245 282 139
245 282 140
246 283 141
246 283 142
246 283 143
246 283 144
246 284 145
247 285 144
247 286 145
248 287 146
248 288 147
248 289 148
249 289 149
249 290 150
250 290 151
251 290 151
252 290 152
251 291 153
251 291 154
252 291 155
252 292 156
253 292 157
252 293 158
253 293 159
253 293 160
253 294 161
253 295 162
254 295 163
254 295 164
255 295 165
255 296 166
255 296 167
255 297 168
256 297 169
256 298 170
257 299 171
257 300 172
258 300 173
258 300 174
259 300 175
258 301 176
259 301 177
259 302 178
259 302 179
259 303 180
260 303 181
261 303 182
261 303 183
261 304 184
262 304 185
262 305 186
262 305 187
263 304 188
263 305 189
263 306 190
263 306 191
263 307 192
263 307 193
264 308 194
265 308 195
266 309 196
266 310 197
267 310 198
268 311 199
268 312 199
269 313 200
270 314 201
270 315 202
271 316 203
271 317 203
272 318 204
272 319 205
273 320 206
273 321 206
274 322 207
275 323 208
276 324 209
277 325 210
277 326 210
278 327 211
279 328 212
280 328 213
281 329 214
281 330 215
281 331 216
282 331 217
283 332 218
283 333 219
284 334 220
285 334 221
286 335 222
287 336 223
287 337 223
287 338 224
288 339 224
288 340 224
289 341 225
289 342 225
290 343 225
290 344 226
291 345 227
291 346 228
292 347 229
293 348 229
294 349 230
295 350 231
295 351 232
296 352 232
296 353 233
297 354 233
298 355 233
298 356 233
298 357 233
298 358 234
297 359 234
296 360 234
296 361 235
297 362 236
298 363 236
299 364 236
300 365 236
301 366 236
301 367 236
301 368 237
302 369 237
302 370 237
303 371 237
304 372 237
303 373 238
304 374 238
303 375 238
304 376 238
304 377 238
304 378 238
304 379 238
305 380 237
305 381 238
305 382 238
306 383 237
306 384 237
307 385 236
307 386 236
308 387 236
308 388 236
308 389 236
308 390 236
308 391 236
308 392 236
307 393 237
307 394 237
307 395 237
307 396 237
306 397 238
306 398 238
306 399 238
306 400 239
306 401 239
306 402 239
306 403 239
307 404 238
307 405 237
308 406 237
308 407 237
309 408 236
310 409 236
310 410 236
310 411 236
310 412 236
310 413 236
310 414 236
311 415 235
311 416 235
311 417 235
311 418 234
311 419 234
312 420 233
311 421 233
311 422 232
311 423 232
311 424 232
310 425 231
311 426 230
311 427 230
311 428 230
310 429 229
310 430 229
310 431 228
310 432 228
310 433 227
310 434 227
311 435 226
267
237 269 26
238 270 27
238 270 28
238 270 29
238 270 30
238 270 31
238 270 32
238 270 33
238 270 34
238 270 35
238 270 36
238 270 37
239 271 38
239 271 39
239 271 40
239 271 41
239 271 42
239 271 43
239 271 44
239 271 45
239 271 46
239 272 47
239 272 48
239 272 49
239 272 50
239 272 51
239 272 52
239 272 53
239 272 54
239 272 55
240 273 56
240 273 57
240 273 58
240 273 59
240 273 60
240 273 61
240 273 62
240 273 63
241 274 64
241 274 65
240 274 66
240 274 67
240 274 68
240 274 69
240 274 70
240 275 71
240 275 72
241 275 73
241 276 74
242 276 75
242 277 76
242 277 77
242 277 78
241 277 79
241 276 80
241 276 81
241 276 82
240 277 83
239 277 84
238 277 85
239 277 86
240 278 87
241 277 88
242 277 89
243 277 90
243 276 91
243 276 92
242 277 93
242 276 94
242 277 95
242 278 96
241 279 97
241 280 98
242 280 99
241 280 100
240 280 101
241 279 102
242 278 103
242 277 104
242 277 105
242 277 106
242 276 107
242 277 108
242 278 109
242 278 110
242 278 111
243 278 112
243 278 113
243 278 114
243 278 115
243 278 116
242 278 117
243 279 118
244 279 119
245 279 120
245 279 121
246 279 122
245 280 123
244 280 124
244 280 125
244 280 126
244 280 127
244 280 128
244 280 129
245 281 130
245 281 131
245 281 132
245 281 133
244 281 134
245 281 135
245 282 136
245 282 137
245 282 138
245 282 139
245 282 140
246 283 141
246 283 142
246 283 143
246 283 144
246 284 145
247 285 144
247 286 145
248 287 146
248 288 147
248 289 148
249 289 149
249 290 150
250 290 151
251 290 151
252 290 152
251 291 153
251 291 154
252 291 155
252 292 156
253 292 157
252 293 158
253 293 159
253 293 160
253 294 161
253 295 162
254 295 163
254 295 164
255 295 165
255 296 166
255 296 167
255 297 168
256 297 169
256 298 170
257 299 171
257 300 172
258 300 173
258 300 174
259 300 175
258 301 176
259 301 177
259 302 178
259 302 179
259 303 180
260 303 181
261 303 182
261 303 183
261 304 184
262 304 185
262 305 186
262 305 187
263 304 188
263 305 189
263 306 190
263 306 191
263 307 192
263 307 193
264 308 194
265 308 195
266 309 196
266 310 197
267 310 198
268 311 199
268 312 199
269 313 200
270 314 201
270 315 202
271 316 203
271 317 203
272 318 204
272 319 205
273 320 206
273 321 206
274 322 207
275 323 208
276 324 209
277 325 210
277 326 210
278 327 211
279 328 212
280 328 213
281 329 214
281 330 215
281 331 216
282 331 217
283 332 218
283 333 219
284 334 220
285 334 221
286 335 222
287 336 223
287 337 223
287 338 224
288 339 224
288 340 224
289 341 225
289 342 225
290 343 225
290 344 226
291 345 227
291 346 228
290 347 229
289 347 230
288 348 231
287 349 232
286 350 233
285 351 234
284 351 234
283 352 233
283 353 233
283 354 233
283 355 233
284 356 233
285 357 233
284 358 233
285 359 233
286 360 233
285 361 233
285 362 233
284 363 233
284 364 233
284 365 233
285 366 234
285 367 235
286 368 235
286 369 235
287 370 235
287 371 235
287 372 235
288 373 235
288 374 235
288 375 235
288 376 235
288 377 235
289 378 236
289 379 236
290 380 237
289 381 236
289 382 236
290 383 237
290 384 237
290 385 237
290 386 237
290 387 237
289 388 236
290 389 237
290 390 236
290 391 236
290 392 235
290 393 235
291 394 235
290 395 234
291 396 234
263
237 269 26
238 270 27
238 270 28
238 270 29
238 270 30
238 270 31
238 270 32
238 270 33
238 270 34
238 270 35
238 270 36
238 270 37
239 271 38
239 271 39
239 271 40
239 271 41
239 271 42
239 271 43
239 271 44
239 271 45
239 271 46
239 272 47
239 272 48
239 272 49
239 272 50
239 272 51
239 272 52
239 272 53
239 272 54
239 272 55
240 273 56
240 273 57
240 273 58
240 273 59
240 273 60
240 273 61
240 273 62
240 273 63
241 274 64
241 274 65
240 274 66
240 274 67
240 274 68
240 274 69
240 274 70
240 275 71
240 275 72
241 275 73
241 276 74
242 276 75
242 277 76
242 277 77
242 277 78
241 277 79
241 276 80
241 276 81
241 276 82
240 277 83
239 277 84
238 277 85
239 277 86
240 278 87
241 277 88
242 277 89
243 277 90
243 276 91
243 276 92
242 277 93
242 276 94
242 277 95
242 278 96
241 279 97
241 280 98
242 280 99
241 280 100
240 280 101
241 279 102
242 278 103
242 277 104
242 277 105
242 277 106
242 276 107
242 277 108
242 278 109
242 278 110
242 278 111
243 278 112
243 278 113
243 278 114
243 278 115
243 278 116
242 278 117
243 279 118
244 279 119
245 279 120
245 279 121
246 279 122
245 280 123
244 280 124
244 280 125
244 280 126
244 280 127
244 280 128
244 280 129
245 281 130
245 281 131
245 281 132
245 281 133
244 281 134
245 281 135
245 282 136
245 282 137
245 282 138
245 282 139
245 282 140
246 283 141
246 283 142
246 283 143
246 283 144
246 284 145
246 283 146
247 282 147
247 281 148
246 282 149
246 281 150
245 281 151
245 281 152
245 281 153
245 281 154
245 281 155
245 280 156
245 280 157
245 280 158
245 280 159
245 279 160
245 278 161
245 278 162
245 277 163
245 276 164
245 276 165
245 276 166
245 275 167
244 275 168
244 275 169
245 274 170
244 274 171
244 274 172
244 273 173
244 273 174
245 272 175
245 271 176
244 271 177
244 271 178
244 271 179
244 271 180
244 270 181
244 270 182
244 270 183
244 270 184
243 269 185
243 269 186
243 269 187
244 269 188
243 268 189
243 268 190
243 268 191
243 268 192
243 268 193
243 268 194
242 267 195
243 267 196
243 267 197
243 266 198
243 266 199
243 266 200
243 266 201
243 265 202
243 265 203
242 264 204
243 264 205
243 263 206
243 262 207
244 262 208
244 261 209
244 260 210
244 259 211
244 258 212
245 257 212
245 256 213
245 255 214
246 255 215
247 255 216
247 255 217
247 254 218
247 253 219
248 254 220
248 253 221
248 253 222
248 252 223
249 252 224
249 251 225
249 250 226
249 249 227
249 248 228
249 248 229
249 247 230
249 246 231
250 245 232
251 244 233
251 243 234
252 242 235
252 241 236
253 240 237
253 239 238
254 238 239
254 237 240
255 237 241
255 236 242
255 235 243
256 234 244
256 233 245
257 233 246
257 232 247
258 231 248
258 230 249
259 229 250
259 228 251
260 227 252
261 226 253
262 225 254
262 224 255
263 223 255
264 222 256
265 221 257
265 221 258
266 220 259
267 219 259
268 218 260
268 218 261
269 217 262
270 216 263
271 215 264
272 214 265
273 213 265
273 212 266
274 211 266
275 211 267
276 210 268
277 209 269
278 208 269
279 207 270
280 206 271
281 205 272
282 204 273
283 203 273
284 202 274
285 201 275
286 200 276
286 199 276
287 198 277
288 198 277
289 197 277
290 196 278
247
237 269 26
238 270 27
238 270 28
238 270 29
238 270 30
238 270 31
238 270 32
238 270 33
238 270 34
238 270 35
238 270 36
238 270 37
239 271 38
239 271 39
239 271 40
239 271 41
239 271 42
239 271 43
239 271 44
239 271 45
239 271 46
239 272 47
239 272 48
239 272 49
239 272 50
239 272 51
239 272 52
239 272 53
239 272 54
239 272 55
240 273 56
240 273 57
240 273 58
240 273 59
240 273 60
240 273 61
240 273 62
240 273 63
241 274 64
241 274 65
240 274 66
240 274 67
240 274 68
240 274 69
240 274 70
240 275 71
240 275 72
241 275 73
241 276 74
242 276 75
242 277 76
242 277 77
242 277 78
241 277 79
241 276 80
241 276 81
241 276 82
240 277 83
239 277 84
238 277 85
239 277 86
240 278 87
241 277 88
242 277 89
243 277 90
243 276 91
243 276 92
242 277 93
242 276 94
242 277 95
242 278 96
241 279 97
241 280 98
242 280 99
241 280 100
240 280 101
241 279 102
242 278 103
242 277 104
242 277 105
242 277 106
242 276 107
242 277 108
242 278 109
242 278 110
242 278 111
243 278 112
243 278 113
243 278 114
243 278 115
243 278 116
242 278 117
243 279 118
244 279 119
245 279 120
245 279 121
246 279 122
245 280 123
244 280 124
244 280 125
244 280 126
244 280 127
244 280 128
244 280 129
245 281 130
245 281 131
245 281 132
245 281 133
244 281 134
245 281 135
245 282 136
245 282 137
245 282 138
245 282 139
245 282 140
246 283 141
246 283 142
246 283 143
246 283 144
246 284 145
247 285 144
247 286 145
248 287 146
248 288 147
248 289 148
249 289 149
249 290 150
250 290 151
251 290 151
252 290 152
251 291 153
251 291 154
252 291 155
252 292 156
253 292 157
252 293 158
253 293 159
253 293 160
253 294 161
253 295 162
254 295 163
254 295 164
255 295 165
255 296 166
255 296 167
255 297 168
256 297 169
256 298 170
257 299 171
257 300 172
258 300 173
258 300 174
259 300 175
258 301 176
259 301 177
259 302 178
259 302 179
259 303 180
260 303 181
261 303 182
261 303 183
261 304 184
262 304 185
262 305 186
262 305 187
263 304 188
263 305 189
263 306 190
263 306 191
263 307 192
263 307 193
264 308 194
265 308 195
266 309 196
266 310 197
267 310 198
268 311 199
268 312 199
269 313 200
270 314 201
270 315 202
271 316 203
271 317 203
272 318 204
272 319 205
273 320 206
273 321 206
274 322 207
275 323 208
276 324 209
277 325 210
277 326 210
278 327 211
279 328 212
280 328 213
281 329 214
281 330 215
281 331 216
282 331 217
283 332 218
283 333 219
284 334 220
285 334 221
286 335 222
287 336 223
287 337 223
287 338 224
288 339 224
288 340 224
289 341 225
289 342 225
290 343 225
290 344 226
291 345 227
291 346 228
292 347 229
293 348 229
294 349 230
295 350 231
295 351 232
296 352 232
296 353 233
297 354 233
298 355 233
298 356 233
298 357 233
298 358 234
297 359 234
296 360 234
296 361 235
297 362 236
298 363 236
299 364 236
300 365 236
301 366 236
301 367 236
301 368 237
302 369 237
302 370 237
303 371 237
304 372 237
305 372 236
306 373 235
305 373 234
304 373 233
303 373 233
302 374 234
247
237 269 26
238 270 27
238 270 28
238 270 29
238 270 30
238 270 31
238 270 32
238 270 33
238 270 34
238 270 35
238 270 36
238 270 37
239 271 38
239 271 39
239 271 40
239 271 41
239 271 42
239 271 43
239 271 44
239 271 45
239 271 46
239 272 47
239 272 48
239 272 49
239 272 50
239 272 51
239 272 52
239 272 53
239 272 54
239 272 55
240 273 56
240 273 57
240 273 58
240 273 59
240 273 60
240 273 61
240 273 62
240 273 63
241 274 64
241 274 65
240 274 66
240 274 67
240 274 68
240 274 69
240 274 70
240 275 71
240 275 72
241 275 73
241 276 74
242 276 75
242 277 76
242 277 77
242 277 78
241 277 79
241 276 80
241 276 81
241 276 82
240 277 83
239 277 84
238 277 85
239 277 86
240 278 87
241 277 88
242 277 89
243 277 90
243 276 91
243 276 92
242 277 93
242 276 94
242 277 95
242 278 96
241 279 97
241 280 98
242 280 99
241 280 100
240 280 101
241 279 102
242 278 103
242 277 104
242 277 105
242 277 106
242 276 107
242 277 108
242 278 109
242 278 110
242 278 111
243 278 112
243 278 113
243 278 114
243 278 115
243 278 116
242 278 117
243 279 118
244 279 119
245 279 120
245 279 121
246 279 122
245 280 123
244 280 124
244 280 125
244 280 126
244 280 127
244 280 128
244 280 129
245 281 130
245 281 131
245 281 132
245 281 133
244 281 134
245 281 135
245 282 136
245 282 137
245 282 138
245 282 139
245 282 140
246 283 141
246 283 142
246 283 143
246 283 144
246 284 145
247 285 144
247 286 145
248 287 146
248 288 147
248 289 148
249 289 149
249 290 150
250 290 151
251 290 151
252 290 152
251 291 153
251 291 154
252 291 155
252 292 156
253 292 157
252 293 158
253 293 159
253 293 160
253 294 161
253 295 162
254 295 163
254 295 164
255 295 165
255 296 166
255 296 167
255 297 168
256 297 169
256 298 170
257 299 171
257 300 172
258 300 173
258 300 174
259 300 175
258 301 176
259 301 177
259 302 178
259 302 179
259 303 180
260 303 181
261 303 182
261 303 183
261 304 184
262 304 185
262 305 186
262 305 187
263 304 188
263 305 189
263 306 190
263 306 191
263 307 192
263 307 193
264 308 194
265 308 195
266 309 196
266 310 197
267 310 198
268 311 199
268 312 199
269 313 200
270 314 201
270 315 202
271 316 203
271 317 203
272 318 204
272 319 205
273 320 206
273 321 206
274 322 207
275 323 208
276 324 209
277 325 210
277 326 210
278 327 211
279 328 212
280 328 213
281 329 214
281 330 215
281 331 216
282 331 217
283 332 218
283 333 219
284 334 220
285 334 221
286 335 222
287 336 223
287 337 223
287 338 224
288 339 224
288 340 224
289 341 225
289 342 225
290 343 225
290 344 226
291 345 227
291 346 228
292 347 229
293 348 229
294 349 230
295 350 231
295 351 232
296 352 232
296 353 233
297 354 233
298 355 233
298 356 233
298 357 233
298 358 234
297 359 234
296 360 234
296 361 235
297 362 236
298 363 236
299 364 236
300 365 236
301 366 236
301 367 236
301 368 237
302 369 237
302 370 237
303 371 237
304 372 237
303 373 238
304 374 238
303 375 238
302 375 237
302 375 236
301 375 235
232
237 269 26
238 270 27
238 270 28
238 270 29
238 270 30
238 270 31
238 270 32
238 270 33
238 270 34
238 270 35
238 270 36
238 270 37
239 271 38
239 271 39
239 271 40
239 271 41
239 271 42
239 271 43
239 271 44
239 271 45
239 271 46
239 272 47
239 272 48
239 272 49
239 272 50
239 272 51
239 272 52
239 272 53
239 272 54
239 272 55
240 273 56
240 273 57
240 273 58
240 273 59
240 273 60
240 273 61
240 273 62
240 273 63
241 274 64
241 274 65
240 274 66
240 274 67
240 274 68
240 274 69
240 274 70
240 275 71
240 275 72
241 275 73
241 276 74
242 276 75
242 277 76
242 277 77
242 277 78
241 277 79
241 276 80
241 276 81
241 276 82
240 277 83
239 277 84
238 277 85
239 277 86
240 278 87
241 277 88
242 277 89
243 277 90
243 276 91
243 276 92
242 277 93
242 276 94
242 277 95
242 278 96
241 279 97
241 280 98
242 280 99
241 280 100
240 280 101
241 279 102
242 278 103
242 277 104
242 277 105
242 277 106
242 276 107
242 277 108
242 278 109
242 278 110
242 278 111
243 278 112
243 278 113
243 278 114
243 278 115
243 278 116
242 278 117
243 279 118
244 279 119
245 279 120
245 279 121
246 279 122
245 280 123
244 280 124
244 280 125
244 280 126
244 280 127
244 280 128
244 280 129
245 281 130
245 281 131
245 281 132
245 281 133
244 281 134
245 281 135
245 282 136
245 282 137
245 282 138
245 282 139
245 282 140
246 283 141
246 283 142
246 283 143
246 283 144
246 284 145
247 285 144
247 286 145
248 287 146
248 288 147
248 289 148
249 289 149
249 290 150
250 290 151
251 290 151
252 290 152
251 291 153
251 291 154
252 291 155
252 292 156
253 292 157
252 293 158
253 293 159
253 293 160
253 294 161
253 295 162
254 295 163
254 295 164
255 295 165
255 296 166
255 296 167
255 297 168
256 297 169
256 298 170
257 299 171
257 300 172
258 300 173
258 300 174
259 300 175
258 301 176
259 301 177
259 302 178
259 302 179
259 303 180
260 303 181
261 303 182
261 303 183
261 304 184
262 304 185
262 305 186
262 305 187
263 304 188
263 305 189
263 306 190
263 306 191
263 307 192
263 307 193
264 308 194
265 308 195
266 309 196
266 310 197
267 310 198
268 311 199
268 312 199
269 313 200
270 314 201
270 315 202
271 316 203
271 317 203
272 318 204
272 319 205
273 320 206
273 321 206
274 322 207
275 323 208
276 324 209
277 325 210
277 326 210
278 327 211
279 328 212
280 328 213
281 329 214
281 330 215
281 331 216
282 331 217
283 332 218
283 333 219
284 334 220
285 334 221
286 335 222
287 336 223
287 337 223
287 338 224
288 339 224
288 340 224
289 341 225
289 342 225
290 343 225
290 344 226
291 345 227
291 346 228
292 347 229
293 348 229
294 349 230
295 350 231
295 351 232
296 352 232
295 353 233
294 354 233
293 355 233
292 356 233
291 357 233
290 358 234
289 359 233
290 360 234
291 361 235
292 361 235
293 362 234
232
237 269 26
238 270 27
238 270 28
238 270 29
238 270 30
238 270 31
238 270 32
238 270 33
238 270 34
238 270 35
238 270 36
238 270 37
239 271 38
239 271 39
239 271 40
239 271 41
239 271 42
239 271 43
239 271 44
239 271 45
239 271 46
239 272 47
239 272 48
239 272 49
239 272 50
239 272 51
239 272 52
239 272 53
239 272 54
239 272 55
240 273 56
240 273 57
240 273 58
240 273 59
240 273 60
240 273 61
240 273 62
240 273 63
241 274 64
241 274 65
240 274 66
240 274 67
240 274 68
240 274 69
240 274 70
240 275 71
240 275 72
241 275 73
241 276 74
242 276 75
242 277 76
242 277 77
242 277 78
241 277 79
241 276 80
241 276 81
241 276 82
240 277 83
239 277 84
238 277 85
239 277 86
240 278 87
241 277 88
242 277 89
243 277 90
243 276 91
243 276 92
242 277 93
242 276 94
242 277 95
242 278 96
241 279 97
241 280 98
242 280 99
241 280 100
240 280 101
241 279 102
242 278 103
242 277 104
242 277 105
242 277 106
242 276 107
242 277 108
242 278 109
242 278 110
242 278 111
243 278 112
243 278 113
243 278 114
243 278 115
243 278 116
242 278 117
243 279 118
244 279 119
245 279 120
245 279 121
246 279 122
245 280 123
244 280 124
244 280 125
244 280 126
244 280 127
244 280 128
244 280 129
245 281 130
245 281 131
245 281 132
245 281 133
244 281 134
245 281 135
245 282 136
245 282 137
245 282 138
245 282 139
245 282 140
246 283 141
246 283 142
246 283 143
246 283 144
246 284 145
247 285 144
247 286 145
248 287 146
248 288 147
248 289 148
249 289 149
249 290 150
250 290 151
251 290 151
252 290 152
251 291 153
251 291 154
252 291 155
252 292 156
253 292 157
252 293 158
253 293 159
253 293 160
253 294 161
253 295 162
254 295 163
254 295 164
255 295 165
255 296 166
255 296 167
255 297 168
256 297 169
256 298 170
257 299 171
257 300 172
258 300 173
258 300 174
259 300 175
258 301 176
259 301 177
259 302 178
259 302 179
259 303 180
260 303 181
261 303 182
261 303 183
261 304 184
262 304 185
262 305 186
262 305 187
263 304 188
263 305 189
263 306 190
263 306 191
263 307 192
263 307 193
264 308 194
265 308 195
266 309 196
266 310 197
267 310 198
268 311 199
268 312 199
269 313 200
270 314 201
270 315 202
271 316 203
271 317 203
272 318 204
272 319 205
273 320 206
273 321 206
274 322 207
275 323 208
276 324 209
277 325 210
277 326 210
278 327 211
279 328 212
280 328 213
281 329 214
281 330 215
281 331 216
282 331 217
283 332 218
283 333 219
284 334 220
285 334 221
286 335 222
287 336 223
287 337 223
287 338 224
288 339 224
288 340 224
289 341 225
289 342 225
290 343 225
290 344 226
291 345 227
291 346 228
292 347 229
293 348 229
294 349 230
295 350 231
295 351 232
296 352 232
295 353 233
294 354 233
293 355 233
292 356 233
291 357 233
290 358 234
289 359 233
290 360 234
291 361 235
292 361 235
293 361 236
231
237 269 26
238 270 27
238 270 28
238 270 29
238 270 30
238 270 31
238 270 32
238 270 33
238 270 34
238 270 35
238 270 36
238 270 37
239 271 38
239 271 39
239 271 40
239 271 41
239 271 42
239 271 43
239 271 44
239 271 45
239 271 46
239 272 47
239 272 48
239 272 49
239 272 50
239 272 51
239 272 52
239 272 53
239 272 54
239 272 55
240 273 56
240 273 57
240 273 58
240 273 59
240 273 60
240 273 61
240 273 62
240 273 63
241 274 64
241 274 65
240 274 66
240 274 67
240 274 68
240 274 69
240 274 70
240 275 71
240 275 72
241 275 73
241 276 74
242 276 75
242 277 76
242 277 77
242 277 78
241 277 79
241 276 80
241 276 81
241 276 82
240 277 83
239 277 84
238 277 85
239 277 86
240 278 87
241 277 88
242 277 89
243 277 90
243 276 91
243 276 92
242 277 93
242 276 94
242 277 95
242 278 96
241 279 97
241 280 98
242 280 99
241 280 100
240 280 101
241 279 102
242 278 103
242 277 104
242 277 105
242 277 106
242 276 107
242 277 108
242 278 109
242 278 110
242 278 111
243 278 112
243 278 113
243 278 114
243 278 115
243 278 116
242 278 117
243 279 118
244 279 119
245 279 120
245 279 121
246 279 122
245 280 123
244 280 124
244 280 125
244 280 126
244 280 127
244 280 128
244 280 129
245 281 130
245 281 131
245 281 132
245 281 133
244 281 134
245 281 135
245 282 136
245 282 137
245 282 138
245 282 139
245 282 140
246 283 141
246 283 142
246 283 143
246 283 144
246 284 145
247 285 144
247 286 145
248 287 146
248 288 147
248 289 148
249 289 149
249 290 150
250 290 151
251 290 151
252 290 152
251 291 153
251 291 154
252 291 155
252 292 156
253 292 157
252 293 158
253 293 159
253 293 160
253 294 161
253 295 162
254 295 163
254 295 164
255 295 165
255 296 166
255 296 167
255 297 168
256 297 169
256 298 170
257 299 171
257 300 172
258 300 173
258 300 174
259 300 175
258 301 176
259 301 177
259 302 178
259 302 179
259 303 180
260 303 181
261 303 182
261 303 183
261 304 184
262 304 185
262 305 186
262 305 187
263 304 188
263 305 189
263 306 190
263 306 191
263 307 192
263 307 193
264 308 194
265 308 195
266 309 196
266 310 197
267 310 198
268 311 199
268 312 199
269 313 200
270 314 201
270 315 202
271 316 203
271 317 203
272 318 204
272 319 205
273 320 206
273 321 206
274 322 207
275 323 208
276 324 209
277 325 210
277 326 210
278 327 211
279 328 212
280 328 213
281 329 214
281 330 215
281 331 216
282 331 217
283 332 218
283 333 219
284 334 220
285 334 221
286 335 222
287 336 223
287 337 223
287 338 224
288 339 224
288 340 224
289 341 225
289 342 225
290 343 225
290 344 226
291 345 227
291 346 228
292 347 229
293 348 229
294 349 230
295 350 231
295 351 232
296 352 232
296 353 233
297 354 233
298 355 233
298 356 233
298 357 233
298 358 234
297 359 234
296 360 234
295 361 235
294 361 236
231
237 269 26
238 270 27
238 270 28
238 270 29
238 270 30
238 270 31
238 270 32
238 270 33
238 270 34
238 270 35
238 270 36
238 270 37
239 271 38
239 271 39
239 271 40
239 271 41
239 271 42
239 271 43
239 271 44
239 271 45
239 271 46
239 272 47
239 272 48
239 272 49
239 272 50
239 272 51
239 272 52
239 272 53
239 272 54
239 272 55
240 273 56
240 273 57
240 273 58
240 273 59
240 273 60
240 273 61
240 273 62
240 273 63
241 274 64
241 274 65
240 274 66
240 274 67
240 274 68
240 274 69
240 274 70
240 275 71
240 275 72
241 275 73
241 276 74
242 276 75
242 277 76
242 277 77
242 277 78
241 277 79
241 276 80
241 276 81
241 276 82
240 277 83
239 277 84
238 277 85
239 277 86
240 278 87
241 277 88
242 277 89
243 277 90
243 276 91
243 276 92
242 277 93
242 276 94
242 277 95
242 278 96
241 279 97
241 280 98
242 280 99
241 280 100
240 280 101
241 279 102
242 278 103
242 277 104
242 277 105
242 277 106
242 276 107
242 277 108
242 278 109
242 278 110
242 278 111
243 278 112
243 278 113
243 278 114
243 278 115
243 278 116
242 278 117
243 279 118
244 279 119
245 279 120
245 279 121
246 279 122
245 280 123
244 280 124
244 280 125
244 280 126
244 280 127
244 280 128
244 280 129
245 281 130
245 281 131
245 281 132
245 281 133
244 281 134
245 281 135
245 282 136
245 282 137
245 282 138
245 282 139
245 282 140
246 283 141
246 283 142
246 283 143
246 283 144
246 284 145
247 285 144
247 286 145
248 287 146
248 288 147
248 289 148
249 289 149
249 290 150
250 290 151
251 290 151
252 290 152
251 291 153
251 291 154
252 291 155
252 292 156
253 292 157
252 293 158
253 293 159
253 293 160
253 294 161
253 295 162
254 295 163
254 295 164
255 295 165
255 296 166
255 296 167
255 297 168
256 297 169
256 298 170
257 299 171
257 300 172
258 300 173
258 300 174
259 300 175
258 301 176
259 301 177
259 302 178
259 302 179
259 303 180
260 303 181
261 303 182
261 303 183
261 304 184
262 304 185
262 305 186
262 305 187
263 304 188
263 305 189
263 306 190
263 306 191
263 307 192
263 307 193
264 308 194
265 308 195
266 309 196
266 310 197
267 310 198
268 311 199
268 312 199
269 313 200
270 314 201
270 315 202
271 316 203
271 317 203
272 318 204
272 319 205
273 320 206
273 321 206
274 322 207
275 323 208
276 324 209
277 325 210
277 326 210
278 327 211
279 328 212
280 328 213
281 329 214
281 330 215
281 331 216
282 331 217
283 332 218
283 333 219
284 334 220
285 334 221
286 335 222
287 336 223
287 337 223
287 338 224
288 339 224
288 340 224
289 341 225
289 342 225
290 343 225
290 344 226
291 345 227
291 346 228
292 347 229
293 348 229
294 349 230
295 350 231
295 351 232
296 352 232
296 353 233
297 354 233
298 355 233
298 356 233
298 357 233
298 358 234
297 359 234
296 360 234
295 360 234
294 361 233
230
237 269 26
238 270 27
238 270 28
238 270 29
238 270 30
238 270 31
238 270 32
238 270 33
238 270 34
238 270 35
238 270 36
238 270 37
239 271 38
239 271 39
239 271 40
239 271 41
239 271 42
239 271 43
239 271 44
239 271 45
239 271 46
239 272 47
239 272 48
239 272 49
239 272 50
239 272 51
239 272 52
239 272 53
239 272 54
239 272 55
240 273 56
240 273 57
240 273 58
240 273 59
240 273 60
240 273 61
240 273 62
240 273 63
241 274 64
241 274 65
240 274 66
240 274 67
240 274 68
240 274 69
240 274 70
240 275 71
240 275 72
241 275 73
241 276 74
242 276 75
242 277 76
242 277 77
242 277 78
241 277 79
241 276 80
241 276 81
241 276 82
240 277 83
239 277 84
238 277 85
239 277 86
240 278 87
241 277 88
242 277 89
243 277 90
243 276 91
243 276 92
242 277 93
242 276 94
242 277 95
242 278 96
241 279 97
241 280 98
242 280 99
241 280 100
240 280 101
241 279 102
242 278 103
242 277 104
242 277 105
242 277 106
242 276 107
242 277 108
242 278 109
242 278 110
242 278 111
243 278 112
243 278 113
243 278 114
243 278 115
243 278 116
242 278 117
243 279 118
244 279 119
245 279 120
245 279 121
246 279 122
245 280 123
244 280 124
244 280 125
244 280 126
244 280 127
244 280 128
244 280 129
245 281 130
245 281 131
245 281 132
245 281 133
244 281 134
245 281 135
245 282 136
245 282 137
245 282 138
245 282 139
245 282 140
246 283 141
246 283 142
246 283 143
246 283 144
246 284 145
247 285 144
247 286 145
248 287 146
248 288 147
248 289 148
249 289 149
249 290 150
250 290 151
251 290 151
252 290 152
251 291 153
251 291 154
252 291 155
252 292 156
253 292 157
252 293 158
253 293 159
253 293 160
253 294 161
253 295 162
254 295 163
254 295 164
255 295 165
255 296 166
255 296 167
255 297 168
256 297 169
256 298 170
257 299 171
257 300 172
258 300 173
258 300 174
259 300 175
258 301 176
259 301 177
259 302 178
259 302 179
259 303 180
260 303 181
261 303 182
261 303 183
261 304 184
262 304 185
262 305 186
262 305 187
263 304 188
263 305 189
263 306 190
263 306 191
263 307 192
263 307 193
264 308 194
265 308 195
266 309 196
266 310 197
267 310 198
268 311 199
268 312 199
269 313 200
270 314 201
270 315 202
271 316 203
271 317 203
272 318 204
272 319 205
273 320 206
273 321 206
274 322 207
275 323 208
276 324 209
277 325 210
277 326 210
278 327 211
279 328 212
280 328 213
281 329 214
281 330 215
281 331 216
282 331 217
283 332 218
283 333 219
284 334 220
285 334 221
286 335 222
287 336 223
287 337 223
287 338 224
288 339 224
288 340 224
289 341 225
289 342 225
290 343 225
290 344 226
291 345 227
291 346 228
292 347 229
293 348 229
294 349 230
295 350 231
295 351 232
296 352 232
295 353 233
294 354 233
293 355 233
292 356 233
291 357 233
290 358 234
289 359 233
288 360 233
287 361 233
228
237 269 26
238 270 27
238 270 28
238 270 29
238 270 30
238 270 31
238 270 32
238 270 33
238 270 34
238 270 35
238 270 36
238 270 37
239 271 38
239 271 39
239 271 40
239 271 41
239 271 42
239 271 43
239 271 44
239 271 45
239 271 46
239 272 47
239 272 48
239 272 49
239 272 50
239 272 51
239 272 52
239 272 53
239 272 54
239 272 55
240 273 56
240 273 57
240 273 58
240 273 59
240 273 60
240 273 61
240 273 62
240 273 63
241 274 64
241 274 65
240 274 66
240 274 67
240 274 68
240 274 69
240 274 70
240 275 71
240 275 72
241 275 73
241 276 74
242 276 75
242 277 76
242 277 77
242 277 78
241 277 79
241 276 80
241 276 81
241 276 82
240 277 83
239 277 84
238 277 85
239 277 86
240 278 87
241 277 88
242 277 89
243 277 90
243 276 91
243 276 92
242 277 93
242 276 94
242 277 95
242 278 96
241 279 97
241 280 98
242 280 99
241 280 100
240 280 101
241 279 102
242 278 103
242 277 104
242 277 105
242 277 106
242 276 107
242 277 108
242 278 109
242 278 110
242 278 111
243 278 112
243 278 113
243 278 114
243 278 115
243 278 116
242 278 117
243 279 118
244 279 119
245 279 120
245 279 121
246 279 122
245 280 123
244 280 124
244 280 125
244 280 126
244 280 127
244 280 128
244 280 129
245 281 130
245 281 131
245 281 132
245 281 133
244 281 134
245 281 135
245 282 136
245 282 137
245 282 138
245 282 139
245 282 140
246 283 141
246 283 142
246 283 143
246 283 144
246 284 145
247 285 144
247 286 145
248 287 146
248 288 147
248 289 148
249 289 149
249 290 150
250 290 151
251 290 151
252 290 152
251 291 153
251 291 154
252 291 155
252 292 156
253 292 157
252 293 158
253 293 159
253 293 160
253 294 161
253 295 162
254 295 163
254 295 164
255 295 165
255 296 166
255 296 167
255 297 168
256 297 169
256 298 170
257 299 171
257 300 172
258 300 173
258 300 174
259 300 175
258 301 176
259 301 177
259 302 178
259 302 179
259 303 180
260 303 181
261 303 182
261 303 183
261 304 184
262 304 185
262 305 186
262 305 187
263 304 188
263 305 189
263 306 190
263 306 191
263 307 192
263 307 193
264 308 194
265 308 195
266 309 196
266 310 197
267 310 198
268 311 199
268 312 199
269 313 200
270 314 201
270 315 202
271 316 203
271 317 203
272 318 204
272 319 205
273 320 206
273 321 206
274 322 207
275 323 208
276 324 209
277 325 210
277 326 210
278 327 211
279 328 212
280 328 213
281 329 214
281 330 215
281 331 216
282 331 217
283 332 218
283 333 219
284 334 220
285 334 221
286 335 222
287 336 223
287 337 223
287 338 224
288 339 224
288 340 224
289 341 225
289 342 225
290 343 225
290 344 226
291 345 227
291 346 228
292 347 229
293 348 229
294 349 230
295 350 231
294 351 232
293 352 233
292 352 233
291 352 233
290 353 233
289 354 233
288 355 234
287 355 234
286 356 233
227
237 269 26
238 270 27
238 270 28
238 270 29
238 270 30
238 270 31
238 270 32
238 270 33
238 270 34
238 270 35
238 270 36
238 270 37
239 271 38
239 271 39
239 271 40
239 271 41
239 271 42
239 271 43
239 271 44
239 271 45
239 271 46
239 272 47
239 272 48
239 272 49
239 272 50
239 272 51
239 272 52
239 272 53
239 272 54
239 272 55
240 273 56
240 273 57
240 273 58
240 273 59
240 273 60
240 273 61
240 273 62
240 273 63
241 274 64
241 274 65
240 274 66
240 274 67
240 274 68
240 274 69
240 274 70
240 275 71
240 275 72
241 275 73
241 276 74
242 276 75
242 277 76
242 277 77
242 277 78
241 277 79
241 276 80
241 276 81
241 276 82
240 277 83
239 277 84
238 277 85
239 277 86
240 278 87
241 277 88
242 277 89
243 277 90
243 276 91
243 276 92
242 277 93
242 276 94
242 277 95
242 278 96
241 279 97
241 280 98
242 280 99
241 280 100
240 280 101
241 279 102
242 278 103
242 277 104
242 277 105
242 277 106
242 276 107
242 277 108
242 278 109
242 278 110
242 278 111
243 278 112
243 278 113
243 278 114
243 278 115
243 278 116
242 278 117
243 279 118
244 279 119
245 279 120
245 279 121
246 279 122
245 280 123
244 280 124
244 280 125
244 280 126
244 280 127
244 280 128
244 280 129
245 281 130
245 281 131
245 281 132
245 281 133
244 281 134
245 281 135
245 282 136
245 282 137
245 282 138
245 282 139
245 282 140
246 283 141
246 283 142
246 283 143
246 283 144
246 284 145
247 285 144
247 286 145
248 287 146
248 288 147
248 289 148
249 289 149
249 290 150
250 290 151
251 290 151
252 290 152
251 291 153
251 291 154
252 291 155
252 292 156
253 292 157
252 293 158
253 293 159
253 293 160
253 294 161
253 295 162
254 295 163
254 295 164
255 295 165
255 296 166
255 296 167
255 297 168
256 297 169
256 298 170
257 299 171
257 300 172
258 300 173
258 300 174
259 300 175
258 301 176
259 301 177
259 302 178
259 302 179
259 303 180
260 303 181
261 303 182
261 303 183
261 304 184
262 304 185
262 305 186
262 305 187
263 304 188
263 305 189
263 306 190
263 306 191
263 307 192
263 307 193
264 308 194
265 308 195
266 309 196
266 310 197
267 310 198
268 311 199
268 312 199
269 313 200
270 314 201
270 315 202
271 316 203
271 317 203
272 318 204
272 319 205
273 320 206
273 321 206
274 322 207
275 323 208
276 324 209
277 325 210
277 326 210
278 327 211
279 328 212
280 328 213
281 329 214
281 330 215
281 331 216
282 331 217
283 332 218
283 333 219
284 334 220
285 334 221
286 335 222
287 336 223
287 337 223
287 338 224
288 339 224
288 340 224
289 341 225
289 342 225
290 343 225
290 344 226
291 345 227
291 346 228
292 347 229
293 348 229
294 349 230
295 350 231
294 351 232
293 352 233
292 352 233
291 352 233
290 353 233
289 354 233
288 355 234
289 356 234
226
237 269 26
238 270 27
238 270 28
238 270 29
238 270 30
238 270 31
238 270 32
238 270 33
238 270 34
238 270 35
238 270 36
238 270 37
239 271 38
239 271 39
239 271 40
239 271 41
239 271 42
239 271 43
239 271 44
239 271 45
239 271 46
239 272 47
239 272 48
239 272 49
239 272 50
239 272 51
239 272 52
239 272 53
239 272 54
239 272 55
240 273 56
240 273 57
240 273 58
240 273 59
240 273 60
240 273 61
240 273 62
240 273 63
241 274 64
241 274 65
240 274 66
240 274 67
240 274 68
240 274 69
240 274 70
240 275 71
240 275 72
241 275 73
241 276 74
242 276 75
242 277 76
242 277 77
242 277 78
241 277 79
241 276 80
241 276 81
241 276 82
240 277 83
239 277 84
238 277 85
239 277 86
240 278 87
241 277 88
242 277 89
243 277 90
243 276 91
243 276 92
242 277 93
242 276 94
242 277 95
242 278 96
241 279 97
241 280 98
242 280 99
241 280 100
240 280 101
241 279 102
242 278 103
242 277 104
242 277 105
242 277 106
242 276 107
242 277 108
242 278 109
242 278 110
242 278 111
243 278 112
243 278 113
243 278 114
243 278 115
243 278 116
242 278 117
243 279 118
244 279 119
245 279 120
245 279 121
246 279 122
245 280 123
244 280 124
244 280 125
244 280 126
244 280 127
244 280 128
244 280 129
245 281 130
245 281 131
245 281 132
245 281 133
244 281 134
245 281 135
245 282 136
245 282 137
245 282 138
245 282 139
245 282 140
246 283 141
246 283 142
246 283 143
246 283 144
246 284 145
247 285 144
247 286 145
248 287 146
248 288 147
248 289 148
249 289 149
249 290 150
250 290 151
251 290 151
252 290 152
251 291 153
251 291 154
252 291 155
252 292 156
253 292 157
252 293 158
253 293 159
253 293 160
253 294 161
253 295 162
254 295 163
254 295 164
255 295 165
255 296 166
255 296 167
255 297 168
256 297 169
256 298 170
257 299 171
257 300 172
258 300 173
258 300 174
259 300 175
258 301 176
259 301 177
259 302 178
259 302 179
259 303 180
260 303 181
261 303 182
261 303 183
261 304 184
262 304 185
262 305 186
262 305 187
263 304 188
263 305 189
263 306 190
263 306 191
263 307 192
263 307 193
264 308 194
265 308 195
266 309 196
266 310 197
267 310 198
268 311 199
268 312 199
269 313 200
270 314 201
270 315 202
271 316 203
271 317 203
272 318 204
272 319 205
273 320 206
273 321 206
274 322 207
275 323 208
276 324 209
277 325 210
277 326 210
278 327 211
279 328 212
280 328 213
281 329 214
281 330 215
281 331 216
282 331 217
283 332 218
283 333 219
284 334 220
285 334 221
286 335 222
287 336 223
287 337 223
287 338 224
288 339 224
288 340 224
289 341 225
289 342 225
290 343 225
290 344 226
291 345 227
291 346 228
292 347 229
293 348 229
294 349 230
295 350 231
294 351 232
293 352 233
292 352 233
291 352 233
290 353 233
289 354 233
290 355 233
223
237 269 26
238 270 27
238 270 28
238 270 29
238 270 30
238 270 31
238 270 32
238 270 33
238 270 34
238 270 35
238 270 36
238 270 37
239 271 38
239 271 39
239 271 40
239 271 41
239 271 42
239 271 43
239 271 44
239 271 45
239 271 46
239 272 47
239 272 48
239 272 49
239 272 50
239 272 51
239 272 52
239 272 53
239 272 54
239 272 55
240 273 56
240 273 57
240 273 58
240 273 59
240 273 60
240 273 61
240 273 62
240 273 63
241 274 64
241 274 65
240 274 66
240 274 67
240 274 68
240 274 69
240 274 70
240 275 71
240 275 72
241 275 73
241 276 74
242 276 75
242 277 76
242 277 77
242 277 78
241 277 79
241 276 80
241 276 81
241 276 82
240 277 83
239 277 84
238 277 85
239 277 86
240 278 87
241 277 88
242 277 89
243 277 90
243 276 91
243 276 92
242 277 93
242 276 94
242 277 95
242 278 96
241 279 97
241 280 98
242 280 99
241 280 100
240 280 101
241 279 102
242 278 103
242 277 104
242 277 105
242 277 106
242 276 107
242 277 108
242 278 109
242 278 110
242 278 111
243 278 112
243 278 113
243 278 114
243 278 115
243 278 116
242 278 117
243 279 118
244 279 119
245 279 120
245 279 121
246 279 122
245 280 123
244 280 124
244 280 125
244 280 126
244 280 127
244 280 128
244 280 129
245 281 130
245 281 131
245 281 132
245 281 133
244 281 134
245 281 135
245 282 136
245 282 137
245 282 138
245 282 139
245 282 140
246 283 141
246 283 142
246 283 143
246 283 144
246 284 145
247 285 144
247 286 145
248 287 146
248 288 147
248 289 148
249 289 149
249 290 150
250 290 151
251 290 151
252 290 152
251 291 153
251 291 154
252 291 155
252 292 156
253 292 157
252 293 158
253 293 159
253 293 160
253 294 161
253 295 162
254 295 163
254 295 164
255 295 165
255 296 166
255 296 167
255 297 168
256 297 169
256 298 170
257 299 171
257 300 172
258 300 173
258 300 174
259 300 175
258 301 176
259 301 177
259 302 178
259 302 179
259 303 180
260 303 181
261 303 182
261 303 183
261 304 184
262 304 185
262 305 186
262 305 187
263 304 188
263 305 189
263 306 190
263 306 191
263 307 192
263 307 193
264 308 194
265 308 195
266 309 196
266 310 197
267 310 198
268 311 199
268 312 199
269 313 200
270 314 201
270 315 202
271 316 203
271 317 203
272 318 204
272 319 205
273 320 206
273 321 206
274 322 207
275 323 208
276 324 209
277 325 210
277 326 210
278 327 211
279 328 212
280 328 213
281 329 214
281 330 215
281 331 216
282 331 217
283 332 218
283 333 219
284 334 220
285 334 221
286 335 222
287 336 223
287 337 223
287 338 224
288 339 224
288 340 224
289 341 225
289 342 225
290 343 225
290 344 226
291 345 227
291 346 228
290 347 229
289 347 230
288 348 231
287 349 232
286 350 233
285 349 233
284 348 233
283 349 234
222
237 269 26
238 270 27
238 270 28
238 270 29
238 270 30
238 270 31
238 270 32
238 270 33
238 270 34
238 270 35
238 270 36
238 270 37
239 271 38
239 271 39
239 271 40
239 271 41
239 271 42
239 271 43
239 271 44
239 271 45
239 271 46
239 272 47
239 272 48
239 272 49
239 272 50
239 272 51
239 272 52
239 272 53
239 272 54
239 272 55
240 273 56
240 273 57
240 273 58
240 273 59
240 273 60
240 273 61
240 273 62
240 273 63
241 274 64
241 274 65
240 274 66
240 274 67
240 274 68
240 274 69
240 274 70
240 275 71
240 275 72
241 275 73
241 276 74
242 276 75
242 277 76
242 277 77
242 277 78
241 277 79
241 276 80
241 276 81
241 276 82
240 277 83
239 277 84
238 277 85
239 277 86
240 278 87
241 277 88
242 277 89
243 277 90
243 276 91
243 276 92
242 277 93
242 276 94
242 277 95
242 278 96
241 279 97
241 280 98
242 280 99
241 280 100
240 280 101
241 279 102
242 278 103
242 277 104
242 277 105
242 277 106
242 276 107
242 277 108
242 278 109
242 278 110
242 278 111
243 278 112
243 278 113
243 278 114
243 278 115
243 278 116
242 278 117
243 279 118
244 279 119
245 279 120
245 279 121
246 279 122
245 280 123
244 280 124
244 280 125
244 280 126
244 280 127
244 280 128
244 280 129
245 281 130
245 281 131
245 281 132
245 281 133
244 281 134
245 281 135
245 282 136
245 282 137
245 282 138
245 282 139
245 282 140
246 283 141
246 283 142
246 283 143
246 283 144
246 284 145
247 285 144
247 286 145
248 287 146
248 288 147
248 289 148
249 289 149
249 290 150
250 290 151
251 290 151
252 290 152
251 291 153
251 291 154
252 291 155
252 292 156
253 292 157
252 293 158
253 293 159
253 293 160
253 294 161
253 295 162
254 295 163
254 295 164
255 295 165
255 296 166
255 296 167
255 297 168
256 297 169
256 298 170
257 299 171
257 300 172
258 300 173
258 300 174
259 300 175
258 301 176
259 301 177
259 302 178
259 302 179
259 303 180
260 303 181
261 303 182
261 303 183
261 304 184
262 304 185
262 305 186
262 305 187
263 304 188
263 305 189
263 306 190
263 306 191
263 307 192
263 307 193
264 308 194
265 308 195
266 309 196
266 310 197
267 310 198
268 311 199
268 312 199
269 313 200
270 314 201
270 315 202
271 316 203
271 317 203
272 318 204
272 319 205
273 320 206
273 321 206
274 322 207
275 323 208
276 324 209
277 325 210
277 326 210
278 327 211
279 328 212
280 328 213
281 329 214
281 330 215
281 331 216
282 331 217
283 332 218
283 333 219
284 334 220
285 334 221
286 335 222
287 336 223
287 337 223
287 338 224
288 339 224
288 340 224
289 341 225
289 342 225
290 343 225
290 344 226
291 345 227
291 346 228
290 347 229
289 347 230
288 348 231
287 349 232
286 350 233
285 351 234
286 352 234
221
237 269 26
238 270 27
238 270 28
238 270 29
238 270 30
238 270 31
238 270 32
238 270 33
238 270 34
238 270 35
238 270 36
238 270 37
239 271 38
239 271 39
239 271 40
239 271 41
239 271 42
239 271 43
239 271 44
239 271 45
239 271 46
239 272 47
239 272 48
239 272 49
239 272 50
239 272 51
239 272 52
239 272 53
239 272 54
239 272 55
240 273 56
240 273 57
240 273 58
240 273 59
240 273 60
240 273 61
240 273 62
240 273 63
241 274 64
241 274 65
240 274 66
240 274 67
240 274 68
240 274 69
240 274 70
240 275 71
240 275 72
241 275 73
241 276 74
242 276 75
242 277 76
242 277 77
242 277 78
241 277 79
241 276 80
241 276 81
241 276 82
240 277 83
239 277 84
238 277 85
239 277 86
240 278 87
241 277 88
242 277 89
243 277 90
243 276 91
243 276 92
242 277 93
242 276 94
242 277 95
242 278 96
241 279 97
241 280 98
242 280 99
241 280 100
240 280 101
241 279 102
242 278 103
242 277 104
242 277 105
242 277 106
242 276 107
242 277 108
242 278 109
242 278 110
242 278 111
243 278 112
243 278 113
243 278 114
243 278 115
243 278 116
242 278 117
243 279 118
244 279 119
245 279 120
245 279 121
246 279 122
245 280 123
244 280 124
244 280 125
244 280 126
244 280 127
244 280 128
244 280 129
245 281 130
245 281 131
245 281 132
245 281 133
244 281 134
245 281 135
245 282 136
245 282 137
245 282 138
245 282 139
245 282 140
246 283 141
246 283 142
246 283 143
246 283 144
246 284 145
247 285 144
247 286 145
248 287 146
248 288 147
248 289 148
249 289 149
249 290 150
250 290 151
251 290 151
252 290 152
251 291 153
251 291 154
252 291 155
252 292 156
253 292 157
252 293 158
253 293 159
253 293 160
253 294 161
253 295 162
254 295 163
254 295 164
255 295 165
255 296 166
255 296 167
255 297 168
256 297 169
256 298 170
257 299 171
257 300 172
258 300 173
258 300 174
259 300 175
258 301 176
259 301 177
259 302 178
259 302 179
259 303 180
260 303 181
261 303 182
261 303 183
261 304 184
262 304 185
262 305 186
262 305 187
263 304 188
263 305 189
263 306 190
263 306 191
263 307 192
263 307 193
264 308 194
265 308 195
266 309 196
266 310 197
267 310 198
268 311 199
268 312 199
269 313 200
270 314 201
270 315 202
271 316 203
271 317 203
272 318 204
272 319 205
273 320 206
273 321 206
274 322 207
275 323 208
276 324 209
277 325 210
277 326 210
278 327 211
279 328 212
280 328 213
281 329 214
281 330 215
281 331 216
282 331 217
283 332 218
283 333 219
284 334 220
285 334 221
286 335 222
287 336 223
287 337 223
287 338 224
288 339 224
288 340 224
289 341 225
289 342 225
290 343 225
290 344 226
291 345 227
291 346 228
290 347 229
289 347 230
288 348 231
287 349 232
286 350 233
287 351 233
217
237 269 26
238 270 27
238 270 28
238 270 29
238 270 30
238 270 31
238 270 32
238 270 33
238 270 34
238 270 35
238 270 36
238 270 37
239 271 38
239 271 39
239 271 40
239 271 41
239 271 42
239 271 43
239 271 44
239 271 45
239 271 46
239 272 47
239 272 48
239 272 49
239 272 50
239 272 51
239 272 52
239 272 53
239 272 54
239 272 55
240 273 56
240 273 57
240 273 58
240 273 59
240 273 60
240 273 61
240 273 62
240 273 63
241 274 64
241 274 65
240 274 66
240 274 67
240 274 68
240 274 69
240 274 70
240 275 71
240 275 72
241 275 73
241 276 74
242 276 75
242 277 76
242 277 77
242 277 78
241 277 79
241 276 80
241 276 81
241 276 82
240 277 83
239 277 84
238 277 85
239 277 86
240 278 87
241 277 88
242 277 89
243 277 90
243 276 91
243 276 92
242 277 93
242 276 94
242 277 95
242 278 96
241 279 97
241 280 98
242 280 99
241 280 100
240 280 101
241 279 102
242 278 103
242 277 104
242 277 105
242 277 106
242 276 107
242 277 108
242 278 109
242 278 110
242 278 111
243 278 112
243 278 113
243 278 114
243 278 115
243 278 116
242 278 117
243 279 118
244 279 119
245 279 120
245 279 121
246 279 122
245 280 123
244 280 124
244 280 125
244 280 126
244 280 127
244 280 128
244 280 129
245 281 130
245 281 131
245 281 132
245 281 133
244 281 134
245 281 135
245 282 136
245 282 137
245 282 138
245 282 139
245 282 140
246 283 141
246 283 142
246 283 143
246 283 144
246 284 145
246 283 146
247 282 147
247 281 148
246 282 149
246 281 150
245 281 151
245 281 152
245 281 153
245 281 154
245 281 155
245 280 156
245 280 157
245 280 158
245 280 159
245 279 160
245 278 161
245 278 162
245 277 163
245 276 164
245 276 165
245 276 166
245 275 167
244 275 168
244 275 169
245 274 170
244 274 171
244 274 172
244 273 173
244 273 174
245 272 175
245 271 176
244 271 177
244 271 178
244 271 179
244 271 180
244 270 181
244 270 182
244 270 183
244 270 184
243 269 185
243 269 186
243 269 187
244 269 188
243 268 189
243 268 190
243 268 191
243 268 192
243 268 193
243 268 194
242 267 195
243 267 196
243 267 197
243 266 198
243 266 199
243 266 200
243 266 201
243 265 202
243 265 203
242 264 204
243 264 205
243 263 206
243 262 207
244 262 208
244 261 209
244 260 210
244 259 211
244 258 212
245 257 212
245 256 213
245 255 214
246 255 215
247 255 216
247 255 217
247 254 218
247 253 219
248 254 220
248 253 221
248 253 222
248 252 223
249 252 224
249 251 225
249 250 226
249 249 227
249 248 228
249 248 229
249 247 230
249 246 231
250 245 232
251 244 233
251 243 234
252 242 235
252 241 236
253 240 237
253 239 238
254 238 239
254 237 240
254 236 239
207
237 269 26
238 270 27
238 270 28
238 270 29
238 270 30
238 270 31
238 270 32
238 270 33
238 270 34
238 270 35
238 270 36
238 270 37
239 271 38
239 271 39
239 271 40
239 271 41
239 271 42
239 271 43
239 271 44
239 271 45
239 271 46
239 272 47
239 272 48
239 272 49
239 272 50
239 272 51
239 272 52
239 272 53
239 272 54
239 272 55
240 273 56
240 273 57
240 273 58
240 273 59
240 273 60
240 273 61
240 273 62
240 273 63
241 274 64
241 274 65
240 274 66
240 274 67
240 274 68
240 274 69
240 274 70
240 275 71
240 275 72
241 275 73
241 276 74
242 276 75
242 277 76
242 278 76
242 279 76
243 280 77
244 281 78
244 282 79
244 283 80
245 283 81
246 284 82
246 285 83
246 286 84
247 287 85
247 288 86
247 289 87
248 290 88
249 291 89
249 292 90
249 293 91
250 294 92
251 295 93
251 296 94
251 297 95
252 298 96
252 299 97
253 300 98
254 301 99
254 302 100
255 303 101
255 304 101
256 305 102
257 306 103
257 307 103
257 308 104
258 309 104
258 310 105
258 311 105
259 312 106
260 313 107
260 314 107
260 315 108
261 316 109
262 317 110
262 318 110
263 319 111
263 320 111
264 321 112
264 322 112
264 323 112
265 324 112
266 325 113
266 326 113
267 327 114
266 328 114
267 329 114
268 330 115
268 331 115
268 332 115
269 333 116
269 334 116
270 335 117
271 336 117
272 337 118
273 338 118
274 339 119
274 340 119
275 341 119
275 342 119
276 343 119
277 343 119
278 344 119
278 345 119
278 346 119
278 347 119
279 348 119
279 349 119
279 350 119
279 351 119
280 352 119
280 353 119
280 354 119
280 355 119
281 356 119
281 357 119
281 358 119
281 359 119
281 360 119
281 361 119
281 362 119
282 363 119
282 364 119
282 365 118
283 366 118
283 367 118
283 368 117
283 369 117
284 370 116
284 371 116
284 372 116
284 373 116
285 374 115
285 375 115
286 376 115
286 377 114
286 378 114
287 379 114
287 380 114
287 381 114
288 382 113
288 383 113
288 384 112
288 385 112
288 386 111
289 387 111
290 388 110
289 389 110
290 390 109
290 391 109
290 392 108
290 393 108
290 394 107
290 395 107
290 396 106
291 397 105
291 398 104
291 399 104
291 400 103
292 401 102
292 402 101
292 403 100
292 404 100
292 405 99
292 406 98
292 407 98
292 408 97
292 409 96
293 410 95
293 411 94
293 412 93
293 413 92
293 414 91
293 415 90
293 416 90
293 417 89
293 418 88
293 419 87
293 420 86
293 421 85
293 422 84
293 422 83
293 423 82
293 424 81
293 425 80
293 426 79
293 427 78
293 428 77
293 429 76
293 430 75
201
237 269 26
238 270 27
238 270 28
238 270 29
238 270 30
238 270 31
238 270 32
238 270 33
238 270 34
238 270 35
238 270 36
238 270 37
239 271 38
239 271 39
239 271 40
239 271 41
239 271 42
239 271 43
239 271 44
239 271 45
239 271 46
239 272 47
239 272 48
239 272 49
239 272 50
239 272 51
239 272 52
239 272 53
239 272 54
239 272 55
240 273 56
240 273 57
240 273 58
240 273 59
240 273 60
240 273 61
240 273 62
240 273 63
241 274 64
241 274 65
240 274 66
240 274 67
240 274 68
240 274 69
240 274 70
240 275 71
240 275 72
241 275 73
241 276 74
242 276 75
242 277 76
242 277 77
242 277 78
241 277 79
241 276 80
241 276 81
241 276 82
240 277 83
239 277 84
238 277 85
239 277 86
240 278 87
241 277 88
242 277 89
243 277 90
243 276 91
243 276 92
242 277 93
242 276 94
242 277 95
242 278 96
241 279 97
241 280 98
242 280 99
241 280 100
240 280 101
241 279 102
242 278 103
242 277 104
242 277 105
242 277 106
242 276 107
242 275 108
242 275 109
241 274 110
241 274 111
240 274 112
241 273 113
240 273 114
240 273 115
241 272 116
241 272 117
241 272 118
240 272 119
239 272 120
239 271 121
238 271 122
238 270 123
237 270 124
236 269 125
237 268 126
237 268 127
237 267 128
237 267 129
237 266 130
236 266 131
236 265 132
236 265 133
235 265 134
235 264 135
235 264 136
235 264 137
235 263 138
234 263 139
234 263 140
234 262 141
234 262 142
234 262 143
234 261 144
234 261 145
234 261 146
234 261 147
234 260 148
233 260 149
233 260 150
233 259 151
233 258 152
232 258 153
232 257 154
231 257 155
231 256 156
230 255 157
229 255 158
229 254 159
229 253 160
228 253 161
228 252 162
227 252 163
227 251 164
226 251 165
226 250 166
225 249 167
225 248 168
225 248 169
225 247 170
225 247 171
224 247 172
224 246 173
224 245 174
224 244 175
223 243 175
222 243 176
221 242 177
221 241 178
221 240 178
220 239 179
219 238 180
218 237 181
218 236 181
219 235 181
218 234 182
217 233 183
217 232 183
216 231 184
215 231 185
214 230 186
214 229 187
213 229 188
213 229 189
213 228 190
212 227 191
212 226 191
212 225 192
211 224 193
211 223 194
210 222 195
209 221 196
209 220 197
209 219 197
208 218 198
207 217 199
206 216 200
206 215 201
205 214 202
204 213 203
204 212 203
203 211 204
202 210 205
202 209 206
202 208 206
201 207 207
200 206 208
200 205 208
199 204 209
198 203 210
197 202 211
196 201 212
195 200 213
195 199 213
194 198 214
193 197 215
194
237 269 26
238 270 27
238 270 28
238 270 29
238 270 30
238 270 31
238 270 32
238 270 33
238 270 34
238 270 35
238 270 36
238 270 37
239 271 38
239 271 39
239 271 40
239 271 41
239 271 42
239 271 43
239 271 44
239 271 45
239 271 46
239 272 47
239 272 48
239 272 49
239 272 50
239 272 51
239 272 52
239 272 53
239 272 54
239 272 55
240 273 56
240 273 57
240 273 58
240 273 59
240 273 60
240 273 61
240 273 62
240 273 63
241 274 64
241 274 65
240 274 66
240 274 67
240 274 68
240 274 69
240 274 70
240 275 71
240 275 72
241 275 73
241 276 74
242 276 75
242 277 76
242 277 77
242 277 78
241 277 79
241 276 80
241 276 81
241 276 82
240 277 83
239 277 84
238 277 85
239 277 86
240 278 87
241 277 88
242 277 89
243 277 90
243 276 91
243 276 92
242 277 93
242 276 94
242 277 95
242 278 96
241 279 97
241 280 98
242 280 99
241 280 100
240 280 101
241 279 102
242 278 103
242 277 104
242 277 105
242 277 106
242 276 107
242 277 108
242 278 109
242 278 110
242 278 111
243 278 112
243 278 113
243 278 114
243 278 115
243 278 116
242 278 117
243 279 118
244 279 119
245 279 120
245 279 121
246 279 122
245 280 123
244 280 124
244 280 125
244 280 126
244 280 127
244 280 128
244 280 129
245 281 130
245 281 131
245 281 132
245 281 133
244 281 134
245 281 135
245 282 136
245 282 137
245 282 138
245 282 139
245 282 140
246 283 141
246 283 142
246 283 143
246 283 144
246 284 145
246 283 146
247 282 147
247 281 148
246 282 149
246 281 150
245 281 151
245 281 152
245 281 153
245 281 154
245 281 155
245 280 156
245 280 157
245 280 158
245 280 159
245 279 160
245 278 161
245 278 162
245 277 163
245 276 164
245 276 165
245 276 166
245 275 167
244 275 168
244 275 169
245 274 170
244 274 171
244 274 172
244 273 173
244 273 174
245 272 175
245 271 176
244 271 177
244 271 178
244 271 179
244 271 180
244 270 181
244 270 182
244 270 183
244 270 184
243 269 185
243 269 186
243 269 187
244 269 188
243 268 189
243 268 190
243 268 191
243 268 192
243 268 193
243 268 194
242 267 195
243 267 196
243 267 197
243 266 198
243 266 199
243 266 200
243 266 201
243 265 202
243 265 203
242 264 204
243 264 205
243 263 206
243 262 207
244 262 208
244 261 209
244 260 210
244 259 211
244 258 212
245 257 212
244 256 212
243 256 212
242 256 213
241 256 214
241 256 215
241 256 216
188
237 269 26
238 270 27
238 270 28
238 270 29
238 270 30
238 270 31
238 270 32
238 270 33
238 270 34
238 270 35
238 270 36
238 270 37
239 271 38
239 271 39
239 271 40
239 271 41
239 271 42
239 271 43
239 271 44
239 271 45
239 271 46
239 272 47
239 272 48
239 272 49
239 272 50
239 272 51
239 272 52
239 272 53
239 272 54
239 272 55
240 273 56
240 273 57
240 273 58
240 273 59
240 273 60
240 273 61
240 273 62
240 273 63
241 274 64
241 274 65
240 274 66
240 274 67
240 274 68
240 274 69
240 274 70
240 275 71
240 275 72
241 275 73
241 276 74
242 276 75
242 277 76
242 277 77
242 277 78
241 277 79
241 276 80
241 276 81
241 276 82
240 277 83
239 277 84
238 277 85
239 277 86
240 278 87
241 277 88
242 277 89
243 277 90
243 276 91
243 276 92
242 277 93
242 276 94
242 277 95
242 278 96
241 279 97
241 280 98
242 280 99
241 280 100
240 280 101
241 279 102
242 278 103
242 277 104
242 277 105
242 277 106
242 276 107
242 277 108
242 278 109
242 278 110
242 278 111
243 278 112
243 278 113
243 278 114
243 278 115
243 278 116
242 278 117
243 279 118
244 279 119
245 279 120
245 279 121
246 279 122
245 280 123
244 280 124
244 280 125
244 280 126
244 280 127
244 280 128
244 280 129
245 281 130
245 281 131
245 281 132
245 281 133
244 281 134
245 281 135
245 282 136
245 282 137
245 282 138
245 282 139
245 282 140
246 283 141
246 283 142
246 283 143
246 283 144
246 284 145
246 283 146
247 282 147
247 281 148
246 282 149
246 281 150
245 281 151
245 281 152
245 281 153
245 281 154
245 281 155
245 280 156
245 280 157
245 280 158
245 280 159
244 280 160
243 281 161
243 282 162
243 283 163
242 283 164
242 283 165
241 283 166
241 283 167
240 284 168
240 284 169
240 284 170
240 284 171
240 284 172
240 284 173
240 284 174
239 285 175
239 285 176
239 285 177
239 285 178
239 285 179
239 285 180
239 285 181
239 285 182
239 285 183
238 285 184
238 285 185
238 286 186
238 286 187
237 286 188
236 286 189
235 286 190
235 286 191
234 286 192
234 286 193
233 286 194
232 286 195
232 286 196
232 286 197
231 287 198
231 287 199
231 287 200
231 287 201
230 287 202
230 287 203
229 287 204
229 288 205
229 288 206
228 288 207
228 288 208
228 288 209
228 289 210
228 289 211
227 289 212
226 290 216
187
237 269 26
238 270 27
238 270 28
238 270 29
238 270 30
238 270 31
238 270 32
238 270 33
238 270 34
238 270 35
238 270 36
238 270 37
239 271 38
239 271 39
239 271 40
239 271 41
239 271 42
239 271 43
239 271 44
239 271 45
239 271 46
239 272 47
239 272 48
239 272 49
239 272 50
239 272 51
239 272 52
239 272 53
239 272 54
239 272 55
240 273 56
240 273 57
240 273 58
240 273 59
240 273 60
240 273 61
240 273 62
240 273 63
241 274 64
241 274 65
240 274 66
240 274 67
240 274 68
240 274 69
240 274 70
240 275 71
240 275 72
241 275 73
241 276 74
242 276 75
242 277 76
242 277 77
242 277 78
241 277 79
241 276 80
241 276 81
241 276 82
240 277 83
239 277 84
238 277 85
239 277 86
240 278 87
241 277 88
242 277 89
243 277 90
243 276 91
243 276 92
242 277 93
242 276 94
242 277 95
242 278 96
241 279 97
241 280 98
242 280 99
241 280 100
240 280 101
241 279 102
242 278 103
242 277 104
242 277 105
242 277 106
242 276 107
242 277 108
242 278 109
242 278 110
242 278 111
243 278 112
243 278 113
243 278 114
243 278 115
243 278 116
242 278 117
243 279 118
244 279 119
245 279 120
245 279 121
246 279 122
245 280 123
244 280 124
244 280 125
244 280 126
244 280 127
244 280 128
244 280 129
245 281 130
245 281 131
245 281 132
245 281 133
244 281 134
245 281 135
245 282 136
245 282 137
245 282 138
245 282 139
245 282 140
246 283 141
246 283 142
246 283 143
246 283 144
246 284 145
246 283 146
247 282 147
247 281 148
246 282 149
246 281 150
245 281 151
245 281 152
245 281 153
245 281 154
245 281 155
245 280 156
245 280 157
245 280 158
245 280 159
244 280 160
243 281 161
243 282 162
243 283 163
242 283 164
242 283 165
241 283 166
241 283 167
240 284 168
240 284 169
240 284 170
240 284 171
240 284 172
240 284 173
240 284 174
239 285 175
239 285 176
239 285 177
239 285 178
239 285 179
239 285 180
239 285 181
239 285 182
239 285 183
238 285 184
238 285 185
238 286 186
238 286 187
237 286 188
236 286 189
235 286 190
235 286 191
234 286 192
234 286 193
233 286 194
232 286 195
232 286 196
232 286 197
231 287 198
231 287 199
231 287 200
231 287 201
230 287 202
230 287 203
229 287 204
229 288 205
229 288 206
228 288 207
228 288 208
228 288 209
228 289 210
228 289 211
227 289 212
163
237 269 26
238 270 27
238 270 28
238 270 29
238 270 30
238 270 31
238 270 32
238 270 33
238 270 34
238 270 35
238 270 36
238 270 37
239 271 38
239 271 39
239 271 40
239 271 41
239 271 42
239 271 43
239 271 44
239 271 45
239 271 46
239 272 47
239 272 48
239 272 49
239 272 50
239 272 51
239 272 52
239 272 53
239 272 54
239 272 55
240 273 56
240 273 57
240 273 58
240 273 59
240 273 60
240 273 61
240 273 62
240 273 63
241 274 64
241 274 65
240 274 66
240 274 67
240 274 68
240 274 69
240 274 70
240 275 71
240 275 72
241 275 73
241 276 74
242 276 75
242 277 76
242 277 77
242 277 78
241 277 79
241 276 80
241 276 81
241 276 82
240 277 83
239 277 84
238 277 85
239 277 86
240 278 87
241 277 88
242 277 89
243 277 90
243 276 91
243 276 92
242 277 93
242 276 94
242 277 95
242 278 96
241 279 97
241 280 98
242 280 99
241 280 100
240 280 101
241 279 102
242 278 103
242 277 104
242 277 105
242 277 106
242 276 107
242 277 108
242 278 109
242 278 110
242 278 111
243 278 112
243 278 113
243 278 114
243 278 115
243 278 116
242 278 117
243 279 118
244 279 119
245 279 120
245 279 121
246 279 122
245 280 123
244 280 124
244 280 125
244 280 126
244 280 127
244 280 128
244 280 129
245 281 130
245 281 131
245 281 132
245 281 133
244 281 134
245 281 135
245 282 136
245 282 137
245 282 138
245 282 139
245 282 140
246 283 141
246 283 142
246 283 143
246 283 144
246 284 145
246 283 146
247 282 147
247 281 148
246 282 149
246 281 150
245 281 151
245 281 152
245 281 153
245 281 154
245 281 155
245 280 156
245 280 157
245 280 158
245 280 159
245 279 160
245 278 161
245 278 162
245 277 163
245 276 164
245 276 165
245 276 166
245 275 167
244 275 168
244 275 169
245 274 170
244 274 171
244 274 172
244 273 173
244 273 174
245 272 175
245 271 176
244 271 177
244 271 178
244 271 179
244 271 180
244 270 181
244 270 182
244 270 183
244 270 184
243 269 185
243 269 186
243 269 187
254 272 187
155
237 269 26
238 270 27
238 270 28
238 270 29
238 270 30
238 270 31
238 270 32
238 270 33
238 270 34
238 270 35
238 270 36
238 270 37
239 271 38
239 271 39
239 271 40
239 271 41
239 271 42
239 271 43
239 271 44
239 271 45
239 271 46
239 272 47
239 272 48
239 272 49
239 272 50
239 272 51
239 272 52
239 272 53
239 272 54
239 272 55
240 273 56
240 273 57
240 273 58
240 273 59
240 273 60
240 273 61
240 273 62
240 273 63
241 274 64
241 274 65
240 274 66
240 274 67
240 274 68
240 274 69
240 274 70
240 275 71
240 275 72
241 275 73
241 276 74
242 276 75
242 277 76
242 277 77
242 277 78
241 277 79
241 276 80
241 276 81
241 276 82
240 277 83
239 277 84
238 277 85
239 277 86
240 278 87
241 277 88
242 277 89
243 277 90
243 276 91
243 276 92
242 277 93
242 276 94
242 277 95
242 278 96
241 279 97
241 280 98
242 280 99
241 280 100
240 280 101
241 279 102
242 278 103
242 277 104
242 277 105
242 277 106
242 276 107
242 277 108
242 278 109
242 278 110
242 278 111
243 278 112
243 278 113
243 278 114
243 278 115
243 278 116
242 278 117
243 279 118
244 279 119
245 279 120
245 279 121
246 279 122
245 280 123
244 280 124
244 280 125
244 280 126
244 280 127
244 280 128
244 280 129
245 281 130
245 281 131
245 281 132
245 281 133
244 281 134
245 281 135
245 282 136
245 282 137
245 282 138
245 282 139
245 282 140
246 283 141
246 283 142
246 283 143
246 283 144
246 284 145
247 285 144
247 286 145
248 287 146
248 288 147
248 289 148
249 289 149
249 290 150
250 290 151
251 290 151
252 290 152
251 291 153
251 291 154
252 291 155
252 292 156
253 292 157
252 293 158
253 293 159
253 293 160
253 294 161
253 295 162
254 295 163
254 295 164
255 295 165
255 296 166
255 296 167
255 297 168
256 297 169
256 298 170
257 299 171
257 300 172
256 301 173
255 302 173
254 303 173
253 304 174
252 305 175
138
237 269 26
238 270 27
238 270 28
238 270 29
238 270 30
238 270 31
238 270 32
238 270 33
238 270 34
238 270 35
238 270 36
238 270 37
239 271 38
239 271 39
239 271 40
239 271 41
239 271 42
239 271 43
239 271 44
239 271 45
239 271 46
239 272 47
239 272 48
239 272 49
239 272 50
239 272 51
239 272 52
239 272 53
239 272 54
239 272 55
240 273 56
240 273 57
240 273 58
240 273 59
240 273 60
240 273 61
240 273 62
240 273 63
241 274 64
241 274 65
240 274 66
240 274 67
240 274 68
240 274 69
240 274 70
240 275 71
240 275 72
241 275 73
241 276 74
242 276 75
242 277 76
242 277 77
242 277 78
241 277 79
241 276 80
241 276 81
241 276 82
240 277 83
239 277 84
238 277 85
239 277 86
240 278 87
241 277 88
242 277 89
243 277 90
243 276 91
243 276 92
242 277 93
242 276 94
242 277 95
242 278 96
241 279 97
241 280 98
242 280 99
241 280 100
240 280 101
241 279 102
242 278 103
242 277 104
242 277 105
242 277 106
242 276 107
242 277 108
242 278 109
242 278 110
242 278 111
243 278 112
243 278 113
243 278 114
243 278 115
243 278 116
242 278 117
243 279 118
244 279 119
245 279 120
245 279 121
246 279 122
245 280 123
244 280 124
244 280 125
244 280 126
244 280 127
244 280 128
244 280 129
245 281 130
245 281 131
245 281 132
245 281 133
244 281 134
245 281 135
245 282 136
245 282 137
245 282 138
245 282 139
245 282 140
246 283 141
246 283 142
246 283 143
246 283 144
246 284 145
246 283 146
247 282 147
248 282 147
249 282 147
250 282 147
251 282 148
252 283 149
252 283 150
253 283 151
253 283 152
253 283 153
254 282 154
254 282 155
254 282 156
254 282 157
254 282 158
255 282 159
255 282 160
137
237 269 26
238 270 27
238 270 28
238 270 29
238 270 30
238 270 31
238 270 32
238 270 33
238 270 34
238 270 35
238 270 36
238 270 37
239 271 38
239 271 39
239 271 40
239 271 41
239 271 42
239 271 43
239 271 44
239 271 45
239 271 46
239 272 47
239 272 48
239 272 49
239 272 50
239 272 51
239 272 52
239 272 53
239 272 54
239 272 55
240 273 56
240 273 57
240 273 58
240 273 59
240 273 60
240 273 61
240 273 62
240 273 63
241 274 64
241 274 65
240 274 66
240 274 67
240 274 68
240 274 69
240 274 70
240 275 71
240 275 72
241 275 73
241 276 74
242 276 75
242 277 76
242 277 77
242 277 78
241 277 79
241 276 80
241 276 81
241 276 82
240 277 83
239 277 84
238 277 85
239 277 86
240 278 87
241 277 88
242 277 89
243 277 90
243 276 91
243 276 92
242 277 93
242 276 94
242 277 95
242 278 96
241 279 97
241 280 98
242 280 99
241 280 100
240 280 101
241 279 102
242 278 103
242 277 104
242 277 105
242 277 106
242 276 107
242 277 108
242 278 109
242 278 110
242 278 111
243 278 112
243 278 113
243 278 114
243 278 115
243 278 116
242 278 117
243 279 118
244 279 119
245 279 120
245 279 121
246 279 122
245 280 123
244 280 124
244 280 125
244 280 126
244 280 127
244 280 128
244 280 129
245 281 130
245 281 131
245 281 132
245 281 133
244 281 134
245 281 135
245 282 136
245 282 137
245 282 138
245 282 139
245 282 140
246 283 141
246 283 142
246 283 143
246 283 144
246 284 145
246 283 146
247 282 147
248 282 147
249 282 147
250 282 147
251 282 148
252 283 149
252 283 150
253 283 151
253 283 152
253 283 153
254 282 154
254 282 155
254 282 156
254 282 157
254 282 158
253 283 159
128
237 269 26
238 270 27
238 270 28
238 270 29
238 270 30
238 270 31
238 270 32
238 270 33
238 270 34
238 270 35
238 270 36
238 270 37
239 271 38
239 271 39
239 271 40
239 271 41
239 271 42
239 271 43
239 271 44
239 271 45
239 271 46
239 272 47
239 272 48
239 272 49
239 272 50
239 272 51
239 272 52
239 272 53
239 272 54
239 272 55
240 273 56
240 273 57
240 273 58
240 273 59
240 273 60
240 273 61
240 273 62
240 273 63
241 274 64
241 274 65
240 274 66
240 274 67
240 274 68
240 274 69
240 274 70
240 275 71
240 275 72
241 275 73
241 276 74
242 276 75
242 277 76
242 277 77
242 277 78
241 277 79
241 276 80
241 276 81
241 276 82
240 277 83
239 277 84
240 277 85
241 277 86
242 278 87
243 279 88
244 280 89
244 281 90
245 282 91
245 283 92
245 284 93
246 284 94
246 285 95
247 286 96
247 286 97
247 287 98
247 288 99
248 289 100
248 290 101
249 290 102
249 291 103
250 291 104
250 292 105
251 293 106
251 294 107
252 295 108
253 296 109
253 297 109
254 298 110
254 299 111
255 300 112
255 301 113
256 302 113
256 303 114
256 304 115
257 305 116
257 306 117
257 307 118
258 308 119
258 309 120
258 310 120
259 311 121
259 312 121
260 313 122
259 314 122
259 315 122
260 316 123
260 317 124
261 318 125
261 319 125
261 320 126
261 321 127
262 322 127
263 323 128
263 324 129
264 325 129
265 326 129
265 327 130
266 328 130
267 329 131
267 330 131
267 331 132
268 332 132
268 333 133
269 334 133
269 335 134
270 336 134
270 337 134
271 338 135
272 339 135
272 340 136
127
237 269 26
238 270 27
238 270 28
238 270 29
238 270 30
238 270 31
238 270 32
238 270 33
238 270 34
238 270 35
238 270 36
238 270 37
239 271 38
239 271 39
239 271 40
239 271 41
239 271 42
239 271 43
239 271 44
239 271 45
239 271 46
239 272 47
239 272 48
239 272 49
239 272 50
239 272 51
239 272 52
239 272 53
239 272 54
239 272 55
240 273 56
240 273 57
240 273 58
240 273 59
240 273 60
240 273 61
240 273 62
240 273 63
241 274 64
241 274 65
240 274 66
240 274 67
240 274 68
240 274 69
240 274 70
240 275 71
240 275 72
241 275 73
241 276 74
242 276 75
242 277 76
242 277 77
242 277 78
241 277 79
241 276 80
241 276 81
241 276 82
240 277 83
239 277 84
238 277 85
239 277 86
240 278 87
241 277 88
242 277 89
243 277 90
243 276 91
243 276 92
242 277 93
242 276 94
242 277 95
242 278 96
241 279 97
241 280 98
242 280 99
241 280 100
240 280 101
241 279 102
242 278 103
242 277 104
242 277 105
242 277 106
242 276 107
242 277 108
242 278 109
242 278 110
242 278 111
243 278 112
243 278 113
243 278 114
243 278 115
243 278 116
242 278 117
243 279 118
244 279 119
245 279 120
245 279 121
246 279 122
245 280 123
244 280 124
244 280 125
244 280 126
244 280 127
244 280 128
244 280 129
245 281 130
245 281 131
245 281 132
245 281 133
244 281 134
245 281 135
245 282 136
245 282 137
245 282 138
245 282 139
245 282 140
246 283 141
246 283 142
246 283 143
246 283 144
246 284 145
247 285 144
247 286 145
248 287 146
248 288 147
247 289 148
246 290 149
245 291 150
104
237 269 26
238 270 27
238 270 28
238 270 29
238 270 30
238 270 31
238 270 32
238 270 33
238 270 34
238 270 35
238 270 36
238 270 37
239 271 38
239 271 39
239 271 40
239 271 41
239 271 42
239 271 43
239 271 44
239 271 45
239 271 46
239 272 47
239 272 48
239 272 49
239 272 50
239 272 51
239 272 52
239 272 53
239 272 54
239 272 55
240 273 56
240 273 57
240 273 58
240 273 59
240 273 60
240 273 61
240 273 62
240 273 63
241 274 64
241 274 65
240 274 66
240 274 67
240 274 68
240 274 69
240 274 70
240 275 71
240 275 72
241 275 73
241 276 74
242 276 75
242 277 76
242 277 77
242 277 78
241 277 79
241 276 80
241 276 81
241 276 82
240 277 83
239 277 84
238 277 85
239 277 86
240 278 87
241 277 88
242 277 89
243 277 90
243 276 91
243 276 92
242 277 93
242 276 94
242 277 95
242 278 96
241 279 97
241 280 98
242 280 99
241 280 100
240 280 101
241 279 102
242 278 103
242 277 104
242 277 105
242 277 106
242 276 107
242 275 108
242 275 109
241 274 110
241 274 111
240 274 112
241 273 113
240 273 114
240 273 115
241 272 116
241 272 117
241 272 118
240 272 119
239 272 120
239 271 121
238 271 122
238 270 123
237 270 124
236 269 125
235 270 125
234 269 125
233 270 126
233 271 127
103
237 269 26
238 270 27
238 270 28
238 270 29
238 270 30
238 270 31
238 270 32
238 270 33
238 270 34
238 270 35
238 270 36
238 270 37
239 271 38
239 271 39
239 271 40
239 271 41
239 271 42
239 271 43
239 271 44
239 271 45
239 271 46
239 272 47
239 272 48
239 272 49
239 272 50
239 272 51
239 272 52
239 272 53
239 272 54
239 272 55
240 273 56
240 273 57
240 273 58
240 273 59
240 273 60
240 273 61
240 273 62
240 273 63
241 274 64
241 274 65
240 274 66
240 274 67
240 274 68
240 274 69
240 274 70
240 275 71
240 275 72
241 275 73
241 276 74
242 276 75
242 277 76
242 277 77
242 277 78
241 277 79
241 276 80
241 276 81
241 276 82
240 277 83
239 277 84
238 277 85
239 277 86
240 278 87
241 277 88
242 277 89
243 277 90
243 276 91
243 276 92
242 277 93
242 276 94
242 277 95
242 278 96
241 279 97
241 280 98
242 280 99
241 280 100
240 280 101
241 279 102
242 278 103
242 277 104
242 277 105
242 277 106
242 276 107
242 277 108
242 278 109
242 278 110
242 278 111
243 278 112
243 278 113
243 278 114
243 278 115
243 278 116
242 278 117
243 279 118
244 279 119
245 279 120
245 279 121
246 279 122
247 278 122
248 278 123
249 278 124
250 279 125
250 279 126
251 278 127
102
237 269 26
238 270 27
238 270 28
238 270 29
238 270 30
238 270 31
238 270 32
238 270 33
238 270 34
238 270 35
238 270 36
238 270 37
239 271 38
239 271 39
239 271 40
239 271 41
239 271 42
239 271 43
239 271 44
239 271 45
239 271 46
239 272 47
239 272 48
239 272 49
239 272 50
239 272 51
239 272 52
239 272 53
239 272 54
239 272 55
240 273 56
240 273 57
240 273 58
240 273 59
240 273 60
240 273 61
240 273 62
240 273 63
241 274 64
241 274 65
240 274 66
240 274 67
240 274 68
240 274 69
240 274 70
240 275 71
240 275 72
241 275 73
241 276 74
242 276 75
242 277 76
242 277 77
242 277 78
241 277 79
241 276 80
241 276 81
241 276 82
240 277 83
239 277 84
238 277 85
239 277 86
240 278 87
241 277 88
242 277 89
243 277 90
243 276 91
243 276 92
242 277 93
242 276 94
242 277 95
242 278 96
241 279 97
241 280 98
242 280 99
241 280 100
240 280 101
241 279 102
242 278 103
242 277 104
242 277 105
242 277 106
242 276 107
242 277 108
242 278 109
242 278 110
242 278 111
243 278 112
243 278 113
243 278 114
243 278 115
243 278 116
242 278 117
243 279 118
244 279 119
245 279 120
245 279 121
246 279 122
247 278 122
248 278 123
249 277 123
249 276 124
250 275 125
96
237 269 26
238 270 27
238 270 28
238 270 29
238 270 30
238 270 31
238 270 32
238 270 33
238 270 34
238 270 35
238 270 36
238 270 37
239 271 38
239 271 39
239 271 40
239 271 41
239 271 42
239 271 43
239 271 44
239 271 45
239 271 46
239 272 47
239 272 48
239 272 49
239 272 50
239 272 51
239 272 52
239 272 53
239 272 54
239 272 55
240 273 56
240 273 57
240 273 58
240 273 59
240 273 60
240 273 61
240 273 62
240 273 63
241 274 64
241 274 65
240 274 66
240 274 67
240 274 68
240 274 69
240 274 70
240 275 71
240 275 72
241 275 73
241 276 74
242 276 75
242 277 76
242 277 77
242 277 78
241 277 79
241 276 80
241 276 81
241 276 82
240 277 83
239 277 84
238 277 85
239 277 86
240 278 87
241 277 88
242 277 89
243 277 90
243 276 91
243 276 92
242 277 93
242 276 94
242 277 95
242 278 96
241 279 97
241 280 98
242 280 99
241 280 100
240 280 101
241 279 102
242 278 103
242 277 104
242 277 105
242 277 106
242 276 107
242 277 108
242 278 109
242 278 110
242 278 111
243 278 112
243 278 113
243 278 114
243 278 115
243 278 116
242 278 117
241 279 117
240 279 117
239 279 118
238 279 119
89
237 269 26
238 270 27
238 270 28
238 270 29
238 270 30
238 270 31
238 270 32
238 270 33
238 270 34
238 270 35
238 270 36
238 270 37
239 271 38
239 271 39
239 271 40
239 271 41
239 271 42
239 271 43
239 271 44
239 271 45
239 271 46
239 272 47
239 272 48
239 272 49
239 272 50
239 272 51
239 272 52
239 272 53
239 272 54
239 272 55
240 273 56
240 273 57
240 273 58
240 273 59
240 273 60
240 273 61
240 273 62
240 273 63
241 274 64
241 274 65
240 274 66
240 274 67
240 274 68
240 274 69
240 274 70
240 275 71
240 275 72
241 275 73
241 276 74
242 276 75
242 277 76
242 277 77
242 277 78
241 277 79
241 276 80
241 276 81
241 276 82
240 277 83
239 277 84
240 277 85
241 277 86
242 278 87
243 279 88
244 280 89
244 281 90
245 282 91
245 283 92
245 284 93
246 284 94
246 285 95
247 286 96
247 286 97
247 287 98
247 288 99
248 289 100
248 290 101
249 290 102
249 291 103
250 291 104
250 292 105
251 293 106
251 294 107
252 295 108
253 296 109
254 296 109
255 296 109
256 295 109
257 294 108
258 293 108
89
237 269 26
238 270 27
238 270 28
238 270 29
238 270 30
238 270 31
238 270 32
238 270 33
238 270 34
238 270 35
238 270 36
238 270 37
239 271 38
239 271 39
239 271 40
239 271 41
239 271 42
239 271 43
239 271 44
239 271 45
239 271 46
239 272 47
239 272 48
239 272 49
239 272 50
239 272 51
239 272 52
239 272 53
239 272 54
239 272 55
240 273 56
240 273 57
240 273 58
240 273 59
240 273 60
240 273 61
240 273 62
240 273 63
241 274 64
241 274 65
240 274 66
240 274 67
240 274 68
240 274 69
240 274 70
240 275 71
240 275 72
241 275 73
241 276 74
242 276 75
242 277 76
242 277 77
242 277 78
241 277 79
241 276 80
241 276 81
241 276 82
240 277 83
239 277 84
240 277 85
241 277 86
242 278 87
243 279 88
244 280 89
244 281 90
245 282 91
245 283 92
245 284 93
246 284 94
246 285 95
247 286 96
247 286 97
247 287 98
247 288 99
248 289 100
248 290 101
249 290 102
249 291 103
250 291 104
250 292 105
251 293 106
251 294 107
252 295 108
253 296 109
253 297 109
254 298 110
254 299 111
255 300 112
250 309 112
88
237 269 26
238 270 27
238 270 28
238 270 29
238 270 30
238 270 31
238 270 32
238 270 33
238 270 34
238 270 35
238 270 36
238 270 37
239 271 38
239 271 39
239 271 40
239 271 41
239 271 42
239 271 43
239 271 44
239 271 45
239 271 46
239 272 47
239 272 48
239 272 49
239 272 50
239 272 51
239 272 52
239 272 53
239 272 54
239 272 55
240 273 56
240 273 57
240 273 58
240 273 59
240 273 60
240 273 61
240 273 62
240 273 63
241 274 64
241 274 65
240 274 66
240 274 67
240 274 68
240 274 69
240 274 70
240 275 71
240 275 72
241 275 73
241 276 74
242 276 75
242 277 76
242 277 77
242 277 78
241 277 79
241 276 80
241 276 81
241 276 82
240 277 83
239 277 84
240 277 85
241 277 86
242 278 87
243 279 88
244 280 89
244 281 90
245 282 91
245 283 92
245 284 93
246 284 94
246 285 95
247 286 96
247 286 97
247 287 98
247 288 99
248 289 100
248 290 101
249 290 102
249 291 103
250 291 104
250 292 105
251 293 106
251 294 107
252 295 108
253 296 109
253 297 109
254 298 110
254 299 111
248 307 111
88
237 269 26
238 270 27
238 270 28
238 270 29
238 270 30
238 270 31
238 270 32
238 270 33
238 270 34
238 270 35
238 270 36
238 270 37
239 271 38
239 271 39
239 271 40
239 271 41
239 271 42
239 271 43
239 271 44
239 271 45
239 271 46
239 272 47
239 272 48
239 272 49
239 272 50
239 272 51
239 272 52
239 272 53
239 272 54
239 272 55
240 273 56
240 273 57
240 273 58
240 273 59
240 273 60
240 273 61
240 273 62
240 273 63
241 274 64
241 274 65
240 274 66
240 274 67
240 274 68
240 274 69
240 274 70
240 275 71
240 275 72
241 275 73
241 276 74
242 276 75
242 277 76
242 277 77
242 277 78
241 277 79
241 276 80
241 276 81
241 276 82
240 277 83
239 277 84
240 277 85
241 277 86
242 278 87
243 279 88
244 280 89
244 281 90
245 282 91
245 283 92
245 284 93
246 284 94
246 285 95
247 286 96
247 286 97
247 287 98
247 288 99
248 289 100
248 290 101
249 290 102
249 291 103
250 291 104
250 292 105
251 293 106
251 294 107
252 295 108
253 296 109
253 297 109
254 298 110
254 299 111
249 308 111
88
237 269 26
238 270 27
238 270 28
238 270 29
238 270 30
238 270 31
238 270 32
238 270 33
238 270 34
238 270 35
238 270 36
238 270 37
239 271 38
239 271 39
239 271 40
239 271 41
239 271 42
239 271 43
239 271 44
239 271 45
239 271 46
239 272 47
239 272 48
239 272 49
239 272 50
239 272 51
239 272 52
239 272 53
239 272 54
239 272 55
240 273 56
240 273 57
240 273 58
240 273 59
240 273 60
240 273 61
240 273 62
240 273 63
241 274 64
241 274 65
240 274 66
240 274 67
240 274 68
240 274 69
240 274 70
240 275 71
240 275 72
241 275 73
241 276 74
242 276 75
242 277 76
242 277 77
242 277 78
241 277 79
241 276 80
241 276 81
241 276 82
240 277 83
239 277 84
240 277 85
241 277 86
242 278 87
243 279 88
244 280 89
244 281 90
245 282 91
245 283 92
245 284 93
246 284 94
246 285 95
247 286 96
247 286 97
247 287 98
247 288 99
248 289 100
248 290 101
249 290 102
249 291 103
250 291 104
250 292 105
251 293 106
251 294 107
252 295 108
253 294 107
253 293 107
253 292 106
253 291 106
253 290 105
87
237 269 26
238 270 27
238 270 28
238 270 29
238 270 30
238 270 31
238 270 32
238 270 33
238 270 34
238 270 35
238 270 36
238 270 37
239 271 38
239 271 39
239 271 40
239 271 41
239 271 42
239 271 43
239 271 44
239 271 45
239 271 46
239 272 47
239 272 48
239 272 49
239 272 50
239 272 51
239 272 52
239 272 53
239 272 54
239 272 55
240 273 56
240 273 57
240 273 58
240 273 59
240 273 60
240 273 61
240 273 62
240 273 63
241 274 64
241 274 65
240 274 66
240 274 67
240 274 68
240 274 69
240 274 70
240 275 71
240 275 72
241 275 73
241 276 74
242 276 75
242 277 76
242 277 77
242 277 78
241 277 79
241 276 80
241 276 81
241 276 82
240 277 83
239 277 84
240 277 85
241 277 86
242 278 87
243 279 88
244 280 89
244 281 90
245 282 91
245 283 92
245 284 93
246 284 94
246 285 95
247 286 96
247 286 97
247 287 98
247 288 99
248 289 100
248 290 101
249 290 102
249 291 103
250 291 104
250 292 105
251 293 106
251 294 107
252 295 108
253 296 109
253 297 109
254 298 110
248 306 110
83
237 269 26
238 270 27
238 270 28
238 270 29
238 270 30
238 270 31
238 270 32
238 270 33
238 270 34
238 270 35
238 270 36
238 270 37
239 271 38
239 271 39
239 271 40
239 271 41
239 271 42
239 271 43
239 271 44
239 271 45
239 271 46
239 272 47
239 272 48
239 272 49
239 272 50
239 272 51
239 272 52
239 272 53
239 272 54
239 272 55
240 273 56
240 273 57
240 273 58
240 273 59
240 273 60
240 273 61
240 273 62
240 273 63
241 274 64
241 274 65
240 274 66
240 274 67
240 274 68
240 274 69
240 274 70
240 275 71
240 275 72
241 275 73
241 276 74
242 276 75
242 277 76
242 277 77
242 277 78
241 277 79
241 276 80
241 276 81
241 276 82
240 277 83
239 277 84
238 277 85
239 277 86
240 278 87
241 277 88
242 277 89
243 277 90
243 276 91
243 276 92
242 277 93
242 276 94
242 277 95
242 278 96
241 279 97
241 280 98
242 280 99
241 280 100
240 280 101
240 281 102
240 281 103
239 281 104
238 282 105
238 282 106
237 283 107
236 283 108
77
237 269 26
238 270 27
238 270 28
238 270 29
238 270 30
238 270 31
238 270 32
238 270 33
238 270 34
238 270 35
238 270 36
238 270 37
239 271 38
239 271 39
239 271 40
239 271 41
239 271 42
239 271 43
239 271 44
239 271 45
239 271 46
239 272 47
239 272 48
239 272 49
239 272 50
239 272 51
239 272 52
239 272 53
239 272 54
239 272 55
240 273 56
240 273 57
240 273 58
240 273 59
240 273 60
240 273 61
240 273 62
240 273 63
241 274 64
241 274 65
240 274 66
240 274 67
240 274 68
240 274 69
240 274 70
240 275 71
240 275 72
241 275 73
241 276 74
242 276 75
242 277 76
242 277 77
242 277 78
241 277 79
241 276 80
241 276 81
241 276 82
240 277 83
239 277 84
238 277 85
239 277 86
240 278 87
241 277 88
242 277 89
243 277 90
243 276 91
243 276 92
242 277 93
242 276 94
242 277 95
242 278 96
242 277 97
243 276 98
243 277 99
243 277 100
243 277 101
242 277 102
71
237 269 26
238 270 27
238 270 28
238 270 29
238 270 30
238 270 31
238 270 32
238 270 33
238 270 34
238 270 35
238 270 36
238 270 37
239 271 38
239 271 39
239 271 40
239 271 41
239 271 42
239 271 43
239 271 44
239 271 45
239 271 46
239 272 47
239 272 48
239 272 49
239 272 50
239 272 51
239 272 52
239 272 53
239 272 54
239 272 55
240 273 56
240 273 57
240 273 58
240 273 59
240 273 60
240 273 61
240 273 62
240 273 63
241 274 64
241 274 65
240 274 66
240 274 67
240 274 68
240 274 69
240 274 70
240 275 71
240 275 72
241 275 73
241 276 74
242 276 75
242 277 76
242 277 77
242 277 78
241 277 79
241 276 80
241 276 81
241 276 82
240 277 83
239 277 84
238 277 85
239 277 86
240 278 87
241 277 88
242 277 89
243 277 90
243 276 91
244 276 92
245 276 93
246 277 94
247 278 95
248 278 96
59
237 269 26
238 270 27
238 270 28
238 270 29
238 270 30
238 270 31
238 270 32
238 270 33
238 270 34
238 270 35
238 270 36
238 270 37
239 271 38
239 271 39
239 271 40
239 271 41
239 271 42
239 271 43
239 271 44
239 271 45
239 271 46
239 272 47
239 272 48
239 272 49
239 272 50
239 272 51
239 272 52
239 272 53
239 272 54
239 272 55
240 273 56
240 273 57
240 273 58
240 273 59
240 273 60
240 273 61
240 273 62
240 273 63
241 274 64
241 274 65
240 274 66
240 274 67
240 274 68
240 274 69
240 274 70
240 275 71
240 275 72
241 275 73
241 276 74
242 276 75
242 277 76
242 277 77
243 276 78
244 277 79
245 277 80
245 277 81
245 278 82
245 278 83
244 277 84
59
237 269 26
238 270 27
238 270 28
238 270 29
238 270 30
238 270 31
238 270 32
238 270 33
238 270 34
238 270 35
238 270 36
238 270 37
239 271 38
239 271 39
239 271 40
239 271 41
239 271 42
239 271 43
239 271 44
239 271 45
239 271 46
239 272 47
239 272 48
239 272 49
239 272 50
239 272 51
239 272 52
239 272 53
239 272 54
239 272 55
240 273 56
240 273 57
240 273 58
240 273 59
240 273 60
240 273 61
240 273 62
240 273 63
241 274 64
241 274 65
240 274 66
240 274 67
240 274 68
240 274 69
240 274 70
240 275 71
240 275 72
241 275 73
241 276 74
242 276 75
242 277 76
242 277 77
243 276 78
244 277 79
245 277 80
245 277 81
245 278 82
245 278 83
248 278 85
