53
275
252 257 24
252 257 25
252 257 26
252 257 27
252 257 28
252 256 29
252 256 30
252 256 31
252 256 32
252 256 33
252 256 34
252 256 35
252 256 36
252 256 37
252 256 38
252 256 39
252 256 40
252 256 41
252 256 42
252 256 43
252 255 44
252 255 45
253 255 46
253 255 47
253 255 48
253 254 49
253 254 50
253 254 51
253 254 52
252 255 53
253 254 54
254 254 55
254 254 56
254 254 57
255 254 58
255 254 59
255 253 60
256 253 61
255 253 62
254 253 63
254 254 64
254 253 65
254 253 66
254 253 67
254 253 68
254 253 69
254 253 70
254 253 71
254 254 72
254 254 73
254 254 74
253 254 75
253 254 76
254 254 77
254 254 78
255 253 79
254 252 80
254 252 81
255 252 82
255 252 83
255 252 84
255 251 85
254 251 86
255 251 87
256 252 88
256 251 89
256 251 90
256 251 91
256 250 92
257 251 93
257 252 94
256 252 95
256 252 96
256 252 97
256 252 98
255 251 99
255 251 100
255 251 101
255 251 102
255 251 103
256 252 104
255 251 105
255 250 106
255 250 107
255 250 108
255 250 109
255 251 110
254 250 111
255 250 112
255 250 113
254 250 114
254 251 115
255 250 116
254 249 117
255 249 118
256 250 119
255 249 120
255 249 121
255 248 122
254 248 123
255 248 124
255 248 125
255 248 126
255 248 127
255 248 128
255 248 129
255 248 130
256 248 131
256 248 132
256 248 133
256 248 134
256 247 135
256 247 136
257 247 137
258 248 138
258 248 139
259 248 140
259 248 141
259 248 142
259 247 143
260 247 144
260 247 145
260 247 146
260 246 147
260 246 148
260 246 149
260 245 150
260 245 151
260 245 152
260 245 153
260 245 154
260 244 155
261 244 156
262 244 156
263 244 156
264 243 157
265 243 158
266 243 159
266 243 160
267 243 161
267 243 162
267 243 163
268 242 164
268 241 165
269 241 166
269 240 167
270 240 168
270 240 169
270 240 170
271 239 171
272 239 172
272 239 173
273 238 174
273 238 175
273 238 176
273 238 177
273 237 178
273 237 179
273 237 180
273 237 181
273 236 182
274 237 183
274 236 184
274 236 185
275 236 186
276 237 187
275 236 188
275 236 189
276 236 190
276 236 191
276 235 192
277 235 193
277 234 194
278 234 195
279 234 196
280 234 197
281 234 198
282 234 199
282 234 200
282 233 201
282 233 202
282 233 203
283 233 204
283 233 205
284 233 206
284 234 207
285 233 208
285 233 209
286 233 210
287 233 211
287 233 212
287 233 213
288 233 214
288 233 215
288 233 216
289 232 217
290 231 218
289 232 219
290 231 220
290 231 221
290 231 222
291 230 223
292 230 224
292 230 225
292 230 226
292 230 227
292 230 228
292 230 229
293 229 230
293 228 231
294 228 232
293 229 233
293 229 234
294 228 235
295 228 236
295 228 237
296 227 238
296 227 239
296 226 240
296 227 241
297 226 242
297 226 243
297 225 244
298 226 245
298 225 246
299 225 247
300 225 248
301 225 249
301 225 250
302 225 251
302 224 252
303 224 253
304 224 254
304 224 255
305 224 256
305 224 257
306 223 258
306 223 259
306 224 260
307 223 261
308 224 262
308 224 263
309 223 264
309 223 265
310 223 266
310 223 267
310 223 268
311 222 269
311 222 270
312 222 271
312 222 272
313 221 273
314 221 274
314 222 275
315 221 276
315 221 277
315 221 278
316 221 279
316 221 280
317 221 281
317 221 282
318 220 283
318 220 284
319 219 285
319 219 286
319 220 287
320 219 288
320 219 289
321 218 290
321 218 291
321 218 292
322 217 293
325 216 297
326 214 302
327 212 305
274
252 257 24
252 257 25
252 257 26
252 257 27
252 257 28
252 256 29
252 256 30
252 256 31
252 256 32
252 256 33
252 256 34
252 256 35
252 256 36
252 256 37
252 256 38
252 256 39
252 256 40
252 256 41
252 256 42
252 256 43
252 255 44
252 255 45
253 255 46
253 255 47
253 255 48
253 254 49
253 254 50
253 254 51
253 254 52
252 255 53
253 254 54
254 254 55
254 254 56
254 254 57
255 254 58
255 254 59
255 253 60
256 253 61
255 253 62
254 253 63
254 254 64
254 253 65
254 253 66
254 253 67
254 253 68
254 253 69
254 253 70
254 253 71
254 254 72
254 254 73
254 254 74
253 254 75
253 254 76
254 254 77
254 254 78
255 253 79
254 252 80
254 252 81
255 252 82
255 252 83
255 252 84
255 251 85
254 251 86
255 251 87
256 252 88
256 251 89
256 251 90
256 251 91
256 250 92
257 251 93
257 252 94
256 252 95
256 252 96
256 252 97
256 252 98
255 251 99
255 251 100
255 251 101
255 251 102
255 251 103
256 252 104
255 251 105
255 250 106
255 250 107
255 250 108
255 250 109
255 251 110
254 250 111
255 250 112
255 250 113
254 250 114
254 251 115
255 250 116
254 249 117
255 249 118
256 250 119
255 249 120
255 249 121
255 248 122
254 248 123
255 248 124
255 248 125
255 248 126
255 248 127
255 248 128
255 248 129
255 248 130
256 248 131
256 248 132
256 248 133
256 248 134
256 247 135
256 247 136
257 247 137
258 248 138
258 248 139
259 248 140
259 248 141
259 248 142
259 247 143
260 247 144
260 247 145
260 247 146
260 246 147
260 246 148
260 246 149
260 245 150
260 245 151
260 245 152
260 245 153
260 245 154
260 244 155
261 244 156
262 244 156
263 244 156
264 243 157
265 243 158
266 243 159
266 243 160
267 243 161
267 243 162
267 243 163
268 242 164
268 241 165
269 241 166
269 240 167
270 240 168
270 240 169
270 240 170
271 239 171
272 239 172
272 239 173
273 238 174
273 238 175
273 238 176
273 238 177
273 237 178
273 237 179
273 237 180
273 237 181
273 236 182
274 237 183
274 236 184
274 236 185
275 236 186
276 237 187
275 236 188
275 236 189
276 236 190
276 236 191
276 235 192
277 235 193
277 234 194
278 234 195
279 234 196
280 234 197
281 234 198
282 234 199
282 234 200
282 233 201
282 233 202
282 233 203
283 233 204
283 233 205
284 233 206
284 234 207
285 233 208
285 233 209
286 233 210
287 233 211
287 233 212
287 233 213
288 233 214
288 233 215
288 233 216
289 232 217
290 231 218
289 232 219
290 231 220
290 231 221
290 231 222
291 230 223
292 230 224
292 230 225
292 230 226
292 230 227
292 230 228
292 230 229
293 229 230
293 228 231
294 228 232
293 229 233
293 229 234
294 228 235
295 228 236
295 228 237
296 227 238
296 227 239
296 226 240
296 227 241
297 226 242
297 226 243
297 225 244
298 226 245
298 225 246
299 225 247
300 225 248
301 225 249
301 225 250
302 225 251
302 224 252
303 224 253
304 224 254
304 224 255
305 224 256
305 224 257
306 223 258
306 223 259
306 224 260
307 223 261
308 224 262
308 224 263
309 223 264
309 223 265
310 223 266
310 223 267
310 223 268
311 222 269
311 222 270
312 222 271
312 222 272
313 221 273
314 221 274
314 222 275
315 221 276
315 221 277
315 221 278
316 221 279
316 221 280
317 221 281
317 221 282
318 220 283
318 220 284
319 219 285
319 219 286
319 220 287
320 219 288
320 219 289
321 218 290
321 218 291
321 218 292
322 217 293
325 216 297
326 214 302
273
252 257 24
252 257 25
252 257 26
252 257 27
252 257 28
252 256 29
252 256 30
252 256 31
252 256 32
252 256 33
252 256 34
252 256 35
252 256 36
252 256 37
252 256 38
252 256 39
252 256 40
252 256 41
252 256 42
252 256 43
252 255 44
252 255 45
253 255 46
253 255 47
253 255 48
253 254 49
253 254 50
253 254 51
253 254 52
252 255 53
253 254 54
254 254 55
254 254 56
254 254 57
255 254 58
255 254 59
255 253 60
256 253 61
255 253 62
254 253 63
254 254 64
254 253 65
254 253 66
254 253 67
254 253 68
254 253 69
254 253 70
254 253 71
254 254 72
254 254 73
254 254 74
253 254 75
253 254 76
254 254 77
254 254 78
255 253 79
254 252 80
254 252 81
255 252 82
255 252 83
255 252 84
255 251 85
254 251 86
255 251 87
256 252 88
256 251 89
256 251 90
256 251 91
256 250 92
257 251 93
257 252 94
256 252 95
256 252 96
256 252 97
256 252 98
255 251 99
255 251 100
255 251 101
255 251 102
255 251 103
256 252 104
255 251 105
255 250 106
255 250 107
255 250 108
255 250 109
255 251 110
254 250 111
255 250 112
255 250 113
254 250 114
254 251 115
255 250 116
254 249 117
255 249 118
256 250 119
255 249 120
255 249 121
255 248 122
254 248 123
255 248 124
255 248 125
255 248 126
255 248 127
255 248 128
255 248 129
255 248 130
256 248 131
256 248 132
256 248 133
256 248 134
256 247 135
256 247 136
257 247 137
258 248 138
258 248 139
259 248 140
259 248 141
259 248 142
259 247 143
260 247 144
260 247 145
260 247 146
260 246 147
260 246 148
260 246 149
260 245 150
260 245 151
260 245 152
260 245 153
260 245 154
260 244 155
261 244 156
262 244 156
263 244 156
264 243 157
265 243 158
266 243 159
266 243 160
267 243 161
267 243 162
267 243 163
268 242 164
268 241 165
269 241 166
269 240 167
270 240 168
270 240 169
270 240 170
271 239 171
272 239 172
272 239 173
273 238 174
273 238 175
273 238 176
273 238 177
273 237 178
273 237 179
273 237 180
273 237 181
273 236 182
274 237 183
274 236 184
274 236 185
275 236 186
276 237 187
275 236 188
275 236 189
276 236 190
276 236 191
276 235 192
277 235 193
277 234 194
278 234 195
279 234 196
280 234 197
281 234 198
282 234 199
282 234 200
282 233 201
282 233 202
282 233 203
283 233 204
283 233 205
284 233 206
284 234 207
285 233 208
285 233 209
286 233 210
287 233 211
287 233 212
287 233 213
288 233 214
288 233 215
288 233 216
289 232 217
290 231 218
289 232 219
290 231 220
290 231 221
290 231 222
291 230 223
292 230 224
292 230 225
292 230 226
292 230 227
292 230 228
292 230 229
293 229 230
293 228 231
294 228 232
293 229 233
293 229 234
294 228 235
295 228 236
295 228 237
296 227 238
296 227 239
296 226 240
296 227 241
297 226 242
297 226 243
297 225 244
298 226 245
298 225 246
299 225 247
300 225 248
301 225 249
301 225 250
302 225 251
302 224 252
303 224 253
304 224 254
304 224 255
305 224 256
305 224 257
306 223 258
306 223 259
306 224 260
307 223 261
308 224 262
308 224 263
309 223 264
309 223 265
310 223 266
310 223 267
310 223 268
311 222 269
311 222 270
312 222 271
312 222 272
313 221 273
314 221 274
314 222 275
315 221 276
315 221 277
315 221 278
316 221 279
316 221 280
317 221 281
317 221 282
318 220 283
318 220 284
319 219 285
319 219 286
319 220 287
320 219 288
320 219 289
321 218 290
321 218 291
321 218 292
322 217 293
325 216 297
272
252 257 24
252 257 25
252 257 26
252 257 27
252 257 28
252 256 29
252 256 30
252 256 31
252 256 32
252 256 33
252 256 34
252 256 35
252 256 36
252 256 37
252 256 38
252 256 39
252 256 40
252 256 41
252 256 42
252 256 43
252 255 44
252 255 45
253 255 46
253 255 47
253 255 48
253 254 49
253 254 50
253 254 51
253 254 52
252 255 53
253 254 54
254 254 55
254 254 56
254 254 57
255 254 58
255 254 59
255 253 60
256 253 61
255 253 62
254 253 63
254 254 64
254 253 65
254 253 66
254 253 67
254 253 68
254 253 69
254 253 70
254 253 71
254 254 72
254 254 73
254 254 74
253 254 75
253 254 76
254 254 77
254 254 78
255 253 79
254 252 80
254 252 81
255 252 82
255 252 83
255 252 84
255 251 85
254 251 86
255 251 87
256 252 88
256 251 89
256 251 90
256 251 91
256 250 92
257 251 93
257 252 94
256 252 95
256 252 96
256 252 97
256 252 98
255 251 99
255 251 100
255 251 101
255 251 102
255 251 103
256 252 104
255 251 105
255 250 106
255 250 107
255 250 108
255 250 109
255 251 110
254 250 111
255 250 112
255 250 113
254 250 114
254 251 115
255 250 116
254 249 117
255 249 118
256 250 119
255 249 120
255 249 121
255 248 122
254 248 123
255 248 124
255 248 125
255 248 126
255 248 127
255 248 128
255 248 129
255 248 130
256 248 131
256 248 132
256 248 133
256 248 134
256 247 135
256 247 136
257 247 137
258 248 138
258 248 139
259 248 140
259 248 141
259 248 142
259 247 143
260 247 144
260 247 145
260 247 146
260 246 147
260 246 148
260 246 149
260 245 150
260 245 151
260 245 152
260 245 153
260 245 154
260 244 155
261 244 156
262 244 156
263 244 156
264 243 157
265 243 158
266 243 159
266 243 160
267 243 161
267 243 162
267 243 163
268 242 164
268 241 165
269 241 166
269 240 167
270 240 168
270 240 169
270 240 170
271 239 171
272 239 172
272 239 173
273 238 174
273 238 175
273 238 176
273 238 177
273 237 178
273 237 179
273 237 180
273 237 181
273 236 182
274 237 183
274 236 184
274 236 185
275 236 186
276 237 187
275 236 188
275 236 189
276 236 190
276 236 191
276 235 192
277 235 193
277 234 194
278 234 195
279 234 196
280 234 197
281 234 198
282 234 199
282 234 200
282 233 201
282 233 202
282 233 203
283 233 204
283 233 205
284 233 206
284 234 207
285 233 208
285 233 209
286 233 210
287 233 211
287 233 212
287 233 213
288 233 214
288 233 215
288 233 216
289 232 217
290 231 218
289 232 219
290 231 220
290 231 221
290 231 222
291 230 223
292 230 224
292 230 225
292 230 226
292 230 227
292 230 228
292 230 229
293 229 230
293 228 231
294 228 232
293 229 233
293 229 234
294 228 235
295 228 236
295 228 237
296 227 238
296 227 239
296 226 240
296 227 241
297 226 242
297 226 243
297 225 244
298 226 245
298 225 246
299 225 247
300 225 248
301 225 249
301 225 250
302 225 251
302 224 252
303 224 253
304 224 254
304 224 255
305 224 256
305 224 257
306 223 258
306 223 259
306 224 260
307 223 261
308 224 262
308 224 263
309 223 264
309 223 265
310 223 266
310 223 267
310 223 268
311 222 269
311 222 270
312 222 271
312 222 272
313 221 273
314 221 274
314 222 275
315 221 276
315 221 277
315 221 278
316 221 279
316 221 280
317 221 281
317 221 282
318 220 283
318 220 284
319 219 285
319 219 286
319 220 287
320 219 288
320 219 289
321 218 290
321 218 291
321 218 292
322 217 293
225
252 257 24
252 257 25
252 257 26
252 257 27
252 257 28
252 256 29
252 256 30
252 256 31
252 256 32
252 256 33
252 256 34
252 256 35
252 256 36
252 256 37
252 256 38
252 256 39
252 256 40
252 256 41
252 256 42
252 256 43
252 255 44
252 255 45
253 255 46
253 255 47
253 255 48
253 254 49
253 254 50
253 254 51
253 254 52
252 255 53
253 254 54
254 254 55
254 254 56
254 254 57
255 254 58
255 254 59
255 253 60
256 253 61
255 253 62
254 253 63
254 254 64
254 253 65
254 253 66
254 253 67
254 253 68
254 253 69
254 253 70
254 253 71
254 254 72
254 254 73
254 254 74
253 254 75
253 254 76
254 254 77
254 254 78
255 253 79
254 252 80
254 252 81
255 252 82
255 252 83
255 252 84
255 251 85
254 251 86
255 251 87
256 252 88
256 251 89
256 251 90
256 251 91
256 250 92
257 251 93
257 252 94
256 252 95
256 252 96
256 252 97
256 252 98
255 251 99
255 251 100
255 251 101
255 251 102
255 251 103
256 252 104
255 251 105
255 250 106
255 250 107
255 250 108
255 250 109
255 251 110
254 250 111
255 250 112
255 250 113
254 250 114
254 251 115
255 250 116
254 249 117
255 249 118
256 250 119
255 249 120
255 249 121
255 248 122
254 248 123
255 248 124
255 248 125
255 248 126
255 248 127
255 248 128
255 248 129
255 248 130
256 248 131
256 248 132
256 248 133
256 248 134
256 247 135
256 247 136
257 247 137
258 248 138
258 248 139
259 248 140
259 248 141
259 248 142
259 247 143
260 247 144
260 247 145
260 247 146
260 246 147
260 246 148
260 246 149
260 245 150
260 245 151
260 245 152
260 245 153
260 245 154
260 244 155
261 244 156
260 243 157
260 243 158
259 244 159
259 245 160
259 245 161
258 245 162
258 246 163
258 246 164
257 245 165
257 246 166
257 246 167
257 247 168
257 247 169
257 247 170
257 247 171
256 246 172
256 247 173
256 247 174
256 247 175
255 247 176
255 247 177
255 247 178
255 247 179
254 247 180
255 248 181
255 248 182
254 247 183
254 248 184
254 248 185
254 248 186
254 248 187
253 248 188
254 249 189
254 249 190
253 249 191
253 249 192
253 249 193
253 249 194
252 249 195
252 249 196
252 249 197
252 249 198
252 249 199
252 250 200
252 250 201
252 250 202
252 250 203
251 250 204
251 250 205
251 250 206
251 250 207
251 250 208
251 251 209
251 251 210
251 251 211
251 251 212
250 251 213
250 251 214
250 251 215
250 252 216
250 252 217
250 252 218
250 252 219
249 252 220
249 252 221
249 252 222
249 253 223
248 252 224
248 253 225
248 253 226
248 253 227
248 254 228
248 254 229
248 254 230
247 253 231
247 253 232
247 253 233
247 254 234
247 254 235
247 254 236
247 254 237
247 254 238
246 254 239
247 254 240
247 254 241
247 254 242
247 254 243
247 255 244
248 255 245
248 255 246
248 255 247
248 255 248
218
252 257 24
252 257 25
252 257 26
252 257 27
252 257 28
252 256 29
252 256 30
252 256 31
252 256 32
252 256 33
252 256 34
252 256 35
252 256 36
252 256 37
252 256 38
252 256 39
252 256 40
252 256 41
252 256 42
252 256 43
252 255 44
252 255 45
253 255 46
253 255 47
253 255 48
253 254 49
253 254 50
253 254 51
253 254 52
252 255 53
253 254 54
254 254 55
254 254 56
254 254 57
255 254 58
255 254 59
255 253 60
256 253 61
255 253 62
254 253 63
254 254 64
254 253 65
254 253 66
254 253 67
254 253 68
254 253 69
254 253 70
254 253 71
254 254 72
254 254 73
254 254 74
253 254 75
253 254 76
254 254 77
254 254 78
255 253 79
254 252 80
254 252 81
255 252 82
255 252 83
255 252 84
255 251 85
254 251 86
255 251 87
256 252 88
256 251 89
256 251 90
256 251 91
256 250 92
257 251 93
257 252 94
256 252 95
256 252 96
256 252 97
256 252 98
255 251 99
255 251 100
255 251 101
255 251 102
255 251 103
256 252 104
255 251 105
255 250 106
255 250 107
255 250 108
255 250 109
255 251 110
254 250 111
255 250 112
255 250 113
254 250 114
254 251 115
254 252 115
253 253 116
252 254 117
252 254 118
251 254 119
250 254 120
250 255 121
250 255 122
249 255 123
249 255 124
249 256 125
250 257 126
249 257 127
249 257 128
249 258 129
248 257 130
248 258 131
248 258 132
247 258 133
247 259 134
247 259 135
247 259 136
247 259 137
246 259 138
246 259 139
246 259 140
246 259 141
246 259 142
246 259 143
246 259 144
247 259 145
246 259 146
246 259 147
246 260 148
246 260 149
245 261 150
245 262 151
244 262 152
244 263 153
243 263 154
242 264 155
241 264 156
241 265 157
241 266 158
240 266 159
240 266 160
240 267 161
239 267 162
239 267 163
239 268 164
238 268 165
238 268 166
238 269 167
238 269 168
237 270 169
237 270 170
237 271 171
237 272 172
236 272 173
237 273 174
237 274 175
236 274 176
236 274 177
235 275 178
235 275 179
235 276 180
234 276 181
234 276 182
233 277 183
232 277 184
232 278 185
232 278 186
231 278 187
231 278 188
230 279 189
230 280 190
230 280 191
229 281 192
229 281 193
229 281 194
228 282 195
228 282 196
227 283 197
227 283 198
227 284 199
227 284 200
226 285 201
226 285 202
225 286 203
225 286 204
225 286 205
224 287 206
224 287 207
223 288 208
223 288 209
223 288 210
223 289 211
222 289 212
222 290 213
221 291 214
221 291 215
220 291 216
220 291 217
220 292 218
220 292 219
219 293 220
219 293 221
219 293 222
219 293 223
218 293 224
218 293 225
217 293 226
217 293 227
217 293 228
216 293 229
216 293 230
216 293 231
215 294 232
215 294 233
215 294 234
215 294 235
215 294 236
215 294 237
215 293 238
216 292 239
211 292 246
217
252 257 24
252 257 25
252 257 26
252 257 27
252 257 28
252 256 29
252 256 30
252 256 31
252 256 32
252 256 33
252 256 34
252 256 35
252 256 36
252 256 37
252 256 38
252 256 39
252 256 40
252 256 41
252 256 42
252 256 43
252 255 44
252 255 45
253 255 46
253 255 47
253 255 48
253 254 49
253 254 50
253 254 51
253 254 52
252 255 53
253 254 54
254 254 55
254 254 56
254 254 57
255 254 58
255 254 59
255 253 60
256 253 61
255 253 62
254 253 63
254 254 64
254 253 65
254 253 66
254 253 67
254 253 68
254 253 69
254 253 70
254 253 71
254 254 72
254 254 73
254 254 74
253 254 75
253 254 76
254 254 77
254 254 78
255 253 79
254 252 80
254 252 81
255 252 82
255 252 83
255 252 84
255 251 85
254 251 86
255 251 87
256 252 88
256 251 89
256 251 90
256 251 91
256 250 92
257 251 93
257 252 94
256 252 95
256 252 96
256 252 97
256 252 98
255 251 99
255 251 100
255 251 101
255 251 102
255 251 103
256 252 104
255 251 105
255 250 106
255 250 107
255 250 108
255 250 109
255 251 110
254 250 111
255 250 112
255 250 113
254 250 114
254 251 115
254 252 115
253 253 116
252 254 117
252 254 118
251 254 119
250 254 120
250 255 121
250 255 122
249 255 123
249 255 124
249 256 125
250 257 126
249 257 127
249 257 128
249 258 129
248 257 130
248 258 131
248 258 132
247 258 133
247 259 134
247 259 135
247 259 136
247 259 137
246 259 138
246 259 139
246 259 140
246 259 141
246 259 142
246 259 143
246 259 144
247 259 145
246 259 146
246 259 147
246 260 148
246 260 149
245 261 150
245 262 151
244 262 152
244 263 153
243 263 154
242 264 155
241 264 156
241 265 157
241 266 158
240 266 159
240 266 160
240 267 161
239 267 162
239 267 163
239 268 164
238 268 165
238 268 166
238 269 167
238 269 168
237 270 169
237 270 170
237 271 171
237 272 172
236 272 173
237 273 174
237 274 175
236 274 176
236 274 177
235 275 178
235 275 179
235 276 180
234 276 181
234 276 182
233 277 183
232 277 184
232 278 185
232 278 186
231 278 187
231 278 188
230 279 189
230 280 190
230 280 191
229 281 192
229 281 193
229 281 194
228 282 195
228 282 196
227 283 197
227 283 198
227 284 199
227 284 200
226 285 201
226 285 202
225 286 203
225 286 204
225 286 205
224 287 206
224 287 207
223 288 208
223 288 209
223 288 210
223 289 211
222 289 212
222 290 213
221 291 214
221 291 215
220 291 216
220 291 217
220 292 218
220 292 219
219 293 220
219 293 221
219 293 222
219 293 223
218 293 224
218 293 225
217 293 226
217 293 227
217 293 228
216 293 229
216 293 230
216 293 231
215 294 232
215 294 233
215 294 234
215 294 235
215 294 236
215 294 237
215 293 238
216 292 239
211
252 257 24
252 257 25
252 257 26
252 257 27
252 257 28
252 256 29
252 256 30
252 256 31
252 256 32
252 256 33
252 256 34
252 256 35
252 256 36
252 256 37
252 256 38
252 256 39
252 256 40
252 256 41
252 256 42
252 256 43
252 255 44
252 255 45
253 255 46
253 255 47
253 255 48
253 254 49
253 254 50
253 254 51
253 254 52
252 255 53
253 254 54
254 254 55
254 254 56
254 254 57
255 254 58
255 254 59
255 253 60
256 253 61
255 253 62
254 253 63
254 254 64
254 253 65
254 253 66
254 253 67
254 253 68
254 253 69
254 253 70
254 253 71
254 254 72
254 254 73
254 254 74
253 254 75
253 254 76
254 254 77
254 254 78
255 253 79
254 252 80
254 252 81
255 252 82
255 252 83
255 252 84
255 251 85
254 251 86
255 251 87
256 252 88
256 251 89
256 251 90
256 251 91
256 250 92
257 251 93
258 252 94
259 251 95
259 250 96
259 250 97
260 250 98
260 249 99
260 248 100
261 249 101
261 249 102
261 248 103
261 247 104
261 247 105
261 246 106
262 247 107
263 247 108
264 247 109
264 247 110
264 246 111
265 246 112
265 246 113
266 245 114
266 245 115
267 245 116
267 244 117
267 243 118
268 243 119
268 243 120
268 242 121
268 242 122
269 242 123
270 241 124
271 241 125
271 241 126
271 240 127
272 240 128
272 239 129
273 239 130
273 238 131
274 237 132
275 237 133
276 237 134
276 236 135
277 235 136
278 235 137
279 235 138
279 234 139
280 234 140
281 234 141
282 233 142
282 232 143
283 232 144
283 231 145
283 230 146
284 230 147
285 230 148
285 230 149
286 230 150
287 229 151
288 229 152
289 229 153
290 228 154
291 227 155
292 226 156
293 225 157
294 224 158
295 223 159
296 222 160
297 221 160
298 220 161
299 220 162
300 219 163
301 218 164
302 217 165
303 217 166
304 216 167
305 215 168
306 215 169
307 214 170
308 213 171
309 213 171
310 212 172
311 212 172
312 211 173
313 210 173
314 209 174
315 208 174
316 207 174
317 206 175
318 205 176
318 204 177
319 203 178
320 203 179
320 202 180
321 201 181
322 200 181
323 199 182
324 198 182
325 197 182
326 196 183
327 195 183
328 194 184
329 193 184
330 192 184
331 191 185
332 190 185
333 189 185
334 188 185
335 187 185
336 186 185
336 185 185
337 184 185
338 183 185
339 182 185
340 181 186
341 180 186
341 179 186
341 178 187
342 177 187
343 176 187
344 175 187
345 174 187
346 173 187
346 172 187
347 171 187
348 170 187
349 169 186
350 168 186
350 167 186
350 166 186
350 165 186
351 164 186
352 163 185
353 162 184
353 161 185
353 160 185
354 159 184
354 158 184
355 157 183
356 156 183
356 155 183
360 150 177
210
252 257 24
252 257 25
252 257 26
252 257 27
252 257 28
252 256 29
252 256 30
252 256 31
252 256 32
252 256 33
252 256 34
252 256 35
252 256 36
252 256 37
252 256 38
252 256 39
252 256 40
252 256 41
252 256 42
252 256 43
252 255 44
252 255 45
253 255 46
253 255 47
253 255 48
253 254 49
253 254 50
253 254 51
253 254 52
252 255 53
253 254 54
254 254 55
254 254 56
254 254 57
255 254 58
255 254 59
255 253 60
256 253 61
255 253 62
254 253 63
254 254 64
254 253 65
254 253 66
254 253 67
254 253 68
254 253 69
254 253 70
254 253 71
254 254 72
254 254 73
254 254 74
253 254 75
253 254 76
254 254 77
254 254 78
255 253 79
254 252 80
254 252 81
255 252 82
255 252 83
255 252 84
255 251 85
254 251 86
255 251 87
256 252 88
256 251 89
256 251 90
256 251 91
256 250 92
257 251 93
258 252 94
259 251 95
259 250 96
259 250 97
260 250 98
260 249 99
260 248 100
261 249 101
261 249 102
261 248 103
261 247 104
261 247 105
261 246 106
262 247 107
263 247 108
264 247 109
264 247 110
264 246 111
265 246 112
265 246 113
266 245 114
266 245 115
267 245 116
267 244 117
267 243 118
268 243 119
268 243 120
268 242 121
268 242 122
269 242 123
270 241 124
271 241 125
271 241 126
271 240 127
272 240 128
272 239 129
273 239 130
273 238 131
274 237 132
275 237 133
276 237 134
276 236 135
277 235 136
278 235 137
279 235 138
279 234 139
280 234 140
281 234 141
282 233 142
282 232 143
283 232 144
283 231 145
283 230 146
284 230 147
285 230 148
285 230 149
286 230 150
287 229 151
288 229 152
289 229 153
290 228 154
291 227 155
292 226 156
293 225 157
294 224 158
295 223 159
296 222 160
297 221 160
298 220 161
299 220 162
300 219 163
301 218 164
302 217 165
303 217 166
304 216 167
305 215 168
306 215 169
307 214 170
308 213 171
309 213 171
310 212 172
311 212 172
312 211 173
313 210 173
314 209 174
315 208 174
316 207 174
317 206 175
318 205 176
318 204 177
319 203 178
320 203 179
320 202 180
321 201 181
322 200 181
323 199 182
324 198 182
325 197 182
326 196 183
327 195 183
328 194 184
329 193 184
330 192 184
331 191 185
332 190 185
333 189 185
334 188 185
335 187 185
336 186 185
336 185 185
337 184 185
338 183 185
339 182 185
340 181 186
341 180 186
341 179 186
341 178 187
342 177 187
343 176 187
344 175 187
345 174 187
346 173 187
346 172 187
347 171 187
348 170 187
349 169 186
350 168 186
350 167 186
350 166 186
350 165 186
351 164 186
352 163 185
353 162 184
353 161 185
353 160 185
354 159 184
354 158 184
355 157 183
356 156 183
356 155 183
177
252 257 24
252 257 25
252 257 26
252 257 27
252 257 28
252 256 29
252 256 30
252 256 31
252 256 32
252 256 33
252 256 34
252 256 35
252 256 36
252 256 37
252 256 38
252 256 39
252 256 40
252 256 41
252 256 42
252 256 43
252 255 44
252 255 45
253 255 46
253 255 47
253 255 48
253 254 49
253 254 50
253 254 51
253 254 52
252 255 53
253 254 54
254 254 55
254 254 56
254 254 57
255 254 58
255 254 59
255 253 60
256 253 61
255 253 62
254 253 63
254 254 64
254 253 65
254 253 66
254 253 67
254 253 68
254 253 69
254 253 70
254 253 71
254 254 72
254 254 73
254 254 74
253 254 75
253 254 76
252 255 77
251 256 78
250 256 79
249 256 80
248 256 81
248 256 82
248 257 83
248 258 84
248 258 85
248 259 86
247 258 87
247 259 88
246 258 89
246 259 90
245 258 91
245 259 92
245 259 93
245 260 94
244 260 95
244 261 96
243 261 97
243 262 98
242 262 99
241 262 100
241 263 101
241 264 102
240 264 103
239 264 104
239 265 105
239 266 106
238 266 107
238 267 108
237 266 109
237 267 110
237 267 111
236 267 112
236 268 113
235 268 114
235 268 115
234 269 116
234 270 117
234 271 118
233 272 119
232 272 120
231 273 120
231 274 121
230 275 122
229 276 123
228 277 124
227 277 125
226 277 126
225 278 127
225 279 128
224 279 129
223 279 130
222 280 131
222 280 132
222 281 133
221 281 134
221 282 135
220 282 136
219 283 137
218 284 138
217 285 139
216 286 140
216 287 141
215 288 142
214 288 142
213 289 142
212 290 143
211 290 143
210 291 144
209 292 144
208 292 144
207 293 145
206 293 145
205 294 146
204 295 146
203 296 147
202 297 147
201 298 148
200 298 149
199 299 150
198 300 150
197 300 151
196 301 152
195 302 153
194 303 153
193 303 153
192 304 153
191 305 153
190 305 153
189 306 153
188 307 154
187 308 154
186 308 154
185 309 154
184 310 154
183 311 154
182 311 153
181 311 153
180 312 153
179 312 153
178 313 153
177 314 153
176 315 153
175 315 153
174 316 153
173 316 153
172 317 152
171 317 152
170 318 152
169 319 151
168 319 151
167 320 150
166 320 150
165 321 150
164 322 149
163 323 148
162 323 148
161 323 148
160 324 148
159 325 147
158 325 146
173
252 257 24
252 257 25
252 257 26
252 257 27
252 257 28
252 256 29
252 256 30
252 256 31
252 256 32
252 256 33
252 256 34
252 256 35
252 256 36
252 256 37
252 256 38
252 256 39
252 256 40
252 256 41
252 256 42
252 256 43
252 255 44
252 255 45
253 255 46
253 255 47
253 255 48
253 254 49
253 254 50
253 254 51
253 254 52
252 255 53
253 254 54
254 254 55
254 254 56
254 254 57
255 254 58
255 254 59
255 253 60
256 253 61
255 253 62
254 253 63
254 254 64
254 253 65
254 253 66
254 253 67
254 253 68
254 253 69
254 253 70
254 253 71
254 254 72
254 254 73
254 254 74
253 254 75
253 254 76
252 255 77
251 256 78
250 256 79
249 256 80
248 256 81
248 256 82
248 257 83
248 258 84
248 258 85
248 259 86
247 258 87
247 259 88
246 258 89
246 259 90
245 258 91
245 259 92
245 259 93
245 260 94
244 260 95
244 261 96
243 261 97
243 262 98
242 262 99
241 262 100
241 263 101
241 264 102
240 264 103
239 264 104
239 265 105
239 266 106
238 266 107
238 267 108
237 266 109
237 267 110
237 267 111
236 267 112
236 268 113
235 268 114
235 268 115
234 269 116
234 270 117
234 271 118
233 272 119
232 272 120
231 273 120
231 274 121
230 275 122
229 276 123
228 277 124
227 277 125
226 277 126
225 278 127
225 279 128
224 279 129
223 279 130
222 280 131
222 280 132
222 281 133
221 281 134
221 282 135
220 282 136
219 283 137
218 284 138
217 285 139
216 286 140
216 287 141
215 288 142
214 288 142
213 289 142
212 290 143
211 290 143
210 291 144
209 292 144
208 292 144
207 293 145
206 293 145
205 294 146
204 295 146
203 296 147
202 297 147
201 298 148
200 298 149
199 299 150
198 300 150
197 300 151
196 301 152
195 302 153
194 303 153
193 303 153
192 304 153
191 305 153
190 305 153
189 306 153
188 307 154
187 308 154
186 308 154
185 309 154
184 310 154
183 311 154
182 311 153
181 311 153
180 312 153
179 312 153
178 313 153
177 314 153
176 315 153
175 315 153
174 316 153
173 316 153
172 317 152
171 317 152
170 318 152
169 319 151
168 319 151
167 320 150
166 320 150
165 320 151
164 319 150
163 319 150
162 319 150
162
252 257 24
252 257 25
252 257 26
252 257 27
252 257 28
252 256 29
252 256 30
252 256 31
252 256 32
252 256 33
252 256 34
252 256 35
252 256 36
252 256 37
252 256 38
252 256 39
252 256 40
252 256 41
252 256 42
252 256 43
252 255 44
252 255 45
253 255 46
253 255 47
253 255 48
253 254 49
253 254 50
253 254 51
253 254 52
252 255 53
253 254 54
254 254 55
254 254 56
254 254 57
255 254 58
255 254 59
255 253 60
256 253 61
255 253 62
254 253 63
254 254 64
254 253 65
254 253 66
254 253 67
254 253 68
254 253 69
254 253 70
254 253 71
254 254 72
254 254 73
254 254 74
253 254 75
253 254 76
254 254 77
254 254 78
255 253 79
254 252 80
254 252 81
255 252 82
255 252 83
255 252 84
255 251 85
254 251 86
255 251 87
256 252 88
256 251 89
256 251 90
256 251 91
256 250 92
257 251 93
258 252 94
259 251 95
259 250 96
259 250 97
260 250 98
260 249 99
260 248 100
261 249 101
261 249 102
261 248 103
261 247 104
261 247 105
261 246 106
262 247 107
263 247 108
264 247 109
264 247 110
264 246 111
265 246 112
265 246 113
266 245 114
266 245 115
267 245 116
267 244 117
267 243 118
268 243 119
268 243 120
268 242 121
268 242 122
269 242 123
270 241 124
271 241 125
271 241 126
271 240 127
272 240 128
272 239 129
273 239 130
273 238 131
274 237 132
275 237 133
276 237 134
276 236 135
277 235 136
278 235 137
279 235 138
279 234 139
280 234 140
281 234 141
282 233 142
282 232 143
283 232 144
283 231 145
283 230 146
284 230 147
285 230 148
285 230 149
286 230 150
287 229 151
288 229 152
289 229 153
290 228 154
291 227 155
292 226 156
293 225 157
294 224 158
295 223 159
296 222 160
297 221 160
298 220 161
299 220 162
300 219 163
301 218 164
302 217 165
303 217 166
304 216 167
305 215 168
306 215 169
307 214 170
308 213 171
309 213 171
310 212 172
311 212 172
312 211 173
313 210 173
314 209 174
315 208 174
316 207 174
317 208 174
318 209 174
319 210 174
320 211 173
321 212 174
161
252 257 24
252 257 25
252 257 26
252 257 27
252 257 28
252 256 29
252 256 30
252 256 31
252 256 32
252 256 33
252 256 34
252 256 35
252 256 36
252 256 37
252 256 38
252 256 39
252 256 40
252 256 41
252 256 42
252 256 43
252 255 44
252 255 45
253 255 46
253 255 47
253 255 48
253 254 49
253 254 50
253 254 51
253 254 52
252 255 53
253 254 54
254 254 55
254 254 56
254 254 57
255 254 58
255 254 59
255 253 60
256 253 61
255 253 62
254 253 63
254 254 64
254 253 65
254 253 66
254 253 67
254 253 68
254 253 69
254 253 70
254 253 71
254 254 72
254 254 73
254 254 74
253 254 75
253 254 76
254 254 77
254 254 78
255 253 79
254 252 80
254 252 81
255 252 82
255 252 83
255 252 84
255 251 85
254 251 86
255 251 87
256 252 88
256 251 89
256 251 90
256 251 91
256 250 92
257 251 93
258 252 94
259 251 95
259 250 96
259 250 97
260 250 98
260 249 99
260 248 100
261 249 101
261 249 102
261 248 103
261 247 104
261 247 105
261 246 106
262 247 107
263 247 108
264 247 109
264 247 110
264 246 111
265 246 112
265 246 113
266 245 114
266 245 115
267 245 116
267 244 117
267 243 118
268 243 119
268 243 120
268 242 121
268 242 122
269 242 123
270 241 124
271 241 125
271 241 126
271 240 127
272 240 128
272 239 129
273 239 130
273 238 131
274 237 132
275 237 133
276 237 134
276 236 135
277 235 136
278 235 137
279 235 138
279 234 139
280 234 140
281 234 141
282 233 142
282 232 143
283 232 144
283 231 145
283 230 146
284 230 147
285 230 148
285 230 149
286 230 150
287 229 151
288 229 152
289 229 153
290 228 154
291 227 155
292 226 156
293 225 157
294 224 158
295 223 159
296 222 160
297 221 160
298 220 161
299 220 162
300 219 163
301 218 164
302 217 165
303 217 166
304 216 167
305 215 168
306 215 169
307 214 170
308 213 171
309 213 171
310 212 172
311 212 172
312 211 173
313 212 173
314 213 173
315 213 173
316 213 173
317 213 173
318 213 173
319 213 174
320 213 174
149
252 257 24
252 257 25
252 257 26
252 257 27
252 257 28
252 256 29
252 256 30
252 256 31
252 256 32
252 256 33
252 256 34
252 256 35
252 256 36
252 256 37
252 256 38
252 256 39
252 256 40
252 256 41
252 256 42
252 256 43
252 255 44
252 255 45
253 255 46
253 255 47
253 255 48
253 254 49
253 254 50
253 254 51
253 254 52
252 255 53
253 254 54
254 254 55
254 254 56
254 254 57
255 254 58
255 254 59
255 253 60
256 253 61
255 253 62
254 253 63
254 254 64
254 253 65
254 253 66
254 253 67
254 253 68
254 253 69
254 253 70
254 253 71
254 254 72
254 254 73
254 254 74
253 254 75
253 254 76
252 255 77
251 256 78
250 256 79
249 256 80
248 256 81
248 256 82
248 257 83
248 258 84
248 258 85
248 259 86
247 258 87
247 259 88
246 258 89
246 259 90
245 258 91
245 259 92
245 259 93
245 260 94
244 260 95
244 261 96
243 261 97
243 262 98
242 262 99
241 262 100
241 263 101
241 264 102
240 264 103
239 264 104
239 265 105
239 266 106
238 266 107
238 267 108
237 266 109
237 267 110
237 267 111
236 267 112
236 268 113
235 268 114
235 268 115
234 269 116
234 270 117
234 271 118
233 272 119
232 272 120
231 273 120
231 274 121
230 275 122
229 276 123
228 277 124
227 277 125
226 277 126
225 278 127
225 279 128
224 279 129
223 279 130
222 280 131
222 280 132
222 281 133
221 281 134
221 282 135
220 282 136
219 283 137
218 284 138
217 285 139
216 286 140
216 287 141
215 288 142
214 288 142
213 289 142
212 290 143
211 290 143
210 291 144
209 292 144
208 292 144
207 293 145
206 293 145
205 294 146
204 295 146
203 296 147
202 297 147
201 298 148
200 298 149
199 299 150
198 300 150
197 300 151
196 301 152
195 302 153
194 303 153
193 303 153
192 304 153
191 305 153
190 304 153
190 303 153
189 302 154
188 301 154
187 301 154
144
252 257 24
252 257 25
252 257 26
252 257 27
252 257 28
252 256 29
252 256 30
252 256 31
252 256 32
252 256 33
252 256 34
252 256 35
252 256 36
252 256 37
252 256 38
252 256 39
252 256 40
252 256 41
252 256 42
252 256 43
252 255 44
252 255 45
253 255 46
253 255 47
253 255 48
253 254 49
253 254 50
253 254 51
253 254 52
252 255 53
253 254 54
254 254 55
254 254 56
254 254 57
255 254 58
255 254 59
255 253 60
256 253 61
255 253 62
254 253 63
254 254 64
254 253 65
254 253 66
254 253 67
254 253 68
254 253 69
254 253 70
254 253 71
254 254 72
254 254 73
254 254 74
253 254 75
253 254 76
254 254 77
254 254 78
255 253 79
254 252 80
254 252 81
255 252 82
255 252 83
255 252 84
255 251 85
254 251 86
255 251 87
256 252 88
256 251 89
256 251 90
256 251 91
256 250 92
257 251 93
257 252 94
256 252 95
256 252 96
256 252 97
256 252 98
255 251 99
255 251 100
255 251 101
255 251 102
255 251 103
256 252 104
255 251 105
255 250 106
255 250 107
255 250 108
255 250 109
255 251 110
254 250 111
255 250 112
255 250 113
254 250 114
254 251 115
255 250 116
254 249 117
255 249 118
256 250 119
255 249 120
255 249 121
255 248 122
254 248 123
255 248 124
255 248 125
255 248 126
255 248 127
255 248 128
255 248 129
255 248 130
256 248 131
256 248 132
256 248 133
256 248 134
256 247 135
256 247 136
257 247 137
258 248 138
258 248 139
259 248 140
259 248 141
259 248 142
259 247 143
260 247 144
260 247 145
260 247 146
260 246 147
260 246 148
260 246 149
260 245 150
260 245 151
260 245 152
260 245 153
260 245 154
260 244 155
261 244 156
260 243 157
260 243 158
259 243 159
259 242 160
260 241 161
260 240 162
261 240 163
261 239 164
261 238 165
262 238 166
262 237 167
143
252 257 24
252 257 25
252 257 26
252 257 27
252 257 28
252 256 29
252 256 30
252 256 31
252 256 32
252 256 33
252 256 34
252 256 35
252 256 36
252 256 37
252 256 38
252 256 39
252 256 40
252 256 41
252 256 42
252 256 43
252 255 44
252 255 45
253 255 46
253 255 47
253 255 48
253 254 49
253 254 50
253 254 51
253 254 52
252 255 53
253 254 54
254 254 55
254 254 56
254 254 57
255 254 58
255 254 59
255 253 60
256 253 61
255 253 62
254 253 63
254 254 64
254 253 65
254 253 66
254 253 67
254 253 68
254 253 69
254 253 70
254 253 71
254 254 72
254 254 73
254 254 74
253 254 75
253 254 76
254 254 77
254 254 78
255 253 79
254 252 80
254 252 81
255 252 82
255 252 83
255 252 84
255 251 85
254 251 86
255 251 87
256 252 88
256 251 89
256 251 90
256 251 91
256 250 92
257 251 93
258 252 94
259 251 95
259 250 96
259 250 97
260 250 98
260 249 99
260 248 100
261 249 101
261 249 102
261 248 103
261 247 104
261 247 105
261 246 106
262 247 107
263 247 108
264 247 109
264 247 110
264 246 111
265 246 112
265 246 113
266 245 114
266 245 115
267 245 116
267 244 117
267 243 118
268 243 119
268 243 120
268 242 121
268 242 122
269 242 123
270 241 124
271 241 125
271 241 126
271 240 127
272 240 128
272 239 129
273 239 130
273 238 131
274 237 132
275 237 133
276 237 134
276 236 135
277 235 136
278 235 137
279 235 138
279 234 139
280 234 140
281 234 141
282 233 142
282 232 143
283 232 144
283 231 145
283 230 146
284 230 147
285 230 148
285 230 149
286 230 150
287 229 151
288 229 152
289 229 153
290 228 154
291 227 155
292 226 156
293 225 157
294 224 158
295 223 159
296 224 159
297 225 159
298 226 159
299 227 159
299 228 159
299 229 158
299 230 158
142
252 257 24
252 257 25
252 257 26
252 257 27
252 257 28
252 256 29
252 256 30
252 256 31
252 256 32
252 256 33
252 256 34
252 256 35
252 256 36
252 256 37
252 256 38
252 256 39
252 256 40
252 256 41
252 256 42
252 256 43
252 255 44
252 255 45
253 255 46
253 255 47
253 255 48
253 254 49
253 254 50
253 254 51
253 254 52
252 255 53
253 254 54
254 254 55
254 254 56
254 254 57
255 254 58
255 254 59
255 253 60
256 253 61
255 253 62
254 253 63
254 254 64
254 253 65
254 253 66
254 253 67
254 253 68
254 253 69
254 253 70
254 253 71
254 254 72
254 254 73
254 254 74
253 254 75
253 254 76
254 254 77
254 254 78
255 253 79
254 252 80
254 252 81
255 252 82
255 252 83
255 252 84
255 251 85
254 251 86
255 251 87
256 252 88
256 251 89
256 251 90
256 251 91
256 250 92
257 251 93
258 252 94
259 251 95
259 250 96
259 250 97
260 250 98
260 249 99
260 248 100
261 249 101
261 249 102
261 248 103
261 247 104
261 247 105
261 246 106
262 247 107
263 247 108
264 247 109
264 247 110
264 246 111
265 246 112
265 246 113
266 245 114
266 245 115
267 245 116
267 244 117
267 243 118
268 243 119
268 243 120
268 242 121
268 242 122
269 242 123
270 241 124
271 241 125
271 241 126
271 240 127
272 240 128
272 239 129
273 239 130
273 238 131
274 237 132
275 237 133
276 237 134
276 236 135
277 235 136
278 235 137
279 235 138
279 234 139
280 234 140
281 234 141
282 233 142
282 232 143
283 232 144
283 231 145
283 230 146
284 230 147
285 230 148
285 230 149
286 230 150
287 229 151
288 229 152
289 229 153
290 228 154
291 227 155
292 226 156
293 225 157
294 226 157
294 227 157
294 228 157
295 229 157
296 230 157
297 231 157
298 232 157
299 231 158
131
252 257 24
252 257 25
252 257 26
252 257 27
252 257 28
252 256 29
252 256 30
252 256 31
252 256 32
252 256 33
252 256 34
252 256 35
252 256 36
252 256 37
252 256 38
252 256 39
252 256 40
252 256 41
252 256 42
252 256 43
252 255 44
252 255 45
253 255 46
253 255 47
253 255 48
253 254 49
253 254 50
253 254 51
253 254 52
252 255 53
253 254 54
254 254 55
254 254 56
254 254 57
255 254 58
255 254 59
255 253 60
256 253 61
257 253 61
258 252 61
259 253 62
259 252 63
260 252 64
260 251 65
261 252 66
261 251 67
262 251 68
262 251 69
263 251 70
263 251 71
263 250 72
264 250 73
265 250 74
266 250 75
266 249 76
267 249 77
268 249 78
268 248 79
269 248 80
270 247 81
271 247 82
272 247 83
273 247 84
273 247 85
274 246 86
275 245 87
276 245 88
277 245 89
278 244 90
279 244 91
280 244 92
281 244 93
282 243 94
283 243 95
284 242 96
285 242 97
286 242 98
287 241 99
288 241 99
289 242 100
290 242 101
291 241 101
292 241 102
293 240 102
294 240 102
295 240 103
296 239 104
297 239 104
298 239 105
299 238 105
300 238 106
301 238 107
302 237 107
303 238 108
304 237 109
305 237 109
306 237 110
307 237 110
308 237 110
309 237 110
310 237 111
311 237 111
312 237 111
313 236 111
314 236 111
315 236 111
316 235 111
317 235 111
318 235 111
319 235 111
320 235 111
321 234 111
322 234 111
323 234 111
324 234 112
325 234 112
326 233 112
327 233 112
328 233 112
329 232 112
330 232 112
331 232 112
332 232 112
333 232 112
343 229 110
344 229 110
345 230 110
346 230 110
351 227 107
352 227 107
353 228 107
130
252 257 24
252 257 25
252 257 26
252 257 27
252 257 28
252 256 29
252 256 30
252 256 31
252 256 32
252 256 33
252 256 34
252 256 35
252 256 36
252 256 37
252 256 38
252 256 39
252 256 40
252 256 41
252 256 42
252 256 43
252 255 44
252 255 45
253 255 46
253 255 47
253 255 48
253 254 49
253 254 50
253 254 51
253 254 52
252 255 53
253 254 54
254 254 55
254 254 56
254 254 57
255 254 58
255 254 59
255 253 60
256 253 61
255 253 62
254 253 63
254 254 64
254 253 65
254 253 66
254 253 67
254 253 68
254 253 69
254 253 70
254 253 71
254 254 72
254 254 73
254 254 74
253 254 75
253 254 76
254 254 77
254 254 78
255 253 79
254 252 80
254 252 81
255 252 82
255 252 83
255 252 84
255 251 85
254 251 86
255 251 87
256 252 88
256 251 89
256 251 90
256 251 91
256 250 92
257 251 93
257 252 94
256 252 95
256 252 96
256 252 97
256 252 98
255 251 99
255 251 100
255 251 101
255 251 102
255 251 103
256 252 104
255 251 105
255 250 106
255 250 107
255 250 108
255 250 109
255 251 110
254 250 111
255 250 112
255 250 113
254 250 114
254 251 115
255 250 116
254 249 117
255 249 118
256 250 119
255 249 120
255 249 121
255 248 122
254 248 123
255 248 124
255 248 125
255 248 126
255 248 127
255 248 128
255 248 129
255 248 130
256 248 131
256 248 132
256 248 133
256 248 134
256 247 135
256 247 136
255 246 137
254 245 138
253 244 139
252 244 140
252 244 141
252 244 142
252 244 143
252 244 144
252 244 145
252 244 146
252 244 147
252 244 148
252 244 149
251 244 150
251 244 151
251 243 152
250 243 153
129
252 257 24
252 257 25
252 257 26
252 257 27
252 257 28
252 256 29
252 256 30
252 256 31
252 256 32
252 256 33
252 256 34
252 256 35
252 256 36
252 256 37
252 256 38
252 256 39
252 256 40
252 256 41
252 256 42
252 256 43
252 255 44
252 255 45
253 255 46
253 255 47
253 255 48
253 254 49
253 254 50
253 254 51
253 254 52
252 255 53
253 254 54
254 254 55
254 254 56
254 254 57
255 254 58
255 254 59
255 253 60
256 253 61
257 253 61
258 252 61
259 253 62
259 252 63
260 252 64
260 251 65
261 252 66
261 251 67
262 251 68
262 251 69
263 251 70
263 251 71
263 250 72
264 250 73
265 250 74
266 250 75
266 249 76
267 249 77
268 249 78
268 248 79
269 248 80
270 247 81
271 247 82
272 247 83
273 247 84
273 247 85
274 246 86
275 245 87
276 245 88
277 245 89
278 244 90
279 244 91
280 244 92
281 244 93
282 243 94
283 243 95
284 242 96
285 242 97
286 242 98
287 241 99
288 241 99
289 242 100
290 242 101
291 241 101
292 241 102
293 240 102
294 240 102
295 240 103
296 239 104
297 239 104
298 239 105
299 238 105
300 238 106
301 238 107
302 237 107
303 238 108
304 237 109
305 237 109
306 237 110
307 237 110
308 237 110
309 237 110
310 237 111
311 237 111
312 237 111
313 236 111
314 236 111
315 236 111
316 235 111
317 235 111
318 235 111
319 235 111
320 235 111
321 234 111
322 234 111
323 234 111
324 234 112
325 234 112
326 233 112
327 233 112
328 233 112
329 232 112
330 232 112
331 232 112
332 232 112
333 232 112
343 229 110
344 229 110
345 230 110
346 230 110
351 227 107
128
252 257 24
252 257 25
252 257 26
252 257 27
252 257 28
252 256 29
252 256 30
252 256 31
252 256 32
252 256 33
252 256 34
252 256 35
252 256 36
252 256 37
252 256 38
252 256 39
252 256 40
252 256 41
252 256 42
252 256 43
252 255 44
252 255 45
253 255 46
253 255 47
253 255 48
253 254 49
253 254 50
253 254 51
253 254 52
252 255 53
253 254 54
254 254 55
254 254 56
254 254 57
255 254 58
255 254 59
255 253 60
256 253 61
257 253 61
258 252 61
259 253 62
259 252 63
260 252 64
260 251 65
261 252 66
261 251 67
262 251 68
262 251 69
263 251 70
263 251 71
263 250 72
264 250 73
265 250 74
266 250 75
266 249 76
267 249 77
268 249 78
268 248 79
269 248 80
270 247 81
271 247 82
272 247 83
273 247 84
273 247 85
274 246 86
275 245 87
276 245 88
277 245 89
278 244 90
279 244 91
280 244 92
281 244 93
282 243 94
283 243 95
284 242 96
285 242 97
286 242 98
287 241 99
288 241 99
289 242 100
290 242 101
291 241 101
292 241 102
293 240 102
294 240 102
295 240 103
296 239 104
297 239 104
298 239 105
299 238 105
300 238 106
301 238 107
302 237 107
303 238 108
304 237 109
305 237 109
306 237 110
307 237 110
308 237 110
309 237 110
310 237 111
311 237 111
312 237 111
313 236 111
314 236 111
315 236 111
316 235 111
317 235 111
318 235 111
319 235 111
320 235 111
321 234 111
322 234 111
323 234 111
324 234 112
325 234 112
326 233 112
327 233 112
328 233 112
329 232 112
330 232 112
331 232 112
332 232 112
333 232 112
343 229 110
344 229 110
345 230 110
346 230 110
125
252 257 24
252 257 25
252 257 26
252 257 27
252 257 28
252 256 29
252 256 30
252 256 31
252 256 32
252 256 33
252 256 34
252 256 35
252 256 36
252 256 37
252 256 38
252 256 39
252 256 40
252 256 41
252 256 42
252 256 43
252 255 44
252 255 45
253 255 46
253 255 47
253 255 48
253 254 49
253 254 50
253 254 51
253 254 52
252 255 53
253 254 54
254 254 55
254 254 56
254 254 57
255 254 58
255 254 59
255 253 60
256 253 61
257 253 61
258 252 61
259 253 62
259 252 63
260 252 64
260 251 65
261 252 66
261 251 67
262 251 68
262 251 69
263 251 70
263 251 71
263 250 72
264 250 73
265 250 74
266 250 75
266 249 76
267 249 77
268 249 78
268 248 79
269 248 80
270 247 81
271 247 82
272 247 83
273 247 84
273 247 85
274 246 86
275 245 87
276 245 88
277 245 89
278 244 90
279 244 91
280 244 92
281 244 93
282 243 94
283 243 95
284 242 96
285 242 97
286 242 98
287 241 99
288 241 99
289 242 100
290 242 101
291 241 101
292 241 102
293 240 102
294 240 102
295 240 103
296 239 104
297 239 104
298 239 105
299 238 105
300 238 106
301 238 107
302 237 107
303 238 108
304 237 109
305 237 109
306 237 110
307 237 110
308 237 110
309 237 110
310 237 111
311 237 111
312 237 111
313 236 111
314 236 111
315 236 111
316 235 111
317 235 111
318 235 111
319 235 111
320 235 111
321 234 111
322 234 111
323 234 111
324 234 112
325 234 112
326 233 112
327 233 112
328 233 112
329 232 112
330 232 112
331 232 112
332 232 112
333 232 112
343 229 110
124
252 257 24
252 257 25
252 257 26
252 257 27
252 257 28
252 256 29
252 256 30
252 256 31
252 256 32
252 256 33
252 256 34
252 256 35
252 256 36
252 256 37
252 256 38
252 256 39
252 256 40
252 256 41
252 256 42
252 256 43
252 255 44
252 255 45
253 255 46
253 255 47
253 255 48
253 254 49
253 254 50
253 254 51
253 254 52
252 255 53
253 254 54
254 254 55
254 254 56
254 254 57
255 254 58
255 254 59
255 253 60
256 253 61
257 253 61
258 252 61
259 253 62
259 252 63
260 252 64
260 251 65
261 252 66
261 251 67
262 251 68
262 251 69
263 251 70
263 251 71
263 250 72
264 250 73
265 250 74
266 250 75
266 249 76
267 249 77
268 249 78
268 248 79
269 248 80
270 247 81
271 247 82
272 247 83
273 247 84
273 247 85
274 246 86
275 245 87
276 245 88
277 245 89
278 244 90
279 244 91
280 244 92
281 244 93
282 243 94
283 243 95
284 242 96
285 242 97
286 242 98
287 241 99
288 241 99
289 242 100
290 242 101
291 241 101
292 241 102
293 240 102
294 240 102
295 240 103
296 239 104
297 239 104
298 239 105
299 238 105
300 238 106
301 238 107
302 237 107
303 238 108
304 237 109
305 237 109
306 237 110
307 237 110
308 237 110
309 237 110
310 237 111
311 237 111
312 237 111
313 236 111
314 236 111
315 236 111
316 235 111
317 235 111
318 235 111
319 235 111
320 235 111
321 234 111
322 234 111
323 234 111
324 234 112
325 234 112
326 233 112
327 233 112
328 233 112
329 232 112
330 232 112
331 232 112
332 232 112
333 232 112
113
252 257 24
252 257 25
252 257 26
252 257 27
252 257 28
252 256 29
252 256 30
252 256 31
252 256 32
252 256 33
252 256 34
252 256 35
252 256 36
252 256 37
252 256 38
252 256 39
252 256 40
252 256 41
252 256 42
251 257 43
250 257 44
250 258 45
249 257 46
248 258 47
248 259 48
248 259 49
248 260 50
248 260 51
248 260 52
248 260 53
248 261 54
248 262 55
247 262 56
247 262 57
247 263 58
247 263 59
247 264 60
247 265 61
246 265 62
247 266 63
246 266 64
246 266 65
245 266 66
245 267 67
245 268 68
244 269 69
243 269 70
243 269 71
243 270 72
243 270 73
242 271 74
242 272 75
241 272 76
241 272 77
240 273 78
240 273 79
240 274 80
240 275 81
240 276 82
239 276 83
238 276 84
237 277 85
236 277 86
235 278 87
234 279 88
234 280 89
233 281 90
232 281 91
231 282 92
231 283 93
230 283 94
229 284 95
229 284 96
228 284 97
227 285 98
226 286 99
225 286 100
224 287 101
223 287 101
222 288 101
221 288 102
220 289 102
219 289 103
218 289 104
217 289 104
216 290 105
215 290 105
214 290 106
213 291 106
212 291 107
211 291 107
210 291 108
209 292 109
208 292 109
207 293 110
206 293 111
205 294 112
204 294 112
203 294 113
202 295 114
201 295 114
200 296 114
199 296 115
198 296 114
197 296 115
196 297 115
195 298 116
193 299 118
192 300 118
191 300 119
190 301 118
189 301 119
188 302 119
112
252 257 24
252 257 25
252 257 26
252 257 27
252 257 28
252 256 29
252 256 30
252 256 31
252 256 32
252 256 33
252 256 34
252 256 35
252 256 36
252 256 37
252 256 38
252 256 39
252 256 40
252 256 41
252 256 42
252 256 43
252 255 44
252 255 45
253 255 46
253 255 47
253 255 48
253 254 49
253 254 50
253 254 51
253 254 52
252 255 53
253 254 54
254 254 55
254 254 56
254 254 57
255 254 58
255 254 59
255 253 60
256 253 61
257 253 61
258 252 61
259 253 62
259 252 63
260 252 64
260 251 65
261 252 66
261 251 67
262 251 68
262 251 69
263 251 70
263 251 71
263 250 72
264 250 73
265 250 74
266 250 75
266 249 76
267 249 77
268 249 78
268 248 79
269 248 80
270 247 81
271 247 82
272 247 83
273 247 84
273 247 85
274 246 86
275 245 87
276 245 88
277 245 89
278 244 90
279 244 91
280 244 92
281 244 93
282 243 94
283 243 95
284 242 96
285 242 97
286 242 98
287 241 99
288 241 99
289 242 100
290 242 101
291 241 101
292 241 102
293 240 102
294 240 102
295 240 103
296 239 104
297 239 104
298 239 105
299 238 105
300 238 106
301 238 107
302 237 107
303 238 108
304 237 109
305 237 109
306 237 110
307 237 110
308 237 110
309 237 110
310 237 111
311 237 111
312 237 111
313 236 111
314 236 111
315 236 111
316 235 111
317 235 111
318 235 111
319 235 111
320 235 111
320 222 111
108
252 257 24
252 257 25
252 257 26
252 257 27
252 257 28
252 256 29
252 256 30
252 256 31
252 256 32
252 256 33
252 256 34
252 256 35
252 256 36
252 256 37
252 256 38
252 256 39
252 256 40
252 256 41
252 256 42
252 256 43
252 255 44
252 255 45
253 255 46
253 255 47
253 255 48
253 254 49
253 254 50
253 254 51
253 254 52
252 255 53
253 254 54
254 254 55
254 254 56
254 254 57
255 254 58
255 254 59
255 253 60
256 253 61
255 253 62
254 253 63
254 254 64
254 253 65
254 253 66
254 253 67
254 253 68
254 253 69
254 253 70
254 253 71
254 254 72
254 254 73
254 254 74
253 254 75
253 254 76
254 254 77
254 254 78
255 253 79
254 252 80
254 252 81
255 252 82
255 252 83
255 252 84
255 251 85
254 251 86
255 251 87
256 252 88
256 251 89
256 251 90
256 251 91
256 250 92
257 251 93
257 252 94
256 252 95
256 252 96
256 252 97
256 252 98
255 251 99
255 251 100
255 251 101
255 251 102
255 251 103
256 252 104
255 251 105
255 250 106
255 250 107
255 250 108
255 250 109
255 251 110
254 250 111
255 250 112
255 250 113
254 250 114
254 251 115
255 250 116
254 249 117
253 248 117
252 247 117
252 246 117
252 245 116
252 244 116
252 243 117
253 243 118
253 242 119
253 242 120
254 242 121
254 242 122
254 241 123
254 241 124
255 241 125
108
252 257 24
252 257 25
252 257 26
252 257 27
252 257 28
252 256 29
252 256 30
252 256 31
252 256 32
252 256 33
252 256 34
252 256 35
252 256 36
252 256 37
252 256 38
252 256 39
252 256 40
252 256 41
252 256 42
251 257 43
250 257 44
250 258 45
249 257 46
248 258 47
248 259 48
248 259 49
248 260 50
248 260 51
248 260 52
248 260 53
248 261 54
248 262 55
247 262 56
247 262 57
247 263 58
247 263 59
247 264 60
247 265 61
246 265 62
247 266 63
246 266 64
246 266 65
245 266 66
245 267 67
245 268 68
244 269 69
243 269 70
243 269 71
243 270 72
243 270 73
242 271 74
242 272 75
241 272 76
241 272 77
240 273 78
240 273 79
240 274 80
240 275 81
240 276 82
239 276 83
238 276 84
237 277 85
236 277 86
235 278 87
234 279 88
234 280 89
233 281 90
232 281 91
231 282 92
231 283 93
230 283 94
229 284 95
229 284 96
228 284 97
227 285 98
226 286 99
225 286 100
224 287 101
223 287 101
222 288 101
221 288 102
220 289 102
219 289 103
218 289 104
217 289 104
216 290 105
215 290 105
214 290 106
213 291 106
212 291 107
211 291 107
210 291 108
209 292 109
208 292 109
207 293 110
206 293 111
205 294 112
204 294 112
203 294 113
202 295 114
201 295 114
200 296 114
199 296 115
198 296 114
197 296 115
196 297 115
195 298 116
193 299 118
107
252 257 24
252 257 25
252 257 26
252 257 27
252 257 28
252 256 29
252 256 30
252 256 31
252 256 32
252 256 33
252 256 34
252 256 35
252 256 36
252 256 37
252 256 38
252 256 39
252 256 40
252 256 41
252 256 42
251 257 43
250 257 44
250 258 45
249 257 46
248 258 47
248 259 48
248 259 49
248 260 50
248 260 51
248 260 52
248 260 53
248 261 54
248 262 55
247 262 56
247 262 57
247 263 58
247 263 59
247 264 60
247 265 61
246 265 62
247 266 63
246 266 64
246 266 65
245 266 66
245 267 67
245 268 68
244 269 69
243 269 70
243 269 71
243 270 72
243 270 73
242 271 74
242 272 75
241 272 76
241 272 77
240 273 78
240 273 79
240 274 80
240 275 81
240 276 82
239 276 83
238 276 84
237 277 85
236 277 86
235 278 87
234 279 88
234 280 89
233 281 90
232 281 91
231 282 92
231 283 93
230 283 94
229 284 95
229 284 96
228 284 97
227 285 98
226 286 99
225 286 100
224 287 101
223 287 101
222 288 101
221 288 102
220 289 102
219 289 103
218 289 104
217 289 104
216 290 105
215 290 105
214 290 106
213 291 106
212 291 107
211 291 107
210 291 108
209 292 109
208 292 109
207 293 110
206 293 111
205 294 112
204 294 112
203 294 113
202 295 114
201 295 114
200 296 114
199 296 115
198 296 114
197 296 115
196 297 115
195 298 116
107
252 257 24
252 257 25
252 257 26
252 257 27
252 257 28
252 256 29
252 256 30
252 256 31
252 256 32
252 256 33
252 256 34
252 256 35
252 256 36
252 256 37
252 256 38
252 256 39
252 256 40
252 256 41
252 256 42
252 256 43
252 255 44
252 255 45
253 255 46
253 255 47
253 255 48
253 254 49
253 254 50
253 254 51
253 254 52
252 255 53
253 254 54
254 254 55
254 254 56
254 254 57
255 254 58
255 254 59
255 253 60
256 253 61
255 253 62
254 253 63
254 254 64
254 253 65
254 253 66
254 253 67
254 253 68
254 253 69
254 253 70
254 253 71
254 254 72
254 254 73
254 254 74
253 254 75
253 254 76
254 254 77
254 254 78
255 253 79
254 252 80
254 252 81
255 252 82
255 252 83
255 252 84
255 251 85
254 251 86
255 251 87
256 252 88
256 251 89
256 251 90
256 251 91
256 250 92
257 251 93
257 252 94
256 252 95
256 252 96
256 252 97
256 252 98
255 251 99
255 251 100
255 251 101
255 251 102
255 251 103
256 252 104
255 251 105
255 250 106
255 250 107
255 250 108
255 250 109
255 251 110
254 250 111
255 250 112
255 250 113
254 250 114
254 251 115
255 250 116
254 249 117
255 249 118
256 250 119
257 251 119
257 252 120
256 253 121
257 254 122
258 255 123
257 255 124
258 256 125
258 256 126
258 256 127
257 256 128
258 257 129
106
252 257 24
252 257 25
252 257 26
252 257 27
252 257 28
252 256 29
252 256 30
252 256 31
252 256 32
252 256 33
252 256 34
252 256 35
252 256 36
252 256 37
252 256 38
252 256 39
252 256 40
252 256 41
252 256 42
252 256 43
252 255 44
252 255 45
253 255 46
253 255 47
253 255 48
253 254 49
253 254 50
253 254 51
253 254 52
252 255 53
253 254 54
254 254 55
254 254 56
254 254 57
255 254 58
255 254 59
255 253 60
256 253 61
255 253 62
254 253 63
254 254 64
254 253 65
254 253 66
254 253 67
254 253 68
254 253 69
254 253 70
254 253 71
254 254 72
254 254 73
254 254 74
253 254 75
253 254 76
254 254 77
254 254 78
255 253 79
254 252 80
254 252 81
255 252 82
255 252 83
255 252 84
255 251 85
254 251 86
255 251 87
256 252 88
256 251 89
256 251 90
256 251 91
256 250 92
257 251 93
257 252 94
256 252 95
256 252 96
256 252 97
256 252 98
255 251 99
255 251 100
255 251 101
255 251 102
255 251 103
256 252 104
255 251 105
255 250 106
255 250 107
255 250 108
255 250 109
255 251 110
254 250 111
255 250 112
255 250 113
254 250 114
254 251 115
255 250 116
254 249 117
255 249 118
256 250 119
255 249 120
255 249 121
255 248 122
254 248 123
253 247 123
252 246 123
251 246 123
250 245 123
249 244 123
249 243 123
105
252 257 24
252 257 25
252 257 26
252 257 27
252 257 28
252 256 29
252 256 30
252 256 31
252 256 32
252 256 33
252 256 34
252 256 35
252 256 36
252 256 37
252 256 38
252 256 39
252 256 40
252 256 41
252 256 42
252 256 43
252 255 44
252 255 45
253 255 46
253 255 47
253 255 48
253 254 49
253 254 50
253 254 51
253 254 52
252 255 53
253 254 54
254 254 55
254 254 56
254 254 57
255 254 58
255 254 59
255 253 60
256 253 61
255 253 62
254 253 63
254 254 64
254 253 65
254 253 66
254 253 67
254 253 68
254 253 69
254 253 70
254 253 71
254 254 72
254 254 73
254 254 74
253 254 75
253 254 76
254 254 77
254 254 78
255 253 79
254 252 80
254 252 81
255 252 82
255 252 83
255 252 84
255 251 85
254 251 86
255 251 87
256 252 88
256 251 89
256 251 90
256 251 91
256 250 92
257 251 93
257 252 94
256 252 95
256 252 96
256 252 97
256 252 98
255 251 99
255 251 100
255 251 101
255 251 102
255 251 103
256 252 104
255 251 105
255 250 106
255 250 107
255 250 108
255 250 109
255 251 110
254 250 111
255 250 112
255 250 113
254 250 114
254 251 115
255 250 116
254 249 117
253 248 117
252 247 117
252 246 117
252 245 116
252 244 116
252 243 117
253 243 118
253 242 119
252 242 120
251 242 121
250 242 122
102
252 257 24
252 257 25
252 257 26
252 257 27
252 257 28
252 256 29
252 256 30
252 256 31
252 256 32
252 256 33
252 256 34
252 256 35
252 256 36
252 256 37
252 256 38
252 256 39
252 256 40
252 256 41
252 256 42
252 256 43
252 255 44
252 255 45
253 255 46
253 255 47
253 255 48
253 254 49
253 254 50
253 254 51
253 254 52
252 255 53
253 254 54
254 254 55
254 254 56
254 254 57
255 254 58
255 254 59
255 253 60
256 253 61
257 253 61
258 252 61
259 253 62
259 252 63
260 252 64
260 251 65
261 252 66
261 251 67
262 251 68
262 251 69
263 251 70
263 251 71
263 250 72
264 250 73
265 250 74
266 250 75
266 249 76
267 249 77
268 249 78
268 248 79
269 248 80
270 247 81
271 247 82
272 247 83
273 247 84
273 247 85
274 246 86
275 245 87
276 245 88
277 245 89
278 244 90
279 244 91
280 244 92
281 244 93
282 243 94
283 243 95
284 242 96
285 242 97
286 242 98
287 241 99
288 241 99
289 242 100
290 242 101
291 241 101
292 241 102
293 240 102
294 240 102
295 240 103
296 239 104
297 239 104
298 239 105
299 238 105
300 238 106
301 238 107
302 237 107
303 238 108
304 237 109
305 237 109
306 237 110
307 237 110
308 237 110
309 237 110
309 228 110
310 227 110
101
252 257 24
252 257 25
252 257 26
252 257 27
252 257 28
252 256 29
252 256 30
252 256 31
252 256 32
252 256 33
252 256 34
252 256 35
252 256 36
252 256 37
252 256 38
252 256 39
252 256 40
252 256 41
252 256 42
252 256 43
252 255 44
252 255 45
253 255 46
253 255 47
253 255 48
253 254 49
253 254 50
253 254 51
253 254 52
252 255 53
253 254 54
254 254 55
254 254 56
254 254 57
255 254 58
255 254 59
255 253 60
256 253 61
257 253 61
258 252 61
259 253 62
259 252 63
260 252 64
260 251 65
261 252 66
261 251 67
262 251 68
262 251 69
263 251 70
263 251 71
263 250 72
264 250 73
265 250 74
266 250 75
266 249 76
267 249 77
268 249 78
268 248 79
269 248 80
270 247 81
271 247 82
272 247 83
273 247 84
273 247 85
274 246 86
275 245 87
276 245 88
277 245 89
278 244 90
279 244 91
280 244 92
281 244 93
282 243 94
283 243 95
284 242 96
285 242 97
286 242 98
287 241 99
288 241 99
289 242 100
290 242 101
291 241 101
292 241 102
293 240 102
294 240 102
295 240 103
296 239 104
297 239 104
298 239 105
299 238 105
300 238 106
301 238 107
302 237 107
303 238 108
304 237 109
305 237 109
306 237 110
307 237 110
308 237 110
309 237 110
309 228 110
95
252 257 24
252 257 25
252 257 26
252 257 27
252 257 28
252 256 29
252 256 30
252 256 31
252 256 32
252 256 33
252 256 34
252 256 35
252 256 36
252 256 37
252 256 38
252 256 39
252 256 40
252 256 41
252 256 42
252 256 43
252 255 44
252 255 45
253 255 46
253 255 47
253 255 48
253 254 49
253 254 50
253 254 51
253 254 52
252 255 53
253 254 54
254 254 55
254 254 56
254 254 57
255 254 58
255 254 59
255 253 60
256 253 61
255 253 62
254 253 63
254 254 64
254 253 65
254 253 66
254 253 67
254 253 68
254 253 69
254 253 70
254 253 71
254 254 72
254 254 73
254 254 74
253 254 75
253 254 76
254 254 77
254 254 78
255 253 79
254 252 80
254 252 81
255 252 82
255 252 83
255 252 84
255 251 85
254 251 86
255 251 87
256 252 88
256 251 89
256 251 90
256 251 91
256 250 92
257 251 93
258 252 94
259 251 95
259 250 96
259 250 97
260 250 98
260 249 99
260 248 100
261 249 101
261 249 102
261 248 103
261 247 104
261 247 105
261 246 106
261 245 106
260 244 106
259 244 107
258 243 108
258 243 109
259 242 110
259 241 111
259 241 112
259 241 113
259 241 114
260 241 115
259 240 116
87
252 257 24
252 257 25
252 257 26
252 257 27
252 257 28
252 256 29
252 256 30
252 256 31
252 256 32
252 256 33
252 256 34
252 256 35
252 256 36
252 256 37
252 256 38
252 256 39
252 256 40
252 256 41
252 256 42
252 256 43
252 255 44
252 255 45
253 255 46
253 255 47
253 255 48
253 254 49
253 254 50
253 254 51
253 254 52
252 255 53
253 254 54
254 254 55
254 254 56
254 254 57
255 254 58
255 254 59
255 253 60
256 253 61
255 253 62
254 253 63
254 254 64
254 253 65
254 253 66
254 253 67
254 253 68
254 253 69
254 253 70
254 253 71
254 254 72
254 254 73
254 254 74
253 254 75
253 254 76
254 254 77
254 254 78
255 253 79
254 252 80
254 252 81
255 252 82
255 252 83
255 252 84
255 251 85
254 251 86
255 251 87
256 252 88
256 251 89
256 251 90
256 251 91
256 250 92
257 251 93
257 252 94
256 252 95
256 252 96
256 252 97
256 252 98
255 251 99
255 251 100
255 251 101
255 251 102
255 251 103
256 252 104
257 253 104
258 254 105
259 255 105
260 254 106
261 254 107
261 254 108
81
252 257 24
252 257 25
252 257 26
252 257 27
252 257 28
252 256 29
252 256 30
252 256 31
252 256 32
252 256 33
252 256 34
252 256 35
252 256 36
252 256 37
252 256 38
252 256 39
252 256 40
252 256 41
252 256 42
252 256 43
252 255 44
252 255 45
253 255 46
253 255 47
253 255 48
253 254 49
253 254 50
253 254 51
253 254 52
252 255 53
253 254 54
254 254 55
254 254 56
254 254 57
255 254 58
255 254 59
255 253 60
256 253 61
257 253 61
258 252 61
259 253 62
259 252 63
260 252 64
260 251 65
261 252 66
261 251 67
262 251 68
262 251 69
263 251 70
263 251 71
263 250 72
264 250 73
265 250 74
266 250 75
266 249 76
267 249 77
268 249 78
268 248 79
269 248 80
270 247 81
271 247 82
272 247 83
273 247 84
273 247 85
274 246 86
275 245 87
276 245 88
277 245 89
278 244 90
279 244 91
280 244 92
281 244 93
282 243 94
283 243 95
284 242 96
285 242 97
286 242 98
287 241 99
288 240 100
288 239 100
288 238 100
80
252 257 24
252 257 25
252 257 26
252 257 27
252 257 28
252 256 29
252 256 30
252 256 31
252 256 32
252 256 33
252 256 34
252 256 35
252 256 36
252 256 37
252 256 38
252 256 39
252 256 40
252 256 41
252 256 42
252 256 43
252 255 44
252 255 45
253 255 46
253 255 47
253 255 48
253 254 49
253 254 50
253 254 51
253 254 52
252 255 53
253 254 54
254 254 55
254 254 56
254 254 57
255 254 58
255 254 59
255 253 60
256 253 61
255 253 62
254 253 63
254 254 64
254 253 65
254 253 66
254 253 67
254 253 68
254 253 69
254 253 70
254 253 71
254 254 72
254 254 73
254 254 74
253 254 75
253 254 76
252 255 77
251 256 78
250 256 79
249 256 80
248 256 81
248 256 82
248 257 83
248 258 84
248 258 85
248 259 86
247 258 87
247 259 88
246 258 89
246 259 90
245 258 91
245 259 92
245 259 93
245 260 94
244 260 95
244 261 96
243 261 97
243 262 98
242 262 99
241 262 100
241 263 101
242 264 101
243 265 101
80
252 257 24
252 257 25
252 257 26
252 257 27
252 257 28
252 256 29
252 256 30
252 256 31
252 256 32
252 256 33
252 256 34
252 256 35
252 256 36
252 256 37
252 256 38
252 256 39
252 256 40
252 256 41
252 256 42
252 256 43
252 255 44
252 255 45
253 255 46
253 255 47
253 255 48
253 254 49
253 254 50
253 254 51
253 254 52
252 255 53
253 254 54
254 254 55
254 254 56
254 254 57
255 254 58
255 254 59
255 253 60
256 253 61
255 253 62
254 253 63
254 254 64
254 253 65
254 253 66
254 253 67
254 253 68
254 253 69
254 253 70
254 253 71
254 254 72
254 254 73
254 254 74
253 254 75
253 254 76
252 255 77
251 256 78
250 256 79
249 256 80
248 256 81
248 256 82
248 257 83
248 258 84
248 258 85
248 259 86
247 258 87
247 259 88
246 258 89
246 259 90
245 258 91
245 259 92
245 259 93
245 260 94
244 260 95
244 261 96
243 261 97
243 262 98
244 263 98
245 264 98
246 265 99
245 266 100
244 265 101
80
252 257 24
252 257 25
252 257 26
252 257 27
252 257 28
252 256 29
252 256 30
252 256 31
252 256 32
252 256 33
252 256 34
252 256 35
252 256 36
252 256 37
252 256 38
252 256 39
252 256 40
252 256 41
252 256 42
252 256 43
252 255 44
252 255 45
253 255 46
253 255 47
253 255 48
253 254 49
253 254 50
253 254 51
253 254 52
252 255 53
253 254 54
254 254 55
254 254 56
254 254 57
255 254 58
255 254 59
255 253 60
256 253 61
255 253 62
254 253 63
254 254 64
254 253 65
254 253 66
254 253 67
254 253 68
254 253 69
254 253 70
254 253 71
254 254 72
254 254 73
254 254 74
253 254 75
253 254 76
254 254 77
254 254 78
255 253 79
254 252 80
254 252 81
255 252 82
255 252 83
255 252 84
255 251 85
254 251 86
255 251 87
256 252 88
256 251 89
256 251 90
256 251 91
256 250 92
257 251 93
258 252 94
259 251 95
259 250 96
258 249 96
258 248 96
257 247 96
256 246 97
255 245 98
254 246 99
253 247 99
79
252 257 24
252 257 25
252 257 26
252 257 27
252 257 28
252 256 29
252 256 30
252 256 31
252 256 32
252 256 33
252 256 34
252 256 35
252 256 36
252 256 37
252 256 38
252 256 39
252 256 40
252 256 41
252 256 42
252 256 43
252 255 44
252 255 45
253 255 46
253 255 47
253 255 48
253 254 49
253 254 50
253 254 51
253 254 52
252 255 53
253 254 54
254 254 55
254 254 56
254 254 57
255 254 58
255 254 59
255 253 60
256 253 61
255 253 62
254 253 63
254 254 64
254 253 65
254 253 66
254 253 67
254 253 68
254 253 69
254 253 70
254 253 71
254 254 72
254 254 73
254 254 74
253 254 75
253 254 76
254 254 77
254 254 78
255 253 79
254 252 80
254 252 81
255 252 82
255 252 83
255 252 84
255 251 85
254 251 86
255 251 87
256 252 88
256 251 89
256 251 90
256 251 91
256 250 92
257 251 93
257 252 94
256 252 95
256 252 96
256 252 97
256 252 98
255 251 99
255 250 99
255 249 99
254 248 99
76
252 257 24
252 257 25
252 257 26
252 257 27
252 257 28
252 256 29
252 256 30
252 256 31
252 256 32
252 256 33
252 256 34
252 256 35
252 256 36
252 256 37
252 256 38
252 256 39
252 256 40
252 256 41
252 256 42
252 256 43
252 255 44
252 255 45
253 255 46
253 255 47
253 255 48
253 254 49
253 254 50
253 254 51
253 254 52
252 255 53
253 254 54
254 254 55
254 254 56
254 254 57
255 254 58
255 254 59
255 253 60
256 253 61
255 253 62
254 253 63
254 254 64
254 253 65
254 253 66
254 253 67
254 253 68
254 253 69
254 253 70
254 253 71
254 254 72
254 254 73
254 254 74
253 254 75
253 254 76
254 254 77
254 254 78
255 253 79
254 252 80
254 252 81
255 252 82
255 252 83
255 252 84
255 251 85
254 251 86
255 251 87
256 252 88
256 251 89
256 251 90
256 251 91
256 250 92
257 251 93
258 252 94
259 251 95
259 250 96
259 250 97
258 249 98
257 250 99
74
252 257 24
252 257 25
252 257 26
252 257 27
252 257 28
252 256 29
252 256 30
252 256 31
252 256 32
252 256 33
252 256 34
252 256 35
252 256 36
252 256 37
252 256 38
252 256 39
252 256 40
252 256 41
252 256 42
252 256 43
252 255 44
252 255 45
253 255 46
253 255 47
253 255 48
253 254 49
253 254 50
253 254 51
253 254 52
252 255 53
253 254 54
254 254 55
254 254 56
254 254 57
255 254 58
255 254 59
255 253 60
256 253 61
255 253 62
254 253 63
254 254 64
254 253 65
254 253 66
254 253 67
254 253 68
254 253 69
254 253 70
254 253 71
254 254 72
254 254 73
254 254 74
253 254 75
253 254 76
254 254 77
254 254 78
255 253 79
254 252 80
253 252 80
252 252 81
251 252 82
251 251 83
251 251 84
251 251 85
250 251 86
250 250 87
250 250 88
250 250 89
250 249 90
249 249 91
249 249 92
249 249 93
249 249 94
249 249 95
249 249 96
64
252 257 24
252 257 25
252 257 26
252 257 27
252 257 28
252 256 29
252 256 30
252 256 31
252 256 32
252 256 33
252 256 34
252 256 35
252 256 36
252 256 37
252 256 38
252 256 39
252 256 40
252 256 41
252 256 42
252 256 43
252 255 44
252 255 45
253 255 46
253 255 47
253 255 48
253 254 49
253 254 50
253 254 51
253 254 52
252 255 53
253 254 54
254 254 55
254 254 56
254 254 57
255 254 58
255 254 59
255 253 60
256 253 61
255 253 62
254 253 63
254 254 64
254 253 65
254 253 66
254 253 67
254 253 68
254 253 69
254 253 70
254 253 71
254 254 72
254 254 73
254 254 74
253 254 75
253 254 76
254 254 77
254 254 78
255 253 79
254 252 80
253 252 80
252 252 81
251 252 82
251 251 83
251 251 84
252 251 85
253 251 86
63
252 257 24
252 257 25
252 257 26
252 257 27
252 257 28
252 256 29
252 256 30
252 256 31
252 256 32
252 256 33
252 256 34
252 256 35
252 256 36
252 256 37
252 256 38
252 256 39
252 256 40
252 256 41
252 256 42
252 256 43
252 255 44
252 255 45
253 255 46
253 255 47
253 255 48
253 254 49
253 254 50
253 254 51
253 254 52
252 255 53
253 254 54
254 254 55
254 254 56
254 254 57
255 254 58
255 254 59
255 253 60
256 253 61
255 253 62
254 253 63
254 254 64
254 253 65
254 253 66
254 253 67
254 253 68
254 253 69
254 253 70
254 253 71
254 254 72
254 254 73
254 254 74
253 254 75
253 254 76
254 254 77
255 255 78
254 256 79
254 256 80
254 256 81
254 257 82
254 257 83
254 256 84
254 256 85
254 257 86
63
252 257 24
252 257 25
252 257 26
252 257 27
252 257 28
252 256 29
252 256 30
252 256 31
252 256 32
252 256 33
252 256 34
252 256 35
252 256 36
252 256 37
252 256 38
252 256 39
252 256 40
252 256 41
252 256 42
251 257 43
250 257 44
250 258 45
249 257 46
248 258 47
248 259 48
248 259 49
248 260 50
248 260 51
248 260 52
248 260 53
248 261 54
248 262 55
247 262 56
247 262 57
247 263 58
247 263 59
247 264 60
247 265 61
246 265 62
247 266 63
246 266 64
246 266 65
245 266 66
245 267 67
245 268 68
244 269 69
243 269 70
243 269 71
243 270 72
243 270 73
242 271 74
242 272 75
241 272 76
241 272 77
240 273 78
240 273 79
240 274 80
240 275 81
240 276 82
239 276 83
238 276 84
237 277 85
236 272 85
57
252 257 24
252 257 25
252 257 26
252 257 27
252 257 28
252 256 29
252 256 30
252 256 31
252 256 32
252 256 33
252 256 34
252 256 35
252 256 36
252 256 37
252 256 38
252 256 39
252 256 40
252 256 41
252 256 42
252 256 43
252 255 44
252 255 45
253 255 46
253 255 47
253 255 48
253 254 49
253 254 50
253 254 51
253 254 52
252 255 53
253 254 54
254 254 55
254 254 56
254 254 57
255 254 58
255 254 59
255 253 60
256 253 61
255 253 62
254 253 63
254 254 64
254 253 65
254 253 66
254 253 67
254 253 68
254 253 69
254 253 70
254 253 71
254 254 72
254 254 73
254 254 74
253 254 75
253 254 76
254 254 77
255 255 78
256 256 77
257 257 78
55
252 257 24
252 257 25
252 257 26
252 257 27
252 257 28
252 256 29
252 256 30
252 256 31
252 256 32
252 256 33
252 256 34
252 256 35
252 256 36
252 256 37
252 256 38
252 256 39
252 256 40
252 256 41
252 256 42
252 256 43
252 255 44
252 255 45
253 255 46
253 255 47
253 255 48
253 254 49
253 254 50
253 254 51
253 254 52
252 255 53
253 254 54
254 254 55
254 254 56
254 254 57
255 254 58
255 254 59
255 253 60
256 253 61
257 253 61
258 252 61
259 253 62
259 252 63
260 252 64
260 251 65
261 252 66
261 251 67
262 251 68
262 251 69
263 251 70
263 251 71
263 250 72
264 250 73
265 250 74
266 250 75
266 253 76
50
252 257 24
252 257 25
252 257 26
252 257 27
252 257 28
252 256 29
252 256 30
252 256 31
252 256 32
252 256 33
252 256 34
252 256 35
252 256 36
252 256 37
252 256 38
252 256 39
252 256 40
252 256 41
252 256 42
252 256 43
252 255 44
252 255 45
253 255 46
253 255 47
253 255 48
253 254 49
253 254 50
253 254 51
253 254 52
252 255 53
253 254 54
254 254 55
254 254 56
254 254 57
255 254 58
255 254 59
255 253 60
256 253 61
257 253 61
258 252 61
259 253 62
259 252 63
260 252 64
260 251 65
261 252 66
261 251 67
262 251 68
262 251 69
263 251 70
264 252 71
41
252 257 24
252 257 25
252 257 26
252 257 27
252 257 28
252 256 29
252 256 30
252 256 31
252 256 32
252 256 33
252 256 34
252 256 35
252 256 36
252 256 37
252 256 38
252 256 39
252 256 40
252 256 41
252 256 42
252 256 43
252 255 44
252 255 45
253 255 46
253 255 47
253 255 48
253 254 49
253 254 50
253 254 51
253 254 52
252 255 53
253 254 54
254 254 55
254 254 56
254 254 57
255 254 58
255 254 59
255 253 60
256 253 61
255 253 62
255 252 63
256 251 64
39
252 257 24
252 257 25
252 257 26
252 257 27
252 257 28
252 256 29
252 256 30
252 256 31
252 256 32
252 256 33
252 256 34
252 256 35
252 256 36
252 256 37
252 256 38
252 256 39
252 256 40
252 256 41
252 256 42
251 257 43
250 257 44
250 258 45
249 257 46
248 258 47
248 259 48
248 259 49
248 260 50
248 260 51
248 260 52
248 260 53
248 261 54
248 262 55
247 262 56
247 262 57
247 263 58
247 263 59
247 264 60
247 265 61
248 266 62
34
252 257 24
252 257 25
252 257 26
252 257 27
252 257 28
252 256 29
252 256 30
252 256 31
252 256 32
252 256 33
252 256 34
252 256 35
252 256 36
252 256 37
252 256 38
252 256 39
252 256 40
252 256 41
252 256 42
252 256 43
252 255 44
252 255 45
253 255 46
253 255 47
253 255 48
253 254 49
253 254 50
253 254 51
253 254 52
252 255 53
251 255 54
250 255 55
250 255 56
250 255 57
28
252 257 24
252 257 25
252 257 26
252 257 27
252 257 28
252 256 29
252 256 30
252 256 31
252 256 32
252 256 33
252 256 34
252 256 35
252 256 36
252 256 37
252 256 38
252 256 39
252 256 40
252 256 41
252 256 42
251 257 43
250 257 44
250 258 45
251 258 46
251 258 47
251 259 48
251 259 49
251 259 50
252 260 51
23
252 257 24
252 257 25
252 257 26
252 257 27
252 257 28
252 256 29
252 256 30
252 256 31
252 256 32
252 256 33
252 256 34
252 256 35
252 256 36
252 256 37
252 256 38
252 256 39
252 256 40
252 256 41
252 256 42
251 257 43
250 257 44
250 258 45
249 259 46
