53
324
246 255 26
246 255 27
246 255 28
246 255 29
246 255 30
246 255 31
246 255 32
246 255 33
246 255 34
246 255 35
246 255 36
245 255 37
245 255 38
245 255 39
245 255 40
245 255 41
245 255 42
245 255 43
245 255 44
245 255 45
245 255 46
245 255 47
245 255 48
245 255 49
245 255 50
244 254 51
244 254 52
244 254 53
245 255 54
244 254 55
244 254 56
244 254 57
244 254 58
244 254 59
244 254 60
244 255 61
244 256 62
244 255 63
244 255 64
244 254 65
244 254 66
243 253 67
243 253 68
243 253 69
242 252 70
241 253 71
242 253 72
243 253 73
243 253 74
243 253 75
243 253 76
244 253 77
244 253 78
244 253 79
244 253 80
245 253 81
245 253 82
245 254 83
245 255 83
244 256 84
243 255 84
243 254 85
242 254 86
242 254 87
242 254 88
242 253 89
242 253 90
242 253 91
242 253 92
242 253 93
242 254 94
242 253 95
242 252 96
242 251 97
241 251 98
242 251 99
241 251 100
240 252 101
240 252 102
239 252 103
239 252 104
240 252 105
240 252 106
241 252 107
242 252 108
242 252 109
241 253 110
241 253 111
241 253 112
241 253 113
241 253 114
241 253 115
241 253 116
240 254 117
240 254 118
240 254 119
241 253 120
240 254 121
240 254 122
241 254 123
241 254 124
241 253 125
241 253 126
242 254 127
242 255 128
242 256 129
243 256 130
243 256 131
243 257 132
244 256 133
244 257 134
244 257 135
244 258 136
244 258 137
244 258 138
244 259 139
244 259 140
244 259 141
244 260 142
245 260 143
244 261 144
245 260 145
245 261 146
245 262 147
245 262 148
245 263 149
245 263 150
245 263 151
246 263 152
245 264 153
246 264 154
246 264 155
246 265 156
246 265 157
247 265 158
246 266 159
247 266 160
247 266 161
247 266 162
247 267 163
247 267 164
247 268 165
247 268 166
248 267 167
248 267 168
248 267 169
248 267 170
248 267 171
248 267 172
248 268 173
248 268 174
248 268 175
247 269 176
248 269 177
248 269 178
249 269 179
249 270 180
250 270 181
250 271 182
250 271 183
250 272 184
250 272 185
250 272 186
250 273 187
250 273 188
250 273 189
251 274 190
251 274 191
252 274 192
252 275 193
253 275 194
254 276 195
254 277 196
255 277 197
256 278 198
257 278 199
257 279 200
258 280 201
258 281 202
259 281 203
260 281 204
260 282 205
261 282 206
261 283 207
261 284 208
262 284 209
262 284 210
263 284 211
263 285 212
263 285 213
263 286 214
263 286 215
263 287 216
263 287 217
263 288 218
263 288 219
264 288 220
264 288 221
265 289 222
265 289 223
266 290 224
267 290 225
268 290 226
269 290 227
269 290 228
270 291 229
270 291 230
270 291 231
271 291 232
271 291 233
271 291 234
272 291 235
273 291 236
273 291 237
274 292 238
274 293 239
274 293 240
274 292 241
274 293 242
275 294 243
275 294 244
275 294 245
275 294 246
276 295 247
276 295 248
277 296 249
277 296 250
278 297 251
278 297 252
279 297 253
280 298 254
281 298 255
281 298 256
282 298 257
282 298 258
282 298 259
283 298 260
284 299 261
284 299 262
285 299 263
285 299 264
286 300 265
286 300 266
287 300 267
288 300 268
288 301 269
288 301 270
288 301 271
288 301 272
289 302 273
289 302 274
290 303 275
291 304 276
291 304 277
291 305 278
292 305 279
293 306 280
293 306 281
293 306 282
294 306 283
294 307 284
295 307 285
296 308 286
296 308 287
297 309 288
297 310 289
298 310 290
299 310 291
299 311 292
300 311 293
301 311 294
302 310 295
302 311 296
303 311 297
303 311 298
304 311 299
305 311 300
305 311 301
305 312 302
305 312 303
306 313 304
306 313 305
307 313 306
307 313 307
308 313 308
308 314 309
308 314 310
308 315 311
309 315 312
309 316 313
310 316 314
310 317 315
311 317 316
311 317 317
312 317 318
313 317 319
313 317 320
314 317 321
313 318 322
314 318 323
314 318 324
315 318 325
315 318 326
316 317 327
316 318 328
316 318 329
317 318 330
317 318 331
317 318 332
318 318 333
318 318 334
318 318 335
318 319 336
319 319 337
319 319 338
319 319 339
319 319 340
319 320 341
320 319 342
320 319 343
320 320 344
321 320 345
322 320 349
323 321 354
323
246 255 26
246 255 27
246 255 28
246 255 29
246 255 30
246 255 31
246 255 32
246 255 33
246 255 34
246 255 35
246 255 36
245 255 37
245 255 38
245 255 39
245 255 40
245 255 41
245 255 42
245 255 43
245 255 44
245 255 45
245 255 46
245 255 47
245 255 48
245 255 49
245 255 50
244 254 51
244 254 52
244 254 53
245 255 54
244 254 55
244 254 56
244 254 57
244 254 58
244 254 59
244 254 60
244 255 61
244 256 62
244 255 63
244 255 64
244 254 65
244 254 66
243 253 67
243 253 68
243 253 69
242 252 70
241 253 71
242 253 72
243 253 73
243 253 74
243 253 75
243 253 76
244 253 77
244 253 78
244 253 79
244 253 80
245 253 81
245 253 82
245 254 83
245 255 83
244 256 84
243 255 84
243 254 85
242 254 86
242 254 87
242 254 88
242 253 89
242 253 90
242 253 91
242 253 92
242 253 93
242 254 94
242 253 95
242 252 96
242 251 97
241 251 98
242 251 99
241 251 100
240 252 101
240 252 102
239 252 103
239 252 104
240 252 105
240 252 106
241 252 107
242 252 108
242 252 109
241 253 110
241 253 111
241 253 112
241 253 113
241 253 114
241 253 115
241 253 116
240 254 117
240 254 118
240 254 119
241 253 120
240 254 121
240 254 122
241 254 123
241 254 124
241 253 125
241 253 126
242 254 127
242 255 128
242 256 129
243 256 130
243 256 131
243 257 132
244 256 133
244 257 134
244 257 135
244 258 136
244 258 137
244 258 138
244 259 139
244 259 140
244 259 141
244 260 142
245 260 143
244 261 144
245 260 145
245 261 146
245 262 147
245 262 148
245 263 149
245 263 150
245 263 151
246 263 152
245 264 153
246 264 154
246 264 155
246 265 156
246 265 157
247 265 158
246 266 159
247 266 160
247 266 161
247 266 162
247 267 163
247 267 164
247 268 165
247 268 166
248 267 167
248 267 168
248 267 169
248 267 170
248 267 171
248 267 172
248 268 173
248 268 174
248 268 175
247 269 176
248 269 177
248 269 178
249 269 179
249 270 180
250 270 181
250 271 182
250 271 183
250 272 184
250 272 185
250 272 186
250 273 187
250 273 188
250 273 189
251 274 190
251 274 191
252 274 192
252 275 193
253 275 194
254 276 195
254 277 196
255 277 197
256 278 198
257 278 199
257 279 200
258 280 201
258 281 202
259 281 203
260 281 204
260 282 205
261 282 206
261 283 207
261 284 208
262 284 209
262 284 210
263 284 211
263 285 212
263 285 213
263 286 214
263 286 215
263 287 216
263 287 217
263 288 218
263 288 219
264 288 220
264 288 221
265 289 222
265 289 223
266 290 224
267 290 225
268 290 226
269 290 227
269 290 228
270 291 229
270 291 230
270 291 231
271 291 232
271 291 233
271 291 234
272 291 235
273 291 236
273 291 237
274 292 238
274 293 239
274 293 240
274 292 241
274 293 242
275 294 243
275 294 244
275 294 245
275 294 246
276 295 247
276 295 248
277 296 249
277 296 250
278 297 251
278 297 252
279 297 253
280 298 254
281 298 255
281 298 256
282 298 257
282 298 258
282 298 259
283 298 260
284 299 261
284 299 262
285 299 263
285 299 264
286 300 265
286 300 266
287 300 267
288 300 268
288 301 269
288 301 270
288 301 271
288 301 272
289 302 273
289 302 274
290 303 275
291 304 276
291 304 277
291 305 278
292 305 279
293 306 280
293 306 281
293 306 282
294 306 283
294 307 284
295 307 285
296 308 286
296 308 287
297 309 288
297 310 289
298 310 290
299 310 291
299 311 292
300 311 293
301 311 294
302 310 295
302 311 296
303 311 297
303 311 298
304 311 299
305 311 300
305 311 301
305 312 302
305 312 303
306 313 304
306 313 305
307 313 306
307 313 307
308 313 308
308 314 309
308 314 310
308 315 311
309 315 312
309 316 313
310 316 314
310 317 315
311 317 316
311 317 317
312 317 318
313 317 319
313 317 320
314 317 321
313 318 322
314 318 323
314 318 324
315 318 325
315 318 326
316 317 327
316 318 328
316 318 329
317 318 330
317 318 331
317 318 332
318 318 333
318 318 334
318 318 335
318 319 336
319 319 337
319 319 338
319 319 339
319 319 340
319 320 341
320 319 342
320 319 343
320 320 344
321 320 345
322 320 349
322
246 255 26
246 255 27
246 255 28
246 255 29
246 255 30
246 255 31
246 255 32
246 255 33
246 255 34
246 255 35
246 255 36
245 255 37
245 255 38
245 255 39
245 255 40
245 255 41
245 255 42
245 255 43
245 255 44
245 255 45
245 255 46
245 255 47
245 255 48
245 255 49
245 255 50
244 254 51
244 254 52
244 254 53
245 255 54
244 254 55
244 254 56
244 254 57
244 254 58
244 254 59
244 254 60
244 255 61
244 256 62
244 255 63
244 255 64
244 254 65
244 254 66
243 253 67
243 253 68
243 253 69
242 252 70
241 253 71
242 253 72
243 253 73
243 253 74
243 253 75
243 253 76
244 253 77
244 253 78
244 253 79
244 253 80
245 253 81
245 253 82
245 254 83
245 255 83
244 256 84
243 255 84
243 254 85
242 254 86
242 254 87
242 254 88
242 253 89
242 253 90
242 253 91
242 253 92
242 253 93
242 254 94
242 253 95
242 252 96
242 251 97
241 251 98
242 251 99
241 251 100
240 252 101
240 252 102
239 252 103
239 252 104
240 252 105
240 252 106
241 252 107
242 252 108
242 252 109
241 253 110
241 253 111
241 253 112
241 253 113
241 253 114
241 253 115
241 253 116
240 254 117
240 254 118
240 254 119
241 253 120
240 254 121
240 254 122
241 254 123
241 254 124
241 253 125
241 253 126
242 254 127
242 255 128
242 256 129
243 256 130
243 256 131
243 257 132
244 256 133
244 257 134
244 257 135
244 258 136
244 258 137
244 258 138
244 259 139
244 259 140
244 259 141
244 260 142
245 260 143
244 261 144
245 260 145
245 261 146
245 262 147
245 262 148
245 263 149
245 263 150
245 263 151
246 263 152
245 264 153
246 264 154
246 264 155
246 265 156
246 265 157
247 265 158
246 266 159
247 266 160
247 266 161
247 266 162
247 267 163
247 267 164
247 268 165
247 268 166
248 267 167
248 267 168
248 267 169
248 267 170
248 267 171
248 267 172
248 268 173
248 268 174
248 268 175
247 269 176
248 269 177
248 269 178
249 269 179
249 270 180
250 270 181
250 271 182
250 271 183
250 272 184
250 272 185
250 272 186
250 273 187
250 273 188
250 273 189
251 274 190
251 274 191
252 274 192
252 275 193
253 275 194
254 276 195
254 277 196
255 277 197
256 278 198
257 278 199
257 279 200
258 280 201
258 281 202
259 281 203
260 281 204
260 282 205
261 282 206
261 283 207
261 284 208
262 284 209
262 284 210
263 284 211
263 285 212
263 285 213
263 286 214
263 286 215
263 287 216
263 287 217
263 288 218
263 288 219
264 288 220
264 288 221
265 289 222
265 289 223
266 290 224
267 290 225
268 290 226
269 290 227
269 290 228
270 291 229
270 291 230
270 291 231
271 291 232
271 291 233
271 291 234
272 291 235
273 291 236
273 291 237
274 292 238
274 293 239
274 293 240
274 292 241
274 293 242
275 294 243
275 294 244
275 294 245
275 294 246
276 295 247
276 295 248
277 296 249
277 296 250
278 297 251
278 297 252
279 297 253
280 298 254
281 298 255
281 298 256
282 298 257
282 298 258
282 298 259
283 298 260
284 299 261
284 299 262
285 299 263
285 299 264
286 300 265
286 300 266
287 300 267
288 300 268
288 301 269
288 301 270
288 301 271
288 301 272
289 302 273
289 302 274
290 303 275
291 304 276
291 304 277
291 305 278
292 305 279
293 306 280
293 306 281
293 306 282
294 306 283
294 307 284
295 307 285
296 308 286
296 308 287
297 309 288
297 310 289
298 310 290
299 310 291
299 311 292
300 311 293
301 311 294
302 310 295
302 311 296
303 311 297
303 311 298
304 311 299
305 311 300
305 311 301
305 312 302
305 312 303
306 313 304
306 313 305
307 313 306
307 313 307
308 313 308
308 314 309
308 314 310
308 315 311
309 315 312
309 316 313
310 316 314
310 317 315
311 317 316
311 317 317
312 317 318
313 317 319
313 317 320
314 317 321
313 318 322
314 318 323
314 318 324
315 318 325
315 318 326
316 317 327
316 318 328
316 318 329
317 318 330
317 318 331
317 318 332
318 318 333
318 318 334
318 318 335
318 319 336
319 319 337
319 319 338
319 319 339
319 319 340
319 320 341
320 319 342
320 319 343
320 320 344
321 320 345
308
246 255 26
246 255 27
246 255 28
246 255 29
246 255 30
246 255 31
246 255 32
246 255 33
246 255 34
246 255 35
246 255 36
245 255 37
245 255 38
245 255 39
245 255 40
245 255 41
245 255 42
245 255 43
245 255 44
245 255 45
245 255 46
245 255 47
245 255 48
245 255 49
245 255 50
244 254 51
244 254 52
244 254 53
245 255 54
244 254 55
244 254 56
244 254 57
244 254 58
244 254 59
244 254 60
244 255 61
244 256 62
244 255 63
244 255 64
244 254 65
244 254 66
243 253 67
243 253 68
243 253 69
242 252 70
241 253 71
242 253 72
243 253 73
243 253 74
243 253 75
243 253 76
244 253 77
244 253 78
244 253 79
244 253 80
245 253 81
245 253 82
245 254 83
245 255 83
244 256 84
243 255 84
243 254 85
242 254 86
242 254 87
242 254 88
242 253 89
242 253 90
242 253 91
242 253 92
242 253 93
242 254 94
242 253 95
242 252 96
242 251 97
241 251 98
242 251 99
241 251 100
240 252 101
240 252 102
239 252 103
239 252 104
240 252 105
240 252 106
241 252 107
242 252 108
242 252 109
241 253 110
241 253 111
241 253 112
241 253 113
241 253 114
241 253 115
241 253 116
240 254 117
240 254 118
240 254 119
241 253 120
240 254 121
240 254 122
241 254 123
241 254 124
241 253 125
241 253 126
242 254 127
241 255 127
240 255 128
240 254 129
239 254 130
239 253 131
239 253 132
239 253 133
238 253 134
238 252 135
238 253 136
238 253 137
238 253 138
239 252 139
239 251 140
239 251 141
239 251 142
239 251 143
239 250 144
239 250 145
239 250 146
239 250 147
238 250 148
238 250 149
238 249 150
237 249 151
237 249 152
237 249 153
236 249 154
237 248 155
236 248 156
236 248 157
235 248 158
236 248 159
235 248 160
235 248 161
235 248 162
235 247 163
234 247 164
234 247 165
234 247 166
234 247 167
233 247 168
233 247 169
233 246 170
233 246 171
233 246 172
233 246 173
232 245 174
231 244 174
230 243 175
230 242 176
229 241 177
229 240 178
230 239 179
229 238 180
229 238 181
228 238 182
228 237 183
227 238 184
227 237 185
227 236 186
227 236 187
227 235 188
226 235 189
226 234 190
227 234 191
226 233 192
225 234 193
225 234 194
225 234 195
225 233 196
225 233 197
225 233 198
225 233 199
225 233 200
225 232 201
224 233 202
224 232 203
224 232 204
224 231 205
223 231 206
223 231 207
223 230 208
223 230 209
223 229 210
222 230 211
222 229 212
222 229 213
222 229 214
222 229 215
222 228 216
222 228 217
222 228 218
222 228 219
222 228 220
222 228 221
223 227 222
222 227 223
222 227 224
222 227 225
222 226 226
222 226 227
221 226 228
220 226 229
220 225 230
220 224 231
220 224 232
219 225 233
219 224 234
219 223 235
219 222 236
219 221 237
218 220 238
217 219 239
216 218 240
216 217 241
216 216 242
215 216 243
215 215 244
214 214 245
214 213 246
214 212 247
213 211 248
212 211 249
212 210 250
212 209 251
212 208 252
212 208 253
211 207 254
212 206 255
211 205 256
210 204 257
209 204 258
209 203 259
208 203 260
208 202 261
208 201 262
207 202 263
207 201 264
207 200 265
206 199 266
206 199 267
205 199 268
205 198 269
204 198 270
204 197 271
204 196 272
203 195 273
203 194 274
202 194 275
201 193 276
201 192 277
200 191 278
200 190 278
199 189 279
199 188 279
198 187 280
198 186 280
197 185 281
196 184 282
196 183 283
196 182 283
195 181 283
195 180 284
194 179 285
193 178 286
193 177 286
192 176 287
191 175 288
191 174 289
191 173 289
190 172 290
189 171 291
188 170 291
187 169 292
187 168 292
186 167 293
185 166 293
184 165 294
184 164 294
183 163 294
183 162 295
182 161 295
181 160 296
180 159 296
180 158 297
179 157 297
178 156 298
177 155 299
177 154 299
176 153 299
176 152 299
175 151 300
175 150 300
174 149 301
173 148 301
172 147 301
171 146 302
171 145 302
170 144 302
169 143 302
168 142 303
167 141 303
167 140 304
273
246 255 26
246 255 27
246 255 28
246 255 29
246 255 30
246 255 31
246 255 32
246 255 33
246 255 34
246 255 35
246 255 36
245 255 37
245 255 38
245 255 39
245 255 40
245 255 41
245 255 42
245 255 43
245 255 44
245 255 45
245 255 46
245 255 47
245 255 48
245 255 49
245 255 50
244 254 51
244 254 52
244 254 53
245 255 54
244 254 55
244 254 56
244 254 57
244 254 58
244 254 59
244 254 60
244 255 61
244 256 62
244 255 63
244 255 64
244 254 65
244 254 66
243 253 67
243 253 68
243 253 69
242 252 70
241 253 71
242 253 72
243 253 73
243 253 74
243 253 75
243 253 76
244 253 77
244 253 78
244 253 79
244 253 80
245 253 81
245 253 82
245 254 83
245 255 83
244 256 84
243 255 84
243 254 85
242 254 86
242 254 87
242 254 88
242 253 89
242 253 90
242 253 91
242 253 92
242 253 93
242 254 94
242 253 95
242 252 96
242 251 97
241 251 98
242 251 99
241 251 100
240 252 101
240 252 102
239 252 103
239 252 104
240 252 105
240 252 106
241 252 107
242 252 108
242 252 109
241 253 110
241 253 111
241 253 112
241 253 113
241 253 114
241 253 115
241 253 116
240 254 117
240 254 118
240 254 119
241 253 120
240 254 121
240 254 122
241 254 123
241 254 124
241 253 125
241 253 126
242 254 127
241 255 127
240 255 128
240 254 129
239 254 130
239 253 131
239 253 132
239 253 133
238 253 134
238 252 135
238 253 136
238 253 137
238 253 138
239 252 139
239 251 140
239 251 141
239 251 142
239 251 143
239 250 144
239 250 145
239 250 146
239 250 147
238 250 148
238 250 149
238 249 150
237 249 151
237 249 152
237 249 153
236 249 154
237 248 155
236 248 156
236 248 157
235 248 158
236 248 159
235 248 160
235 248 161
235 248 162
235 247 163
234 247 164
234 247 165
234 247 166
234 247 167
233 247 168
233 247 169
233 246 170
233 246 171
233 246 172
233 246 173
232 245 174
232 246 175
233 246 176
234 245 177
234 244 178
233 245 179
234 246 180
234 247 181
234 248 182
234 248 183
235 248 184
235 248 185
235 248 186
235 247 187
235 248 188
235 248 189
236 248 190
236 248 191
236 248 192
236 248 193
236 248 194
237 248 195
237 249 196
237 249 197
238 248 198
238 248 199
238 249 200
238 249 201
239 249 202
239 249 203
240 248 204
240 249 205
240 249 206
241 249 207
241 249 208
242 249 209
242 249 210
242 249 211
242 250 212
242 250 213
242 250 214
242 250 215
242 250 216
242 250 217
242 250 218
242 250 219
242 250 220
242 250 221
242 250 222
243 249 223
243 250 224
243 250 225
243 249 226
243 249 227
243 249 228
243 249 229
244 249 230
244 250 231
244 250 232
245 249 233
245 250 234
245 250 235
245 250 236
246 250 237
246 250 238
246 250 239
247 250 240
247 250 241
248 250 242
248 250 243
248 251 244
249 251 245
249 251 246
250 251 247
250 251 248
250 252 249
251 252 250
252 252 251
252 252 252
252 252 253
252 252 254
252 252 255
253 252 256
253 252 257
253 252 258
253 252 259
254 252 260
254 252 261
254 252 262
255 252 263
255 252 264
255 253 265
256 252 266
256 253 267
256 253 268
257 253 269
257 254 270
258 253 271
258 254 272
259 253 273
259 254 274
260 254 275
260 254 276
260 254 277
261 254 278
261 254 279
262 255 280
263 255 281
263 255 282
263 255 283
264 255 284
265 255 285
266 255 286
267 255 287
267 255 288
267 256 289
268 256 290
268 256 291
268 257 292
269 257 293
270 256 294
271 256 295
242
246 255 26
246 255 27
246 255 28
246 255 29
246 255 30
246 255 31
246 255 32
246 255 33
246 255 34
246 255 35
246 255 36
245 255 37
245 255 38
245 255 39
245 255 40
245 255 41
245 255 42
245 255 43
245 255 44
245 255 45
245 255 46
245 255 47
245 255 48
245 255 49
245 255 50
244 254 51
244 254 52
244 254 53
245 255 54
244 254 55
244 254 56
244 254 57
244 254 58
244 254 59
244 254 60
244 255 61
244 256 62
244 255 63
244 255 64
244 254 65
244 254 66
243 253 67
243 253 68
243 253 69
242 252 70
241 253 71
242 253 72
243 253 73
243 253 74
243 253 75
243 253 76
244 253 77
244 253 78
244 253 79
244 253 80
245 253 81
245 253 82
245 254 83
245 255 83
244 256 84
243 255 84
243 254 85
242 254 86
242 254 87
242 254 88
242 253 89
242 253 90
242 253 91
242 253 92
242 253 93
242 254 94
242 253 95
242 252 96
242 251 97
241 251 98
240 250 98
240 249 99
239 248 100
239 247 101
239 247 102
239 246 103
238 246 104
237 245 105
237 245 106
237 244 107
236 244 108
236 243 109
236 242 110
235 241 111
235 241 112
235 240 113
234 240 114
234 239 115
234 238 116
233 238 117
233 237 118
232 236 119
232 235 120
231 234 121
231 233 122
230 233 123
230 232 124
229 232 125
229 231 126
229 230 127
229 230 128
229 229 129
228 229 130
228 228 131
228 228 132
227 228 133
227 227 134
227 226 134
227 225 135
226 224 136
225 224 137
224 223 138
224 222 138
224 221 139
223 220 140
222 219 141
222 218 141
221 217 142
221 216 142
220 215 143
220 214 144
219 213 144
218 212 145
218 211 146
218 210 147
217 209 148
216 208 149
216 207 150
215 206 151
214 206 152
214 205 153
214 204 154
214 203 155
213 202 156
212 201 157
211 200 157
210 199 158
210 198 158
209 197 159
208 197 159
207 196 159
206 195 160
205 194 160
204 194 161
203 193 161
202 192 162
202 191 162
202 190 162
201 189 162
201 188 162
200 187 163
199 186 163
198 185 164
198 184 164
198 183 164
197 182 164
197 181 165
196 180 165
196 179 165
195 178 166
195 177 166
195 176 166
194 175 167
193 174 168
192 173 169
191 173 169
190 172 169
190 171 170
189 170 170
188 169 170
187 168 171
186 167 172
185 166 172
185 165 172
184 164 173
183 163 173
182 162 174
182 161 174
181 160 174
180 159 174
179 158 174
179 157 173
179 156 173
179 155 172
179 154 172
180 153 172
179 152 172
178 151 172
177 150 172
176 149 172
176 148 172
175 147 172
174 146 172
173 145 172
172 144 172
171 144 172
170 144 173
169 144 173
168 143 174
167 142 174
166 141 175
165 140 175
165 139 175
164 138 175
164 137 175
163 136 174
162 135 174
162 134 174
161 133 174
160 132 174
160 131 173
160 130 173
160 129 172
159 128 172
158 127 173
158 126 172
159 125 171
158 124 171
157 123 171
157 122 171
156 121 171
155 120 171
154 119 170
154 118 170
153 117 169
152 116 169
151 115 169
151 114 168
151 113 168
150 112 168
149 111 167
148 110 167
147 109 167
146 108 166
146 107 166
146 106 166
145 105 165
223
246 255 26
246 255 27
246 255 28
246 255 29
246 255 30
246 255 31
246 255 32
246 255 33
246 255 34
246 255 35
246 255 36
245 255 37
245 255 38
245 255 39
245 255 40
245 255 41
245 255 42
245 255 43
245 255 44
245 255 45
245 255 46
245 255 47
245 255 48
245 255 49
245 255 50
244 254 51
244 254 52
244 254 53
245 255 54
244 254 55
244 254 56
244 254 57
244 254 58
244 254 59
244 254 60
244 255 61
244 256 62
244 255 63
244 255 64
244 254 65
244 254 66
243 253 67
243 253 68
243 253 69
242 252 70
241 253 71
242 253 72
243 253 73
243 253 74
243 253 75
243 253 76
244 253 77
244 253 78
244 253 79
244 253 80
245 253 81
245 253 82
245 254 83
245 255 83
244 256 84
243 255 84
243 254 85
242 254 86
242 254 87
242 254 88
242 253 89
242 253 90
242 253 91
242 253 92
242 253 93
242 254 94
242 253 95
242 252 96
242 251 97
241 251 98
240 250 98
240 249 99
239 248 100
239 247 101
239 247 102
239 246 103
238 246 104
237 245 105
237 245 106
237 244 107
236 244 108
236 243 109
236 242 110
235 241 111
235 241 112
235 240 113
234 240 114
234 239 115
234 238 116
233 238 117
233 237 118
232 236 119
232 235 120
231 234 121
231 233 122
230 233 123
230 232 124
229 232 125
229 231 126
229 230 127
229 230 128
229 229 129
228 229 130
228 228 131
228 228 132
227 228 133
227 227 134
227 226 134
227 225 135
226 224 136
225 224 137
224 223 138
224 222 138
224 221 139
223 220 140
222 219 141
222 218 141
221 217 142
221 216 142
220 215 143
220 214 144
219 213 144
218 212 145
218 211 146
218 210 147
217 209 148
216 208 149
216 207 150
215 206 151
214 206 152
214 205 153
214 204 154
214 203 155
213 202 156
212 201 157
211 200 157
210 199 158
210 198 158
209 197 159
208 197 159
207 196 159
206 195 160
205 194 160
204 194 161
203 193 161
202 192 162
202 191 162
202 190 162
201 189 162
201 188 162
200 187 163
199 186 163
198 185 164
198 184 164
198 183 164
197 182 164
197 181 165
196 180 165
196 179 165
195 178 166
195 177 166
195 176 166
194 175 167
193 174 168
192 173 169
191 173 169
190 172 169
190 171 170
189 170 170
188 169 170
187 168 171
186 167 172
185 166 172
185 165 172
184 164 173
183 163 173
182 162 174
182 161 174
181 160 174
180 159 174
179 158 174
179 157 173
179 156 173
179 155 172
179 154 172
180 153 172
179 152 172
178 151 172
177 150 172
176 149 172
176 148 172
175 147 172
174 146 172
173 145 172
172 144 172
172 143 172
173 142 172
173 141 172
173 140 172
173 139 172
173 138 172
172 137 172
172 136 172
173 135 172
173 134 172
172 133 172
171 132 173
171 131 173
170 130 173
169 129 173
168 128 173
167 127 173
166 126 173
165 125 172
164 125 172
163 125 172
162 125 171
161 125 171
223
246 255 26
246 255 27
246 255 28
246 255 29
246 255 30
246 255 31
246 255 32
246 255 33
246 255 34
246 255 35
246 255 36
245 255 37
245 255 38
245 255 39
245 255 40
245 255 41
245 255 42
245 255 43
245 255 44
245 255 45
245 255 46
245 255 47
245 255 48
245 255 49
245 255 50
244 254 51
244 254 52
244 254 53
245 255 54
244 254 55
244 254 56
244 254 57
244 254 58
244 254 59
244 254 60
244 255 61
244 256 62
244 255 63
244 255 64
244 254 65
244 254 66
243 253 67
243 253 68
243 253 69
242 252 70
241 253 71
242 253 72
243 253 73
243 253 74
243 253 75
243 253 76
244 253 77
244 253 78
244 253 79
244 253 80
245 253 81
245 253 82
245 254 83
245 255 83
244 256 84
243 255 84
243 254 85
242 254 86
242 254 87
242 254 88
242 253 89
242 253 90
242 253 91
242 253 92
242 253 93
242 254 94
242 253 95
242 252 96
242 251 97
241 251 98
240 250 98
240 249 99
239 248 100
239 247 101
239 247 102
239 246 103
238 246 104
237 245 105
237 245 106
237 244 107
236 244 108
236 243 109
236 242 110
235 241 111
235 241 112
235 240 113
234 240 114
234 239 115
234 238 116
233 238 117
233 237 118
232 236 119
232 235 120
231 234 121
231 233 122
230 233 123
230 232 124
229 232 125
229 231 126
229 230 127
229 230 128
229 229 129
228 229 130
228 228 131
228 228 132
227 228 133
227 227 134
227 226 134
227 225 135
226 224 136
225 224 137
224 223 138
224 222 138
224 221 139
223 220 140
222 219 141
222 218 141
221 217 142
221 216 142
220 215 143
220 214 144
219 213 144
218 212 145
218 211 146
218 210 147
217 209 148
216 208 149
216 207 150
215 206 151
214 206 152
214 205 153
214 204 154
214 203 155
213 202 156
212 201 157
211 200 157
210 199 158
210 198 158
209 197 159
208 197 159
207 196 159
206 195 160
205 194 160
204 194 161
203 193 161
202 192 162
202 191 162
202 190 162
201 189 162
201 188 162
200 187 163
199 186 163
198 185 164
198 184 164
198 183 164
197 182 164
197 181 165
196 180 165
196 179 165
195 178 166
195 177 166
195 176 166
194 175 167
193 174 168
192 173 169
191 173 169
190 172 169
190 171 170
189 170 170
188 169 170
187 168 171
186 167 172
185 166 172
185 165 172
184 164 173
183 163 173
182 162 174
182 161 174
181 160 174
180 159 174
179 158 174
179 157 173
179 156 173
179 155 172
179 154 172
180 153 172
179 152 172
178 151 172
177 150 172
176 149 172
176 148 172
175 147 172
174 146 172
173 145 172
172 144 172
171 144 172
170 144 173
169 144 173
168 143 174
167 142 174
166 141 175
165 140 175
165 139 175
164 138 175
164 137 175
163 136 174
162 135 174
162 134 174
161 133 174
160 132 174
160 131 173
160 130 173
160 129 172
159 128 172
158 127 173
158 126 172
159 125 171
160 125 171
219
246 255 26
246 255 27
246 255 28
246 255 29
246 255 30
246 255 31
246 255 32
246 255 33
246 255 34
246 255 35
246 255 36
245 255 37
245 255 38
245 255 39
245 255 40
245 255 41
245 255 42
245 255 43
245 255 44
245 255 45
245 255 46
245 255 47
245 255 48
245 255 49
245 255 50
244 254 51
244 254 52
244 254 53
245 255 54
244 254 55
244 254 56
244 254 57
244 254 58
244 254 59
244 254 60
244 255 61
244 256 62
244 255 63
244 255 64
244 254 65
244 254 66
243 253 67
243 253 68
243 253 69
242 252 70
241 253 71
242 253 72
243 253 73
243 253 74
243 253 75
243 253 76
244 253 77
244 253 78
244 253 79
244 253 80
245 253 81
245 253 82
245 254 83
245 255 83
244 256 84
243 255 84
243 254 85
242 254 86
242 254 87
242 254 88
242 253 89
242 253 90
242 253 91
242 253 92
242 253 93
242 254 94
242 253 95
242 252 96
242 251 97
241 251 98
240 250 98
240 249 99
239 248 100
239 247 101
239 247 102
239 246 103
238 246 104
237 245 105
237 245 106
237 244 107
236 244 108
236 243 109
236 242 110
235 241 111
235 241 112
235 240 113
234 240 114
234 239 115
234 238 116
233 238 117
233 237 118
232 236 119
232 235 120
231 234 121
231 233 122
230 233 123
230 232 124
229 232 125
229 231 126
229 230 127
229 230 128
229 229 129
228 229 130
228 228 131
228 228 132
227 228 133
227 227 134
227 226 134
227 225 135
226 224 136
225 224 137
224 223 138
224 222 138
224 221 139
223 220 140
222 219 141
222 218 141
221 217 142
221 216 142
220 215 143
220 214 144
219 213 144
218 212 145
218 211 146
218 210 147
217 209 148
216 208 149
216 207 150
215 206 151
214 206 152
214 205 153
214 204 154
214 203 155
213 202 156
212 201 157
211 200 157
210 199 158
210 198 158
209 197 159
208 197 159
207 196 159
206 195 160
205 194 160
204 194 161
203 193 161
202 192 162
202 191 162
202 190 162
201 189 162
201 188 162
200 187 163
199 186 163
198 185 164
198 184 164
198 183 164
197 182 164
197 181 165
196 180 165
196 179 165
195 178 166
195 177 166
195 176 166
194 175 167
193 174 168
192 173 169
191 173 169
190 172 169
190 171 170
189 170 170
188 169 170
187 168 171
186 167 172
185 166 172
185 165 172
184 164 173
183 163 173
182 162 174
182 161 174
181 160 174
180 159 174
179 158 174
179 157 173
179 156 173
179 155 172
179 154 172
180 153 172
179 152 172
178 151 172
177 150 172
176 149 172
176 148 172
175 147 172
174 146 172
173 145 172
172 144 172
171 144 172
170 144 173
169 144 173
168 143 174
167 142 174
166 141 175
165 140 175
165 139 175
164 138 175
164 137 175
163 136 174
162 135 174
162 134 174
161 133 174
160 132 174
160 131 173
160 130 173
161 129 172
162 129 172
218
246 255 26
246 255 27
246 255 28
246 255 29
246 255 30
246 255 31
246 255 32
246 255 33
246 255 34
246 255 35
246 255 36
245 255 37
245 255 38
245 255 39
245 255 40
245 255 41
245 255 42
245 255 43
245 255 44
245 255 45
245 255 46
245 255 47
245 255 48
245 255 49
245 255 50
244 254 51
244 254 52
244 254 53
245 255 54
244 254 55
244 254 56
244 254 57
244 254 58
244 254 59
244 254 60
244 255 61
244 256 62
244 255 63
244 255 64
244 254 65
244 254 66
243 253 67
243 253 68
243 253 69
242 252 70
241 253 71
242 253 72
243 253 73
243 253 74
243 253 75
243 253 76
244 253 77
244 253 78
244 253 79
244 253 80
245 253 81
245 253 82
245 254 83
245 255 83
244 256 84
243 255 84
243 254 85
242 254 86
242 254 87
242 254 88
242 253 89
242 253 90
242 253 91
242 253 92
242 253 93
242 254 94
242 253 95
242 252 96
242 251 97
241 251 98
240 250 98
240 249 99
239 248 100
239 247 101
239 247 102
239 246 103
238 246 104
237 245 105
237 245 106
237 244 107
236 244 108
236 243 109
236 242 110
235 241 111
235 241 112
235 240 113
234 240 114
234 239 115
234 238 116
233 238 117
233 237 118
232 236 119
232 235 120
231 234 121
231 233 122
230 233 123
230 232 124
229 232 125
229 231 126
229 230 127
229 230 128
229 229 129
228 229 130
228 228 131
228 228 132
227 228 133
227 227 134
227 226 134
227 225 135
226 224 136
225 224 137
224 223 138
224 222 138
224 221 139
223 220 140
222 219 141
222 218 141
221 217 142
221 216 142
220 215 143
220 214 144
219 213 144
218 212 145
218 211 146
218 210 147
217 209 148
216 208 149
216 207 150
215 206 151
214 206 152
214 205 153
214 204 154
214 203 155
213 202 156
212 201 157
211 200 157
210 199 158
210 198 158
209 197 159
208 197 159
207 196 159
206 195 160
205 194 160
204 194 161
203 193 161
202 192 162
202 191 162
202 190 162
201 189 162
201 188 162
200 187 163
199 186 163
198 185 164
198 184 164
198 183 164
197 182 164
197 181 165
196 180 165
196 179 165
195 178 166
195 177 166
195 176 166
194 175 167
193 174 168
192 173 169
191 173 169
190 172 169
190 171 170
189 170 170
188 169 170
187 168 171
186 167 172
185 166 172
185 165 172
184 164 173
183 163 173
182 162 174
182 161 174
181 160 174
180 159 174
179 158 174
179 157 173
179 156 173
179 155 172
179 154 172
180 153 172
179 152 172
178 151 172
177 150 172
176 149 172
176 148 172
175 147 172
174 146 172
173 145 172
172 144 172
171 144 172
170 144 173
169 144 173
168 143 174
167 142 174
166 141 175
165 140 175
165 139 175
164 138 175
164 137 175
163 136 174
162 135 174
162 134 174
163 133 173
164 132 173
165 131 173
164 130 173
163 129 173
217
246 255 26
246 255 27
246 255 28
246 255 29
246 255 30
246 255 31
246 255 32
246 255 33
246 255 34
246 255 35
246 255 36
245 255 37
245 255 38
245 255 39
245 255 40
245 255 41
245 255 42
245 255 43
245 255 44
245 255 45
245 255 46
245 255 47
245 255 48
245 255 49
245 255 50
244 254 51
244 254 52
244 254 53
245 255 54
244 254 55
244 254 56
244 254 57
244 254 58
244 254 59
244 254 60
244 255 61
244 256 62
244 255 63
244 255 64
244 254 65
244 254 66
243 253 67
243 253 68
243 253 69
242 252 70
241 253 71
242 253 72
243 253 73
243 253 74
243 253 75
243 253 76
244 253 77
244 253 78
244 253 79
244 253 80
245 253 81
245 253 82
245 254 83
245 255 83
244 256 84
243 255 84
243 254 85
242 254 86
242 254 87
242 254 88
242 253 89
242 253 90
242 253 91
242 253 92
242 253 93
242 254 94
242 253 95
242 252 96
242 251 97
241 251 98
240 250 98
240 249 99
239 248 100
239 247 101
239 247 102
239 246 103
238 246 104
237 245 105
237 245 106
237 244 107
236 244 108
236 243 109
236 242 110
235 241 111
235 241 112
235 240 113
234 240 114
234 239 115
234 238 116
233 238 117
233 237 118
232 236 119
232 235 120
231 234 121
231 233 122
230 233 123
230 232 124
229 232 125
229 231 126
229 230 127
229 230 128
229 229 129
228 229 130
228 228 131
228 228 132
227 228 133
227 227 134
227 226 134
227 225 135
226 224 136
225 224 137
224 223 138
224 222 138
224 221 139
223 220 140
222 219 141
222 218 141
221 217 142
221 216 142
220 215 143
220 214 144
219 213 144
218 212 145
218 211 146
218 210 147
217 209 148
216 208 149
216 207 150
215 206 151
214 206 152
214 205 153
214 204 154
214 203 155
213 202 156
212 201 157
211 200 157
210 199 158
210 198 158
209 197 159
208 197 159
207 196 159
206 195 160
205 194 160
204 194 161
203 193 161
202 192 162
202 191 162
202 190 162
201 189 162
201 188 162
200 187 163
199 186 163
198 185 164
198 184 164
198 183 164
197 182 164
197 181 165
196 180 165
196 179 165
195 178 166
195 177 166
195 176 166
194 175 167
193 174 168
192 173 169
191 173 169
190 172 169
190 171 170
189 170 170
188 169 170
187 168 171
186 167 172
185 166 172
185 165 172
184 164 173
183 163 173
182 162 174
182 161 174
181 160 174
180 159 174
179 158 174
179 157 173
179 156 173
179 155 172
179 154 172
180 153 172
179 152 172
178 151 172
177 150 172
176 149 172
176 148 172
175 147 172
174 146 172
173 145 172
172 144 172
171 144 172
170 144 173
169 144 173
168 143 174
167 142 174
166 141 175
165 140 175
165 139 175
164 138 175
164 137 175
163 136 174
162 135 174
162 134 174
163 133 173
164 134 173
165 134 173
166 133 173
217
246 255 26
246 255 27
246 255 28
246 255 29
246 255 30
246 255 31
246 255 32
246 255 33
246 255 34
246 255 35
246 255 36
245 255 37
245 255 38
245 255 39
245 255 40
245 255 41
245 255 42
245 255 43
245 255 44
245 255 45
245 255 46
245 255 47
245 255 48
245 255 49
245 255 50
244 254 51
244 254 52
244 254 53
245 255 54
244 254 55
244 254 56
244 254 57
244 254 58
244 254 59
244 254 60
244 255 61
244 256 62
244 255 63
244 255 64
244 254 65
244 254 66
243 253 67
243 253 68
243 253 69
242 252 70
241 253 71
242 253 72
243 253 73
243 253 74
243 253 75
243 253 76
244 253 77
244 253 78
244 253 79
244 253 80
245 253 81
245 253 82
245 254 83
245 255 83
244 256 84
243 255 84
243 254 85
242 254 86
242 254 87
242 254 88
242 253 89
242 253 90
242 253 91
242 253 92
242 253 93
242 254 94
242 253 95
242 252 96
242 251 97
241 251 98
240 250 98
240 249 99
239 248 100
239 247 101
239 247 102
239 246 103
238 246 104
237 245 105
237 245 106
237 244 107
236 244 108
236 243 109
236 242 110
235 241 111
235 241 112
235 240 113
234 240 114
234 239 115
234 238 116
233 238 117
233 237 118
232 236 119
232 235 120
231 234 121
231 233 122
230 233 123
230 232 124
229 232 125
229 231 126
229 230 127
229 230 128
229 229 129
228 229 130
228 228 131
228 228 132
227 228 133
227 227 134
227 226 134
227 225 135
226 224 136
225 224 137
224 223 138
224 222 138
224 221 139
223 220 140
222 219 141
222 218 141
221 217 142
221 216 142
220 215 143
220 214 144
219 213 144
218 212 145
218 211 146
218 210 147
217 209 148
216 208 149
216 207 150
215 206 151
214 206 152
214 205 153
214 204 154
214 203 155
213 202 156
212 201 157
211 200 157
210 199 158
210 198 158
209 197 159
208 197 159
207 196 159
206 195 160
205 194 160
204 194 161
203 193 161
202 192 162
202 191 162
202 190 162
201 189 162
201 188 162
200 187 163
199 186 163
198 185 164
198 184 164
198 183 164
197 182 164
197 181 165
196 180 165
196 179 165
195 178 166
195 177 166
195 176 166
194 175 167
193 174 168
192 173 169
191 173 169
190 172 169
190 171 170
189 170 170
188 169 170
187 168 171
186 167 172
185 166 172
185 165 172
184 164 173
183 163 173
182 162 174
182 161 174
181 160 174
180 159 174
179 158 174
179 157 173
179 156 173
179 155 172
179 154 172
180 153 172
179 152 172
178 151 172
177 150 172
176 149 172
176 148 172
175 147 172
174 146 172
173 145 172
172 144 172
171 144 172
170 144 173
169 144 173
168 143 174
167 142 174
166 141 175
165 140 175
165 139 175
164 138 175
164 137 175
163 136 174
162 135 174
162 134 174
163 133 173
164 132 173
165 131 173
166 132 173
213
246 255 26
246 255 27
246 255 28
246 255 29
246 255 30
246 255 31
246 255 32
246 255 33
246 255 34
246 255 35
246 255 36
245 255 37
245 255 38
245 255 39
245 255 40
245 255 41
245 255 42
245 255 43
245 255 44
245 255 45
245 255 46
245 255 47
245 255 48
245 255 49
245 255 50
244 254 51
244 254 52
244 254 53
245 255 54
244 254 55
244 254 56
244 254 57
244 254 58
244 254 59
244 254 60
244 255 61
244 256 62
244 255 63
244 255 64
244 254 65
244 254 66
243 253 67
243 253 68
243 253 69
242 252 70
241 253 71
242 253 72
243 253 73
243 253 74
243 253 75
243 253 76
244 253 77
244 253 78
244 253 79
244 253 80
245 253 81
245 253 82
245 254 83
245 255 83
244 256 84
245 257 84
245 258 85
245 259 86
246 259 87
246 260 88
247 260 89
247 260 90
248 260 91
248 261 92
248 261 93
248 262 94
248 263 95
248 263 96
249 263 97
248 264 98
249 264 99
249 265 100
250 265 101
250 266 102
250 267 103
251 268 104
251 268 105
252 269 106
252 270 107
253 270 108
254 271 109
254 272 110
254 272 111
254 273 112
254 274 113
255 274 114
255 275 115
255 276 116
256 276 117
257 276 118
257 277 119
258 278 120
258 278 121
259 279 122
259 280 123
259 281 124
260 282 124
261 283 125
261 284 126
262 285 127
263 286 128
264 287 129
265 288 130
266 289 131
267 290 132
267 291 133
268 291 134
268 292 135
268 293 136
269 294 137
269 295 138
270 296 139
271 297 140
271 298 140
272 299 141
273 300 142
274 301 143
274 302 143
275 303 144
276 304 144
277 305 145
277 306 145
278 307 145
279 308 145
279 309 145
280 310 146
281 310 146
282 311 147
282 312 147
283 313 147
284 314 148
285 315 148
286 315 148
287 316 149
287 317 149
288 318 150
289 319 151
289 320 151
290 321 152
291 321 153
292 322 154
293 323 155
294 324 155
295 324 156
296 324 156
297 325 156
298 325 156
299 325 156
300 326 156
301 327 156
302 328 156
303 329 156
304 330 156
305 330 156
306 331 156
307 332 156
308 333 156
309 334 156
310 335 156
311 336 157
312 336 157
313 337 157
314 338 157
315 338 157
316 339 157
317 340 158
318 340 158
319 341 158
320 342 158
321 342 158
322 342 158
323 343 158
324 344 158
325 345 158
326 345 158
327 346 158
328 347 158
329 348 158
330 348 158
331 349 159
332 350 159
333 350 159
334 350 159
335 351 159
336 351 160
337 351 159
338 352 159
339 352 159
340 353 160
341 354 160
342 354 160
343 355 160
344 356 160
345 356 160
346 356 160
347 356 160
348 356 161
349 357 161
350 357 161
351 357 161
352 357 161
353 358 161
354 358 161
355 359 161
356 359 161
357 359 162
358 360 162
359 361 163
210
246 255 26
246 255 27
246 255 28
246 255 29
246 255 30
246 255 31
246 255 32
246 255 33
246 255 34
246 255 35
246 255 36
245 255 37
245 255 38
245 255 39
245 255 40
245 255 41
245 255 42
245 255 43
245 255 44
245 255 45
245 255 46
245 255 47
245 255 48
245 255 49
245 255 50
244 254 51
244 254 52
244 254 53
245 255 54
244 254 55
244 254 56
244 254 57
244 254 58
244 254 59
244 254 60
244 255 61
244 256 62
244 255 63
244 255 64
244 254 65
244 254 66
243 253 67
243 253 68
243 253 69
242 252 70
241 253 71
242 253 72
243 253 73
243 253 74
243 253 75
243 253 76
244 253 77
244 253 78
244 253 79
244 253 80
245 253 81
245 253 82
245 254 83
245 255 83
244 256 84
243 255 84
243 254 85
242 254 86
242 254 87
242 254 88
242 253 89
242 253 90
242 253 91
242 253 92
242 253 93
242 254 94
242 253 95
242 252 96
242 251 97
241 251 98
240 250 98
240 249 99
239 248 100
239 247 101
239 247 102
239 246 103
238 246 104
237 245 105
237 245 106
237 244 107
236 244 108
236 243 109
236 242 110
235 241 111
235 241 112
235 240 113
234 240 114
234 239 115
234 238 116
233 238 117
233 237 118
232 236 119
232 235 120
231 234 121
231 233 122
230 233 123
230 232 124
229 232 125
229 231 126
229 230 127
229 230 128
229 229 129
228 229 130
228 228 131
228 228 132
227 228 133
227 227 134
227 226 134
227 225 135
226 224 136
225 224 137
224 223 138
224 222 138
224 221 139
223 220 140
222 219 141
222 218 141
221 217 142
221 216 142
220 215 143
220 214 144
219 213 144
218 212 145
218 211 146
218 210 147
217 209 148
216 208 149
216 207 150
215 206 151
214 206 152
214 205 153
214 204 154
214 203 155
213 202 156
212 201 157
211 200 157
210 199 158
210 198 158
209 197 159
208 197 159
207 196 159
206 195 160
205 194 160
204 194 161
203 193 161
202 192 162
202 191 162
202 190 162
201 189 162
201 188 162
200 187 163
199 186 163
198 185 164
198 184 164
198 183 164
197 182 164
197 181 165
196 180 165
196 179 165
195 178 166
195 177 166
195 176 166
194 175 167
193 174 168
192 173 169
191 173 169
190 172 169
190 171 170
189 170 170
188 169 170
187 168 171
186 167 172
185 166 172
185 165 172
184 164 173
183 163 173
182 162 174
182 161 174
181 160 174
180 159 174
179 158 174
179 157 173
179 156 173
179 155 172
179 154 172
180 153 172
179 152 172
178 151 172
177 150 172
176 149 172
176 148 172
175 147 172
174 146 172
173 145 172
172 144 172
172 143 172
173 142 172
173 141 172
173 140 172
173 139 172
173 138 172
172 137 172
171 137 172
170 137 173
169 136 173
210
246 255 26
246 255 27
246 255 28
246 255 29
246 255 30
246 255 31
246 255 32
246 255 33
246 255 34
246 255 35
246 255 36
245 255 37
245 255 38
245 255 39
245 255 40
245 255 41
245 255 42
245 255 43
245 255 44
245 255 45
245 255 46
245 255 47
245 255 48
245 255 49
245 255 50
244 254 51
244 254 52
244 254 53
245 255 54
244 254 55
244 254 56
244 254 57
244 254 58
244 254 59
244 254 60
244 255 61
244 256 62
244 255 63
244 255 64
244 254 65
244 254 66
243 253 67
243 253 68
243 253 69
242 252 70
241 253 71
242 253 72
243 253 73
243 253 74
243 253 75
243 253 76
244 253 77
244 253 78
244 253 79
244 253 80
245 253 81
245 253 82
245 254 83
245 255 83
244 256 84
243 255 84
243 254 85
242 254 86
242 254 87
242 254 88
242 253 89
242 253 90
242 253 91
242 253 92
242 253 93
242 254 94
242 253 95
242 252 96
242 251 97
241 251 98
240 250 98
240 249 99
239 248 100
239 247 101
239 247 102
239 246 103
238 246 104
237 245 105
237 245 106
237 244 107
236 244 108
236 243 109
236 242 110
235 241 111
235 241 112
235 240 113
234 240 114
234 239 115
234 238 116
233 238 117
233 237 118
232 236 119
232 235 120
231 234 121
231 233 122
230 233 123
230 232 124
229 232 125
229 231 126
229 230 127
229 230 128
229 229 129
228 229 130
228 228 131
228 228 132
227 228 133
227 227 134
227 226 134
227 225 135
226 224 136
225 224 137
224 223 138
224 222 138
224 221 139
223 220 140
222 219 141
222 218 141
221 217 142
221 216 142
220 215 143
220 214 144
219 213 144
218 212 145
218 211 146
218 210 147
217 209 148
216 208 149
216 207 150
215 206 151
214 206 152
214 205 153
214 204 154
214 203 155
213 202 156
212 201 157
211 200 157
210 199 158
210 198 158
209 197 159
208 197 159
207 196 159
206 195 160
205 194 160
204 194 161
203 193 161
202 192 162
202 191 162
202 190 162
201 189 162
201 188 162
200 187 163
199 186 163
198 185 164
198 184 164
198 183 164
197 182 164
197 181 165
196 180 165
196 179 165
195 178 166
195 177 166
195 176 166
194 175 167
193 174 168
192 173 169
191 173 169
190 172 169
190 171 170
189 170 170
188 169 170
187 168 171
186 167 172
185 166 172
185 165 172
184 164 173
183 163 173
182 162 174
182 161 174
181 160 174
180 159 174
179 158 174
179 157 173
179 156 173
179 155 172
179 154 172
180 153 172
179 152 172
178 151 172
177 150 172
176 149 172
176 148 172
175 147 172
174 146 172
173 145 172
172 144 172
171 144 172
170 144 173
169 144 173
168 143 174
167 142 174
166 141 175
167 140 174
167 139 173
167 138 173
168 137 173
195
246 255 26
246 255 27
246 255 28
246 255 29
246 255 30
246 255 31
246 255 32
246 255 33
246 255 34
246 255 35
246 255 36
245 255 37
245 255 38
245 255 39
245 255 40
245 255 41
245 255 42
245 255 43
245 255 44
245 255 45
245 255 46
245 255 47
245 255 48
245 255 49
245 255 50
244 254 51
244 254 52
244 254 53
245 255 54
244 254 55
244 254 56
244 254 57
244 254 58
244 254 59
244 254 60
244 255 61
244 256 62
244 255 63
244 255 64
244 254 65
244 254 66
243 253 67
243 253 68
243 253 69
242 252 70
241 253 71
242 253 72
243 253 73
243 253 74
243 253 75
243 253 76
244 253 77
244 253 78
244 253 79
244 253 80
245 253 81
245 253 82
245 254 83
245 255 83
244 256 84
243 255 84
243 254 85
242 254 86
242 254 87
242 254 88
242 253 89
242 253 90
242 253 91
242 253 92
242 253 93
242 254 94
242 253 95
242 252 96
242 251 97
241 251 98
240 250 98
240 249 99
239 248 100
239 247 101
239 247 102
239 246 103
238 246 104
237 245 105
237 245 106
237 244 107
236 244 108
236 243 109
236 242 110
235 241 111
235 241 112
235 240 113
234 240 114
234 239 115
234 238 116
233 238 117
233 237 118
232 236 119
232 235 120
231 234 121
231 233 122
230 233 123
230 232 124
229 232 125
229 231 126
229 230 127
229 230 128
229 229 129
228 229 130
228 228 131
228 228 132
227 228 133
227 227 134
227 226 134
227 225 135
226 224 136
225 224 137
224 223 138
224 222 138
224 221 139
223 220 140
222 219 141
222 218 141
221 217 142
221 216 142
220 215 143
220 214 144
219 213 144
218 212 145
218 211 146
218 210 147
217 209 148
216 208 149
216 207 150
215 206 151
214 206 152
214 205 153
214 204 154
214 203 155
213 202 156
212 201 157
211 200 157
210 199 158
210 198 158
209 197 159
208 197 159
207 196 159
206 195 160
205 194 160
204 194 161
203 193 161
202 192 162
202 191 162
202 190 162
201 189 162
201 188 162
200 187 163
199 186 163
198 185 164
198 184 164
198 183 164
197 182 164
197 181 165
196 180 165
196 179 165
195 178 166
195 177 166
195 176 166
194 175 167
193 174 168
192 173 169
191 173 169
190 172 169
190 171 170
189 170 170
188 169 170
187 168 171
186 167 172
185 166 172
185 165 172
184 164 173
183 163 173
182 162 174
182 161 174
181 160 174
180 159 174
179 158 174
179 157 173
179 156 173
179 155 172
179 154 172
180 153 172
181 153 172
182 153 172
183 153 172
184 153 172
194
246 255 26
246 255 27
246 255 28
246 255 29
246 255 30
246 255 31
246 255 32
246 255 33
246 255 34
246 255 35
246 255 36
245 255 37
245 255 38
245 255 39
245 255 40
245 255 41
245 255 42
245 255 43
245 255 44
245 255 45
245 255 46
245 255 47
245 255 48
245 255 49
245 255 50
244 254 51
244 254 52
244 254 53
245 255 54
244 254 55
244 254 56
244 254 57
244 254 58
244 254 59
244 254 60
244 255 61
244 256 62
244 255 63
244 255 64
244 254 65
244 254 66
243 253 67
243 253 68
243 253 69
242 252 70
241 253 71
242 253 72
243 253 73
243 253 74
243 253 75
243 253 76
244 253 77
244 253 78
244 253 79
244 253 80
245 253 81
245 253 82
245 254 83
245 255 83
244 256 84
243 255 84
243 254 85
242 254 86
242 254 87
242 254 88
242 253 89
242 253 90
242 253 91
242 253 92
242 253 93
242 254 94
242 253 95
242 252 96
242 251 97
241 251 98
240 250 98
240 249 99
239 248 100
239 247 101
239 247 102
239 246 103
238 246 104
237 245 105
237 245 106
237 244 107
236 244 108
236 243 109
236 242 110
235 241 111
235 241 112
235 240 113
234 240 114
234 239 115
234 238 116
233 238 117
233 237 118
232 236 119
232 235 120
231 234 121
231 233 122
230 233 123
230 232 124
229 232 125
229 231 126
229 230 127
229 230 128
229 229 129
228 229 130
228 228 131
228 228 132
227 228 133
227 227 134
227 226 134
227 225 135
226 224 136
225 224 137
224 223 138
224 222 138
224 221 139
223 220 140
222 219 141
222 218 141
221 217 142
221 216 142
220 215 143
220 214 144
219 213 144
218 212 145
218 211 146
218 210 147
217 209 148
216 208 149
216 207 150
215 206 151
214 206 152
214 205 153
214 204 154
214 203 155
213 202 156
212 201 157
211 200 157
210 199 158
210 198 158
209 197 159
208 197 159
207 196 159
206 195 160
205 194 160
204 194 161
203 193 161
202 192 162
202 191 162
202 190 162
201 189 162
201 188 162
200 187 163
199 186 163
198 185 164
198 184 164
198 183 164
197 182 164
197 181 165
196 180 165
196 179 165
195 178 166
195 177 166
195 176 166
194 175 167
193 174 168
192 173 169
191 173 169
190 172 169
190 171 170
189 170 170
189 169 170
190 168 170
190 167 170
190 166 170
190 165 171
190 164 171
191 163 171
191 162 171
191 161 171
191 160 171
191 159 171
192 158 171
192 157 171
191 156 171
190 155 171
189 154 172
188 153 172
187 153 172
186 153 172
185 153 172
183
246 255 26
246 255 27
246 255 28
246 255 29
246 255 30
246 255 31
246 255 32
246 255 33
246 255 34
246 255 35
246 255 36
245 255 37
245 255 38
245 255 39
245 255 40
245 255 41
245 255 42
245 255 43
245 255 44
245 255 45
245 255 46
245 255 47
245 255 48
245 255 49
245 255 50
244 254 51
244 254 52
244 254 53
245 255 54
244 254 55
244 254 56
244 254 57
244 254 58
244 254 59
244 254 60
244 255 61
244 256 62
244 255 63
244 255 64
244 254 65
244 254 66
243 253 67
243 253 68
243 253 69
242 252 70
241 253 71
242 253 72
243 253 73
243 253 74
243 253 75
243 253 76
244 253 77
244 253 78
244 253 79
244 253 80
245 253 81
245 253 82
245 254 83
245 255 83
244 256 84
243 255 84
243 254 85
242 254 86
242 254 87
242 254 88
242 253 89
242 253 90
242 253 91
242 253 92
242 253 93
242 254 94
242 253 95
242 252 96
242 251 97
241 251 98
242 251 99
241 251 100
240 252 101
240 252 102
239 252 103
239 252 104
240 252 105
240 252 106
241 252 107
242 252 108
242 252 109
241 253 110
241 253 111
241 253 112
241 253 113
241 253 114
241 253 115
241 253 116
240 254 117
240 254 118
240 254 119
241 253 120
240 254 121
240 254 122
241 254 123
241 254 124
241 253 125
241 253 126
242 254 127
241 255 127
240 255 128
240 254 129
239 254 130
239 253 131
239 253 132
239 253 133
238 253 134
238 252 135
238 253 136
238 253 137
238 253 138
239 252 139
239 251 140
239 251 141
239 251 142
239 251 143
239 250 144
239 250 145
239 250 146
239 250 147
238 250 148
238 250 149
238 249 150
237 249 151
237 249 152
237 249 153
236 249 154
237 248 155
236 248 156
236 248 157
235 248 158
236 248 159
235 248 160
235 248 161
235 248 162
235 247 163
234 247 164
234 247 165
234 247 166
234 247 167
233 247 168
233 247 169
233 246 170
233 246 171
233 246 172
233 246 173
232 245 174
231 244 174
230 243 175
230 242 176
229 241 177
229 240 178
230 239 179
229 238 180
229 238 181
228 238 182
228 237 183
227 238 184
227 237 185
227 236 186
227 236 187
227 235 188
226 235 189
226 234 190
227 234 191
226 233 192
225 234 193
225 234 194
225 234 195
225 233 196
226 232 196
227 231 195
228 231 195
229 230 196
230 229 197
231 229 198
232 229 199
232 228 200
178
246 255 26
246 255 27
246 255 28
246 255 29
246 255 30
246 255 31
246 255 32
246 255 33
246 255 34
246 255 35
246 255 36
245 255 37
245 255 38
245 255 39
245 255 40
245 255 41
245 255 42
245 255 43
245 255 44
245 255 45
245 255 46
245 255 47
245 255 48
245 255 49
245 255 50
244 254 51
244 254 52
244 254 53
245 255 54
244 254 55
244 254 56
244 254 57
244 254 58
244 254 59
244 254 60
244 255 61
244 256 62
244 255 63
244 255 64
244 254 65
244 254 66
243 253 67
243 253 68
243 253 69
242 252 70
241 251 70
241 250 70
240 249 71
239 248 72
239 248 73
239 247 74
239 246 75
240 245 76
239 244 77
238 244 78
237 244 79
237 243 80
237 242 80
236 241 81
235 241 82
235 240 83
234 239 84
233 239 85
233 238 86
232 237 87
231 236 88
231 235 88
231 234 89
230 233 90
229 232 90
228 231 91
227 230 92
227 229 93
226 228 93
226 227 94
225 226 95
224 225 96
223 224 97
222 223 98
221 222 99
220 221 100
220 220 100
219 219 100
218 218 100
217 217 100
216 217 101
215 216 101
214 215 101
213 214 101
213 213 101
212 212 101
212 211 102
212 210 102
212 209 102
212 208 102
211 207 103
210 207 103
209 206 103
209 205 103
208 204 104
207 203 104
206 202 105
205 201 105
204 201 105
203 200 105
202 199 106
201 199 106
200 198 106
200 197 106
200 196 106
199 195 106
199 194 105
199 193 105
199 192 104
198 191 104
197 190 103
196 189 103
195 188 103
195 187 103
194 186 103
193 185 103
192 184 103
191 183 103
190 182 103
189 181 102
188 180 102
188 179 102
188 178 102
187 177 102
186 176 101
186 175 101
185 174 101
185 173 101
184 172 101
184 171 100
183 170 100
182 169 99
182 168 99
181 167 98
180 166 97
179 165 97
178 164 96
177 163 95
177 162 95
176 161 94
176 160 94
175 159 93
175 158 93
174 157 92
173 156 92
173 155 91
172 154 91
172 153 90
171 152 90
171 151 89
170 150 89
169 150 88
169 149 87
169 148 87
168 147 86
168 146 85
167 145 84
167 144 84
166 143 83
165 142 82
164 142 81
164 141 80
164 140 80
163 139 79
163 138 78
162 137 77
161 136 76
161 135 76
161 134 75
160 133 74
160 132 73
160 132 72
159 131 71
174
246 255 26
246 255 27
246 255 28
246 255 29
246 255 30
246 255 31
246 255 32
246 255 33
246 255 34
246 255 35
246 255 36
245 255 37
245 255 38
245 255 39
245 255 40
245 255 41
245 255 42
245 255 43
245 255 44
245 255 45
245 255 46
245 255 47
245 255 48
245 255 49
245 255 50
244 254 51
244 254 52
244 254 53
245 255 54
244 254 55
244 254 56
244 254 57
244 254 58
244 254 59
244 254 60
244 255 61
244 256 62
244 255 63
244 255 64
244 254 65
244 254 66
243 253 67
243 253 68
243 253 69
242 252 70
241 253 71
242 253 72
243 253 73
243 253 74
243 253 75
243 253 76
244 253 77
244 253 78
244 253 79
244 253 80
245 253 81
245 253 82
245 254 83
245 255 83
244 256 84
243 255 84
243 254 85
242 254 86
242 254 87
242 254 88
242 253 89
242 253 90
242 253 91
242 253 92
242 253 93
242 254 94
242 253 95
242 252 96
242 251 97
241 251 98
242 251 99
241 251 100
240 252 101
240 252 102
239 252 103
239 252 104
240 252 105
240 252 106
241 252 107
242 252 108
242 252 109
241 253 110
241 253 111
241 253 112
241 253 113
241 253 114
241 253 115
241 253 116
240 254 117
240 254 118
240 254 119
241 253 120
240 254 121
240 254 122
241 254 123
241 254 124
241 253 125
241 253 126
242 254 127
241 255 127
240 255 128
240 254 129
239 254 130
239 253 131
239 253 132
239 253 133
238 253 134
238 252 135
238 253 136
238 253 137
238 253 138
239 252 139
239 251 140
239 251 141
239 251 142
239 251 143
239 250 144
239 250 145
239 250 146
239 250 147
238 250 148
238 250 149
238 249 150
237 249 151
237 249 152
237 249 153
236 249 154
237 248 155
236 248 156
236 248 157
235 248 158
236 248 159
235 248 160
235 248 161
235 248 162
235 247 163
234 247 164
234 247 165
234 247 166
234 247 167
233 247 168
233 247 169
233 246 170
233 246 171
233 246 172
233 246 173
232 245 174
231 246 175
230 245 176
230 246 177
229 247 178
228 247 179
227 247 180
227 247 181
227 247 182
227 246 183
227 245 184
226 246 185
226 245 186
225 245 187
224 246 188
224 246 189
224 246 190
224 245 191
223 245 192
223 245 193
222 245 194
222 246 195
221 245 196
173
246 255 26
246 255 27
246 255 28
246 255 29
246 255 30
246 255 31
246 255 32
246 255 33
246 255 34
246 255 35
246 255 36
245 255 37
245 255 38
245 255 39
245 255 40
245 255 41
245 255 42
245 255 43
245 255 44
245 255 45
245 255 46
245 255 47
245 255 48
245 255 49
245 255 50
244 254 51
244 254 52
244 254 53
245 255 54
244 254 55
244 254 56
244 254 57
244 254 58
244 254 59
244 254 60
244 255 61
244 256 62
244 255 63
244 255 64
244 254 65
244 254 66
243 253 67
243 253 68
243 253 69
242 252 70
241 253 71
242 253 72
243 253 73
243 253 74
243 253 75
243 253 76
244 253 77
244 253 78
244 253 79
244 253 80
245 253 81
245 253 82
245 254 83
245 255 83
244 256 84
245 257 84
245 258 85
245 259 86
246 259 87
246 260 88
247 260 89
247 260 90
248 260 91
248 261 92
248 261 93
248 262 94
248 263 95
248 263 96
249 263 97
248 264 98
249 264 99
249 265 100
250 265 101
250 266 102
250 267 103
251 268 104
251 268 105
252 269 106
252 270 107
253 270 108
254 271 109
254 272 110
254 272 111
254 273 112
254 274 113
255 274 114
255 275 115
255 276 116
256 276 117
257 276 118
257 277 119
258 278 120
258 278 121
259 279 122
259 280 123
259 281 124
260 282 124
261 283 125
261 284 126
262 285 127
263 286 128
264 287 129
265 288 130
266 289 131
267 290 132
267 291 133
268 291 134
268 292 135
268 293 136
269 294 137
269 295 138
270 296 139
271 297 140
271 298 140
272 299 141
273 300 142
274 301 143
274 302 143
275 303 144
276 304 144
277 305 145
277 306 145
278 307 145
279 308 145
279 309 145
280 310 146
281 310 146
282 311 147
282 312 147
283 313 147
284 314 148
285 315 148
286 315 148
287 316 149
287 317 149
288 318 150
289 319 151
289 320 151
290 321 152
291 321 153
292 322 154
293 323 155
294 324 155
295 324 156
296 324 156
297 325 156
298 325 156
299 325 156
300 324 156
301 323 156
302 323 156
303 322 156
304 322 155
305 322 155
306 322 155
307 322 155
308 322 155
309 323 155
310 323 155
311 323 155
312 324 156
313 324 156
314 325 156
315 325 156
316 325 156
317 325 156
318 325 156
319 326 156
170
246 255 26
246 255 27
246 255 28
246 255 29
246 255 30
246 255 31
246 255 32
246 255 33
246 255 34
246 255 35
246 255 36
245 255 37
245 255 38
245 255 39
245 255 40
245 255 41
245 255 42
245 255 43
245 255 44
245 255 45
245 255 46
245 255 47
245 255 48
245 255 49
245 255 50
244 254 51
244 254 52
244 254 53
245 255 54
244 254 55
244 254 56
244 254 57
244 254 58
244 254 59
244 254 60
244 255 61
244 256 62
244 255 63
244 255 64
244 254 65
244 254 66
243 253 67
243 253 68
243 253 69
242 252 70
241 253 71
242 253 72
243 253 73
243 253 74
243 253 75
243 253 76
244 253 77
244 253 78
244 253 79
244 253 80
245 253 81
245 253 82
245 254 83
245 255 83
244 256 84
243 255 84
243 254 85
242 254 86
242 254 87
242 254 88
242 253 89
242 253 90
242 253 91
242 253 92
242 253 93
242 254 94
242 253 95
242 252 96
242 251 97
241 251 98
242 251 99
241 251 100
240 252 101
240 252 102
239 252 103
239 252 104
240 252 105
240 252 106
241 252 107
242 252 108
242 252 109
241 253 110
241 253 111
241 253 112
241 253 113
241 253 114
241 253 115
241 253 116
240 254 117
240 254 118
240 254 119
241 253 120
240 254 121
240 254 122
241 254 123
241 254 124
241 253 125
241 253 126
242 254 127
241 255 127
240 255 128
240 254 129
239 254 130
239 253 131
239 253 132
239 253 133
238 253 134
238 252 135
238 253 136
238 253 137
238 253 138
239 252 139
239 251 140
239 251 141
239 251 142
239 251 143
239 250 144
239 250 145
239 250 146
239 250 147
238 250 148
238 250 149
238 249 150
237 249 151
237 249 152
237 249 153
236 249 154
237 248 155
236 248 156
236 248 157
235 248 158
236 248 159
235 248 160
235 248 161
235 248 162
235 247 163
234 247 164
234 247 165
234 247 166
234 247 167
233 247 168
233 247 169
233 246 170
233 246 171
233 246 172
233 246 173
232 245 174
233 244 175
234 244 175
235 245 175
236 245 174
237 244 173
238 244 173
239 244 173
240 244 174
241 245 175
242 245 176
242 245 177
243 245 178
243 244 179
243 244 180
243 244 181
243 244 182
243 244 183
244 244 184
165
246 255 26
246 255 27
246 255 28
246 255 29
246 255 30
246 255 31
246 255 32
246 255 33
246 255 34
246 255 35
246 255 36
245 255 37
245 255 38
245 255 39
245 255 40
245 255 41
245 255 42
245 255 43
245 255 44
245 255 45
245 255 46
245 255 47
245 255 48
245 255 49
245 255 50
244 254 51
244 254 52
244 254 53
245 255 54
244 254 55
244 254 56
244 254 57
244 254 58
244 254 59
244 254 60
244 255 61
244 256 62
244 255 63
244 255 64
244 254 65
244 254 66
243 253 67
243 253 68
243 253 69
242 252 70
241 253 71
242 253 72
243 253 73
243 253 74
243 253 75
243 253 76
244 253 77
244 253 78
244 253 79
244 253 80
245 253 81
245 253 82
245 254 83
245 255 83
244 256 84
243 255 84
243 254 85
242 254 86
242 254 87
242 254 88
242 253 89
242 253 90
242 253 91
242 253 92
242 253 93
242 254 94
242 253 95
242 252 96
242 251 97
241 251 98
242 251 99
241 251 100
240 252 101
240 252 102
239 252 103
239 252 104
240 252 105
240 252 106
241 252 107
242 252 108
242 252 109
241 253 110
241 253 111
241 253 112
241 253 113
241 253 114
241 253 115
241 253 116
240 254 117
240 254 118
240 254 119
241 253 120
240 254 121
240 254 122
241 254 123
241 254 124
241 253 125
241 253 126
242 254 127
241 255 127
240 255 128
240 254 129
239 254 130
239 253 131
239 253 132
239 253 133
238 253 134
238 252 135
238 253 136
238 253 137
238 253 138
239 252 139
239 251 140
239 251 141
239 251 142
239 251 143
239 250 144
239 250 145
239 250 146
239 250 147
238 250 148
238 250 149
238 249 150
237 249 151
237 249 152
237 249 153
236 249 154
237 248 155
236 248 156
236 248 157
235 248 158
234 249 158
233 250 158
232 251 157
231 252 157
230 253 158
230 254 159
229 253 160
229 254 161
230 254 162
230 254 163
230 255 164
230 255 165
230 255 166
230 255 167
229 255 168
229 255 169
229 255 170
229 255 171
229 255 172
229 255 173
229 255 174
229 255 175
230 255 176
230 255 177
230 255 178
229 255 179
229 255 180
229 255 181
230 256 182
164
246 255 26
246 255 27
246 255 28
246 255 29
246 255 30
246 255 31
246 255 32
246 255 33
246 255 34
246 255 35
246 255 36
245 255 37
245 255 38
245 255 39
245 255 40
245 255 41
245 255 42
245 255 43
245 255 44
245 255 45
245 255 46
245 255 47
245 255 48
245 255 49
245 255 50
244 254 51
244 254 52
244 254 53
245 255 54
244 254 55
244 254 56
244 254 57
244 254 58
244 254 59
244 254 60
244 255 61
244 256 62
244 255 63
244 255 64
244 254 65
244 254 66
243 253 67
243 253 68
243 253 69
242 252 70
241 253 71
242 253 72
243 253 73
243 253 74
243 253 75
243 253 76
244 253 77
244 253 78
244 253 79
244 253 80
245 253 81
245 253 82
245 254 83
245 255 83
244 256 84
243 255 84
243 254 85
242 254 86
242 254 87
242 254 88
242 253 89
242 253 90
242 253 91
242 253 92
242 253 93
242 254 94
242 253 95
242 252 96
242 251 97
241 251 98
242 251 99
241 251 100
240 252 101
240 252 102
239 252 103
239 252 104
240 252 105
240 252 106
241 252 107
242 252 108
242 252 109
241 253 110
241 253 111
241 253 112
241 253 113
241 253 114
241 253 115
241 253 116
240 254 117
240 254 118
240 254 119
241 253 120
240 254 121
240 254 122
241 254 123
241 254 124
241 253 125
241 253 126
242 254 127
241 255 127
240 255 128
240 254 129
239 254 130
239 253 131
239 253 132
239 253 133
238 253 134
238 252 135
238 253 136
238 253 137
238 253 138
239 252 139
239 251 140
239 251 141
239 251 142
239 251 143
239 250 144
239 250 145
239 250 146
239 250 147
238 250 148
238 250 149
238 249 150
237 249 151
237 249 152
237 249 153
236 249 154
237 248 155
236 248 156
236 248 157
235 248 158
236 248 159
235 248 160
235 248 161
235 248 162
235 247 163
234 247 164
234 247 165
234 247 166
234 247 167
233 247 168
233 247 169
233 246 170
233 246 171
233 246 172
233 246 173
232 245 174
231 244 174
232 243 174
233 242 175
234 241 176
233 240 177
232 239 178
233 238 179
234 237 180
235 236 181
236 236 181
237 236 182
238 236 183
162
246 255 26
246 255 27
246 255 28
246 255 29
246 255 30
246 255 31
246 255 32
246 255 33
246 255 34
246 255 35
246 255 36
245 255 37
245 255 38
245 255 39
245 255 40
245 255 41
245 255 42
245 255 43
245 255 44
245 255 45
245 255 46
245 255 47
245 255 48
245 255 49
245 255 50
244 254 51
244 254 52
244 254 53
245 255 54
244 254 55
244 254 56
244 254 57
244 254 58
244 254 59
244 254 60
244 255 61
244 256 62
244 255 63
244 255 64
244 254 65
244 254 66
243 253 67
243 253 68
243 253 69
242 252 70
241 253 71
242 253 72
243 253 73
243 253 74
243 253 75
243 253 76
244 253 77
244 253 78
244 253 79
244 253 80
245 253 81
245 253 82
245 254 83
245 255 83
244 256 84
243 255 84
243 254 85
242 254 86
242 254 87
242 254 88
242 253 89
242 253 90
242 253 91
242 253 92
242 253 93
242 254 94
242 253 95
242 252 96
242 251 97
241 251 98
242 251 99
241 251 100
240 252 101
240 252 102
239 252 103
239 252 104
240 252 105
240 252 106
241 252 107
242 252 108
242 252 109
241 253 110
241 253 111
241 253 112
241 253 113
241 253 114
241 253 115
241 253 116
240 254 117
240 254 118
240 254 119
241 253 120
240 254 121
240 254 122
241 254 123
241 254 124
241 253 125
241 253 126
242 254 127
241 255 127
240 255 128
240 254 129
239 254 130
239 253 131
239 253 132
239 253 133
238 253 134
238 252 135
238 253 136
238 253 137
238 253 138
239 252 139
239 251 140
239 251 141
239 251 142
239 251 143
239 250 144
239 250 145
239 250 146
239 250 147
238 250 148
238 250 149
238 249 150
237 249 151
237 249 152
237 249 153
236 249 154
237 248 155
236 248 156
236 248 157
235 248 158
234 249 158
233 250 158
232 251 157
231 252 157
230 253 158
230 254 159
229 253 160
229 254 161
230 254 162
230 254 163
230 255 164
230 255 165
230 255 166
230 255 167
229 255 168
229 255 169
229 255 170
229 255 171
229 255 172
229 255 173
229 255 174
229 255 175
230 255 176
230 255 177
231 255 178
232 254 179
162
246 255 26
246 255 27
246 255 28
246 255 29
246 255 30
246 255 31
246 255 32
246 255 33
246 255 34
246 255 35
246 255 36
245 255 37
245 255 38
245 255 39
245 255 40
245 255 41
245 255 42
245 255 43
245 255 44
245 255 45
245 255 46
245 255 47
245 255 48
245 255 49
245 255 50
244 254 51
244 254 52
244 254 53
245 255 54
244 254 55
244 254 56
244 254 57
244 254 58
244 254 59
244 254 60
244 255 61
244 256 62
244 255 63
244 255 64
244 254 65
244 254 66
243 253 67
243 253 68
243 253 69
242 252 70
241 253 71
242 253 72
243 253 73
243 253 74
243 253 75
243 253 76
244 253 77
244 253 78
244 253 79
244 253 80
245 253 81
245 253 82
245 254 83
245 255 83
244 256 84
243 255 84
243 254 85
242 254 86
242 254 87
242 254 88
242 253 89
242 253 90
242 253 91
242 253 92
242 253 93
242 254 94
242 253 95
242 252 96
242 251 97
241 251 98
242 251 99
241 251 100
240 252 101
240 252 102
239 252 103
239 252 104
240 252 105
240 252 106
241 252 107
242 252 108
242 252 109
241 253 110
241 253 111
241 253 112
241 253 113
241 253 114
241 253 115
241 253 116
240 254 117
240 254 118
240 254 119
241 253 120
240 254 121
240 254 122
241 254 123
241 254 124
241 253 125
241 253 126
242 254 127
241 255 127
240 255 128
240 254 129
239 254 130
239 253 131
239 253 132
239 253 133
238 253 134
238 252 135
238 253 136
238 253 137
238 253 138
239 252 139
239 251 140
239 251 141
239 251 142
239 251 143
239 250 144
239 250 145
239 250 146
239 250 147
238 250 148
238 250 149
238 249 150
237 249 151
237 249 152
237 249 153
236 249 154
237 248 155
236 248 156
236 248 157
235 248 158
236 248 159
235 248 160
235 248 161
235 248 162
235 247 163
234 247 164
234 247 165
234 247 166
234 247 167
233 247 168
233 247 169
233 246 170
233 246 171
233 246 172
233 246 173
232 245 174
231 246 175
230 245 176
230 246 177
231 247 178
232 248 179
233 249 179
233 250 179
233 251 179
233 252 179
233 253 179
162
246 255 26
246 255 27
246 255 28
246 255 29
246 255 30
246 255 31
246 255 32
246 255 33
246 255 34
246 255 35
246 255 36
245 255 37
245 255 38
245 255 39
245 255 40
245 255 41
245 255 42
245 255 43
245 255 44
245 255 45
245 255 46
245 255 47
245 255 48
245 255 49
245 255 50
244 254 51
244 254 52
244 254 53
245 255 54
244 254 55
244 254 56
244 254 57
244 254 58
244 254 59
244 254 60
244 255 61
244 256 62
244 255 63
244 255 64
244 254 65
244 254 66
243 253 67
243 253 68
243 253 69
242 252 70
241 253 71
242 253 72
243 253 73
243 253 74
243 253 75
243 253 76
244 253 77
244 253 78
244 253 79
244 253 80
245 253 81
245 253 82
245 254 83
245 255 83
244 256 84
245 257 84
245 258 85
245 259 86
246 259 87
246 260 88
247 260 89
247 260 90
248 260 91
248 261 92
248 261 93
248 262 94
248 263 95
248 263 96
249 263 97
248 264 98
249 264 99
249 265 100
250 265 101
250 266 102
250 267 103
251 268 104
251 268 105
252 269 106
252 270 107
253 270 108
254 271 109
254 272 110
254 272 111
254 273 112
254 274 113
255 274 114
255 275 115
255 276 116
256 276 117
257 276 118
257 277 119
258 278 120
258 278 121
259 279 122
259 280 123
259 281 124
260 282 124
261 283 125
261 284 126
262 285 127
263 286 128
264 287 129
265 288 130
266 289 131
267 290 132
267 291 133
268 291 134
268 292 135
268 293 136
269 294 137
269 295 138
270 296 139
271 297 140
271 298 140
272 299 141
273 300 142
274 301 143
274 302 143
275 303 144
276 304 144
277 305 145
277 306 145
278 307 145
279 308 145
279 309 145
280 310 146
281 310 146
282 311 147
282 312 147
283 313 147
284 314 148
285 315 148
286 315 148
287 316 149
287 317 149
288 318 150
289 319 151
289 320 151
290 321 152
291 321 153
292 322 154
293 323 155
294 324 155
295 324 156
296 324 156
297 325 156
298 325 156
299 325 156
300 326 156
301 327 156
302 328 156
303 329 156
304 328 156
305 327 155
306 326 155
307 325 155
308 324 155
159
246 255 26
246 255 27
246 255 28
246 255 29
246 255 30
246 255 31
246 255 32
246 255 33
246 255 34
246 255 35
246 255 36
245 255 37
245 255 38
245 255 39
245 255 40
245 255 41
245 255 42
245 255 43
245 255 44
245 255 45
245 255 46
245 255 47
245 255 48
245 255 49
245 255 50
244 254 51
244 254 52
244 254 53
245 255 54
244 254 55
244 254 56
244 254 57
244 254 58
244 254 59
244 254 60
244 255 61
244 256 62
245 257 62
246 258 63
246 259 64
247 260 65
247 260 66
247 260 67
247 261 68
247 261 69
247 262 70
247 263 71
247 264 72
247 264 73
247 265 74
247 265 75
248 266 76
247 266 77
248 267 78
248 268 79
248 268 80
248 269 81
248 269 82
248 270 83
248 271 84
248 272 85
248 272 86
248 273 87
249 274 88
248 275 89
248 276 90
249 277 91
249 278 92
249 279 93
249 280 94
250 281 95
250 282 95
250 283 96
250 284 96
250 285 97
250 286 98
250 287 99
251 288 100
251 289 101
251 290 102
252 291 103
251 292 104
251 293 105
251 294 106
252 295 106
253 296 106
252 297 107
253 298 108
253 299 108
254 300 109
254 301 110
254 302 110
254 303 111
254 304 111
255 305 112
255 306 112
255 307 113
256 308 114
256 309 114
256 310 114
256 311 115
257 312 115
257 313 116
258 314 116
258 315 116
258 316 116
258 317 116
258 318 116
259 319 117
259 320 117
259 321 118
259 322 118
260 323 119
260 324 119
260 325 119
261 326 120
261 327 120
262 328 121
262 329 121
262 330 121
262 331 122
262 332 122
263 333 123
264 334 124
264 335 124
264 336 124
265 337 125
266 338 125
266 339 124
267 340 125
268 341 125
268 342 125
269 343 125
269 344 125
270 345 126
270 346 126
271 347 126
271 348 126
272 349 127
272 350 128
273 351 127
273 352 127
274 353 127
274 354 128
275 355 128
275 356 128
276 357 129
276 358 130
277 359 130
277 360 130
278 361 130
278 362 130
279 363 131
279 364 131
279 365 131
279 366 131
279 367 131
279 368 132
279 369 132
132
246 255 26
246 255 27
246 255 28
246 255 29
246 255 30
246 255 31
246 255 32
246 255 33
246 255 34
246 255 35
246 255 36
245 255 37
245 255 38
245 255 39
245 255 40
245 255 41
245 255 42
245 255 43
245 255 44
245 255 45
245 255 46
245 255 47
245 255 48
245 255 49
245 255 50
244 254 51
244 254 52
244 254 53
245 255 54
244 254 55
244 254 56
244 254 57
244 254 58
244 254 59
244 254 60
244 255 61
244 256 62
244 255 63
244 255 64
244 254 65
244 254 66
243 253 67
243 253 68
243 253 69
242 252 70
241 253 71
242 253 72
243 253 73
243 253 74
243 253 75
243 253 76
244 253 77
244 253 78
244 253 79
244 253 80
245 253 81
245 253 82
245 254 83
245 255 83
244 256 84
245 257 84
245 258 85
245 259 86
246 259 87
246 260 88
247 260 89
247 260 90
248 260 91
248 261 92
248 261 93
248 262 94
248 263 95
248 263 96
249 263 97
248 264 98
249 264 99
249 265 100
250 265 101
250 266 102
250 267 103
251 268 104
251 268 105
252 269 106
252 270 107
253 270 108
254 271 109
254 272 110
254 272 111
254 273 112
254 274 113
255 274 114
255 275 115
255 276 116
256 276 117
257 276 118
257 277 119
258 278 120
258 278 121
259 279 122
259 280 123
259 281 124
260 282 124
261 283 125
261 284 126
262 285 127
263 286 128
264 287 129
265 288 130
266 289 131
267 290 132
267 291 133
268 291 134
268 292 135
268 293 136
269 294 137
269 295 138
270 296 139
271 297 140
271 298 140
272 299 141
273 300 142
274 301 143
274 302 143
275 303 144
276 304 144
277 305 145
278 305 145
279 304 144
280 303 144
281 302 143
282 301 143
283 300 143
126
246 255 26
246 255 27
246 255 28
246 255 29
246 255 30
246 255 31
246 255 32
246 255 33
246 255 34
246 255 35
246 255 36
245 255 37
245 255 38
245 255 39
245 255 40
245 255 41
245 255 42
245 255 43
245 255 44
245 255 45
245 255 46
245 255 47
245 255 48
245 255 49
245 255 50
244 254 51
244 254 52
244 254 53
245 255 54
244 254 55
244 254 56
244 254 57
244 254 58
244 254 59
244 254 60
244 255 61
244 256 62
244 255 63
244 255 64
244 254 65
244 254 66
243 253 67
243 253 68
243 253 69
242 252 70
241 251 70
241 250 70
240 249 71
239 248 72
239 248 73
239 247 74
239 246 75
240 245 76
239 244 77
238 244 78
237 244 79
237 243 80
237 242 80
236 241 81
235 241 82
235 240 83
234 239 84
233 239 85
233 238 86
232 237 87
231 236 88
231 235 88
231 234 89
230 233 90
229 232 90
228 231 91
227 230 92
227 229 93
226 228 93
226 227 94
225 226 95
224 225 96
223 224 97
222 223 98
221 222 99
220 221 100
220 220 100
219 219 100
218 218 100
217 217 100
216 217 101
215 216 101
214 215 101
213 214 101
213 213 101
212 212 101
212 211 102
212 210 102
212 209 102
212 208 102
211 207 103
210 207 103
209 206 103
209 205 103
208 204 104
207 203 104
206 202 105
205 201 105
204 201 105
203 200 105
202 199 106
201 199 106
200 198 106
200 197 106
200 196 106
199 195 106
199 194 105
199 193 105
199 192 104
198 191 104
197 190 103
196 189 103
195 188 103
195 187 103
194 186 103
193 185 103
192 184 103
191 183 103
190 182 103
189 181 102
188 182 103
123
246 255 26
246 255 27
246 255 28
246 255 29
246 255 30
246 255 31
246 255 32
246 255 33
246 255 34
246 255 35
246 255 36
245 255 37
245 255 38
245 255 39
245 255 40
245 255 41
245 255 42
245 255 43
245 255 44
245 255 45
245 255 46
245 255 47
245 255 48
245 255 49
245 255 50
244 254 51
244 254 52
244 254 53
245 255 54
244 254 55
244 254 56
244 254 57
244 254 58
244 254 59
244 254 60
244 255 61
244 256 62
244 255 63
244 255 64
244 254 65
244 254 66
243 253 67
243 253 68
243 253 69
242 252 70
241 253 71
242 253 72
243 253 73
243 253 74
243 253 75
243 253 76
244 253 77
244 253 78
244 253 79
244 253 80
245 253 81
245 253 82
245 254 83
245 255 83
244 256 84
243 255 84
243 254 85
242 254 86
242 254 87
242 254 88
242 253 89
242 253 90
242 253 91
242 253 92
242 253 93
242 254 94
242 253 95
242 252 96
242 251 97
241 251 98
242 251 99
241 251 100
240 252 101
240 252 102
239 252 103
239 252 104
240 252 105
240 252 106
241 252 107
242 252 108
242 252 109
241 253 110
241 253 111
241 253 112
241 253 113
241 253 114
241 253 115
241 253 116
240 254 117
240 254 118
240 254 119
241 253 120
240 254 121
240 254 122
241 254 123
241 254 124
241 253 125
241 253 126
242 254 127
241 255 127
240 255 128
240 254 129
239 254 130
239 253 131
239 253 132
239 253 133
238 253 134
238 252 135
238 253 136
238 253 137
238 254 138
238 255 138
238 256 139
238 257 140
238 257 141
237 258 142
237 259 143
237 259 144
122
246 255 26
246 255 27
246 255 28
246 255 29
246 255 30
246 255 31
246 255 32
246 255 33
246 255 34
246 255 35
246 255 36
245 255 37
245 255 38
245 255 39
245 255 40
245 255 41
245 255 42
245 255 43
245 255 44
245 255 45
245 255 46
245 255 47
245 255 48
245 255 49
245 255 50
244 254 51
244 254 52
244 254 53
245 255 54
244 254 55
244 254 56
244 254 57
244 254 58
244 254 59
244 254 60
244 255 61
244 256 62
244 255 63
244 255 64
244 254 65
244 254 66
243 253 67
243 253 68
243 253 69
242 252 70
241 253 71
242 253 72
243 253 73
243 253 74
243 253 75
243 253 76
244 253 77
244 253 78
244 253 79
244 253 80
245 253 81
245 253 82
245 254 83
245 255 83
244 256 84
243 255 84
243 254 85
242 254 86
242 254 87
242 254 88
242 253 89
242 253 90
242 253 91
242 253 92
242 253 93
242 254 94
242 253 95
242 252 96
242 251 97
241 251 98
242 251 99
241 251 100
240 252 101
240 252 102
239 252 103
239 252 104
240 252 105
240 252 106
241 252 107
242 252 108
242 252 109
241 253 110
241 253 111
241 253 112
241 253 113
241 253 114
241 253 115
241 253 116
240 254 117
240 254 118
240 254 119
241 253 120
240 254 121
240 254 122
241 254 123
241 254 124
241 253 125
241 253 126
242 254 127
241 255 127
240 255 128
240 254 129
239 254 130
239 253 131
239 253 132
239 253 133
238 253 134
238 252 135
238 253 136
238 253 137
238 253 138
239 252 139
239 251 140
239 251 141
239 251 142
239 251 143
248 252 143
120
246 255 26
246 255 27
246 255 28
246 255 29
246 255 30
246 255 31
246 255 32
246 255 33
246 255 34
246 255 35
246 255 36
245 255 37
245 255 38
245 255 39
245 255 40
245 255 41
245 255 42
245 255 43
245 255 44
245 255 45
245 255 46
245 255 47
245 255 48
245 255 49
245 255 50
244 254 51
244 254 52
244 254 53
245 255 54
244 254 55
244 254 56
244 254 57
244 254 58
244 254 59
244 254 60
244 255 61
244 256 62
244 255 63
244 255 64
244 254 65
244 254 66
243 253 67
243 253 68
243 253 69
242 252 70
241 253 71
242 253 72
243 253 73
243 253 74
243 253 75
243 253 76
244 253 77
244 253 78
244 253 79
244 253 80
245 253 81
245 253 82
245 254 83
245 255 83
244 256 84
245 257 84
245 258 85
245 259 86
246 259 87
246 260 88
247 260 89
247 260 90
248 260 91
248 261 92
248 261 93
248 262 94
248 263 95
248 263 96
249 263 97
248 264 98
249 264 99
249 265 100
250 265 101
250 266 102
250 267 103
251 268 104
251 268 105
252 269 106
252 270 107
253 270 108
254 271 109
254 272 110
254 272 111
254 273 112
254 274 113
255 274 114
255 275 115
255 276 116
256 276 117
257 276 118
257 277 119
258 278 120
258 278 121
259 279 122
259 280 123
259 281 124
260 282 124
261 283 125
261 284 126
262 285 127
263 286 128
264 287 129
265 288 130
266 289 131
267 290 132
267 291 133
268 291 134
269 291 134
270 291 135
271 290 135
272 290 135
273 290 135
274 290 135
275 289 135
276 290 136
116
246 255 26
246 255 27
246 255 28
246 255 29
246 255 30
246 255 31
246 255 32
246 255 33
246 255 34
246 255 35
246 255 36
245 255 37
245 255 38
245 255 39
245 255 40
245 255 41
245 255 42
245 255 43
245 255 44
245 255 45
245 255 46
245 255 47
245 255 48
245 255 49
245 255 50
244 254 51
244 254 52
244 254 53
245 255 54
244 254 55
244 254 56
244 254 57
244 254 58
244 254 59
244 254 60
244 255 61
244 256 62
244 255 63
244 255 64
244 254 65
244 254 66
243 253 67
243 253 68
243 253 69
242 252 70
241 253 71
242 253 72
243 253 73
243 253 74
243 253 75
243 253 76
244 253 77
244 253 78
244 253 79
244 253 80
245 253 81
245 253 82
245 254 83
245 255 83
244 256 84
243 255 84
243 254 85
242 254 86
242 254 87
242 254 88
242 253 89
242 253 90
242 253 91
242 253 92
242 253 93
242 254 94
242 253 95
242 252 96
242 251 97
241 251 98
242 251 99
241 251 100
240 252 101
240 252 102
239 252 103
239 252 104
240 252 105
240 252 106
241 252 107
242 252 108
242 252 109
241 253 110
241 253 111
241 253 112
241 253 113
241 253 114
241 253 115
241 253 116
240 254 117
240 254 118
240 254 119
241 253 120
240 254 121
239 254 121
238 254 121
237 254 121
236 254 121
235 254 122
234 254 123
233 255 124
233 254 125
233 254 126
233 254 127
232 255 128
232 255 129
233 254 130
233 254 131
232 254 132
232 254 133
231 255 134
231 255 135
95
246 255 26
246 255 27
246 255 28
246 255 29
246 255 30
246 255 31
246 255 32
246 255 33
246 255 34
246 255 35
246 255 36
245 255 37
245 255 38
245 255 39
245 255 40
245 255 41
245 255 42
245 255 43
245 255 44
245 255 45
245 255 46
245 255 47
245 255 48
245 255 49
245 255 50
244 254 51
244 254 52
244 254 53
245 255 54
244 254 55
244 254 56
244 254 57
244 254 58
244 254 59
244 254 60
244 255 61
244 256 62
244 255 63
244 255 64
244 254 65
244 254 66
243 253 67
243 253 68
243 253 69
242 252 70
241 253 71
242 253 72
243 253 73
243 253 74
243 253 75
243 253 76
244 253 77
244 253 78
244 253 79
244 253 80
245 253 81
245 253 82
245 254 83
245 255 83
244 256 84
243 255 84
243 254 85
242 254 86
242 254 87
242 254 88
242 253 89
242 253 90
242 253 91
242 253 92
242 253 93
242 254 94
242 253 95
242 252 96
242 251 97
241 251 98
240 250 98
240 249 99
239 248 100
239 247 101
239 247 102
239 246 103
238 246 104
237 245 105
237 245 106
237 244 107
236 244 108
236 243 109
236 242 110
235 241 111
234 242 111
233 242 111
232 242 111
231 243 110
230 243 111
230 243 112
92
246 255 26
246 255 27
246 255 28
246 255 29
246 255 30
246 255 31
246 255 32
246 255 33
246 255 34
246 255 35
246 255 36
245 255 37
245 255 38
245 255 39
245 255 40
245 255 41
245 255 42
245 255 43
245 255 44
245 255 45
245 255 46
245 255 47
245 255 48
245 255 49
245 255 50
244 254 51
244 254 52
244 254 53
245 255 54
244 254 55
244 254 56
244 254 57
244 254 58
244 254 59
244 254 60
244 255 61
244 256 62
244 255 63
244 255 64
244 254 65
244 254 66
243 253 67
243 253 68
243 253 69
242 252 70
241 253 71
242 253 72
243 253 73
243 253 74
243 253 75
243 253 76
244 253 77
244 253 78
244 253 79
244 253 80
245 253 81
245 253 82
245 254 83
245 255 83
244 256 84
243 255 84
243 254 85
242 254 86
242 254 87
242 254 88
242 253 89
242 253 90
242 253 91
242 253 92
242 253 93
242 254 94
242 253 95
242 252 96
242 251 97
241 251 98
242 251 99
241 251 100
240 252 101
240 252 102
239 252 103
238 252 104
237 252 105
236 251 106
235 252 106
234 252 107
234 252 108
233 252 109
233 252 110
232 252 111
232 253 112
232 252 113
232 252 114
85
246 255 26
246 255 27
246 255 28
246 255 29
246 255 30
246 255 31
246 255 32
246 255 33
246 255 34
246 255 35
246 255 36
245 255 37
245 255 38
245 255 39
245 255 40
245 255 41
245 255 42
245 255 43
245 255 44
245 255 45
245 255 46
245 255 47
245 255 48
245 255 49
245 255 50
244 254 51
244 254 52
244 254 53
245 255 54
244 254 55
244 254 56
244 254 57
244 254 58
244 254 59
244 254 60
244 255 61
244 256 62
244 255 63
244 255 64
244 254 65
244 254 66
243 253 67
243 253 68
243 253 69
242 252 70
241 253 71
242 253 72
243 253 73
243 253 74
243 253 75
243 253 76
244 253 77
244 253 78
244 253 79
244 253 80
245 253 81
245 253 82
245 254 83
245 255 83
244 256 84
243 255 84
243 254 85
242 254 86
242 254 87
242 254 88
242 253 89
242 253 90
242 253 91
242 253 92
242 253 93
242 254 94
242 253 95
242 252 96
242 251 97
241 251 98
242 251 99
243 251 100
244 251 101
245 251 102
245 250 103
245 250 104
246 250 105
246 251 106
245 252 107
244 251 108
83
246 255 26
246 255 27
246 255 28
246 255 29
246 255 30
246 255 31
246 255 32
246 255 33
246 255 34
246 255 35
246 255 36
245 255 37
245 255 38
245 255 39
245 255 40
245 255 41
245 255 42
245 255 43
245 255 44
245 255 45
245 255 46
245 255 47
245 255 48
245 255 49
245 255 50
244 254 51
244 254 52
244 254 53
245 255 54
244 254 55
244 254 56
244 254 57
244 254 58
244 254 59
244 254 60
244 255 61
244 256 62
244 255 63
244 255 64
244 254 65
244 254 66
243 253 67
243 253 68
243 253 69
242 252 70
241 253 71
242 253 72
243 253 73
243 253 74
243 253 75
243 253 76
244 253 77
244 253 78
244 253 79
244 253 80
245 253 81
245 253 82
245 254 83
245 255 83
244 256 84
243 255 84
243 254 85
242 254 86
242 254 87
242 254 88
242 253 89
242 253 90
242 253 91
242 253 92
242 253 93
242 254 94
242 253 95
242 252 96
242 251 97
241 251 98
242 251 99
243 251 100
244 251 101
245 251 102
245 250 103
244 251 104
243 251 105
242 252 105
82
246 255 26
246 255 27
246 255 28
246 255 29
246 255 30
246 255 31
246 255 32
246 255 33
246 255 34
246 255 35
246 255 36
245 255 37
245 255 38
245 255 39
245 255 40
245 255 41
245 255 42
245 255 43
245 255 44
245 255 45
245 255 46
245 255 47
245 255 48
245 255 49
245 255 50
244 254 51
244 254 52
244 254 53
245 255 54
244 254 55
244 254 56
244 254 57
244 254 58
244 254 59
244 254 60
244 255 61
244 256 62
244 255 63
244 255 64
244 254 65
244 254 66
243 253 67
243 253 68
243 253 69
242 252 70
241 253 71
242 253 72
243 253 73
243 253 74
243 253 75
243 253 76
244 253 77
244 253 78
244 253 79
244 253 80
245 253 81
245 253 82
245 254 83
245 255 83
244 256 84
243 255 84
243 254 85
242 254 86
242 254 87
242 254 88
242 253 89
242 253 90
242 253 91
242 253 92
242 253 93
242 254 94
241 255 95
240 255 96
239 256 97
239 256 98
238 256 99
238 256 100
237 256 101
236 255 102
236 256 103
237 256 104
237 257 105
80
246 255 26
246 255 27
246 255 28
246 255 29
246 255 30
246 255 31
246 255 32
246 255 33
246 255 34
246 255 35
246 255 36
245 255 37
245 255 38
245 255 39
245 255 40
245 255 41
245 255 42
245 255 43
245 255 44
245 255 45
245 255 46
245 255 47
245 255 48
245 255 49
245 255 50
244 254 51
244 254 52
244 254 53
245 255 54
244 254 55
244 254 56
244 254 57
244 254 58
244 254 59
244 254 60
244 255 61
244 256 62
244 255 63
244 255 64
244 254 65
244 254 66
243 253 67
243 253 68
243 253 69
242 252 70
241 253 71
242 253 72
243 253 73
243 253 74
243 253 75
243 253 76
244 253 77
244 253 78
244 253 79
244 253 80
245 253 81
245 253 82
245 254 83
245 255 83
244 256 84
243 255 84
243 254 85
242 254 86
242 254 87
242 254 88
242 253 89
242 253 90
242 253 91
242 253 92
242 253 93
242 254 94
241 255 95
240 255 96
239 256 97
239 256 98
238 256 99
238 256 100
237 256 101
236 255 102
235 255 102
80
246 255 26
246 255 27
246 255 28
246 255 29
246 255 30
246 255 31
246 255 32
246 255 33
246 255 34
246 255 35
246 255 36
245 255 37
245 255 38
245 255 39
245 255 40
245 255 41
245 255 42
245 255 43
245 255 44
245 255 45
245 255 46
245 255 47
245 255 48
245 255 49
245 255 50
244 254 51
244 254 52
244 254 53
245 255 54
244 254 55
244 254 56
244 254 57
244 254 58
244 254 59
244 254 60
244 255 61
244 256 62
244 255 63
244 255 64
244 254 65
244 254 66
243 253 67
243 253 68
243 253 69
242 252 70
241 253 71
242 253 72
243 253 73
243 253 74
243 253 75
243 253 76
244 253 77
244 253 78
244 253 79
244 253 80
245 253 81
245 253 82
245 254 83
245 255 83
244 256 84
243 255 84
243 254 85
242 254 86
242 254 87
242 254 88
242 253 89
242 253 90
242 253 91
242 253 92
242 253 93
242 254 94
242 253 95
242 252 96
242 251 97
241 251 98
240 250 98
240 249 99
241 248 99
242 247 100
243 248 101
80
246 255 26
246 255 27
246 255 28
246 255 29
246 255 30
246 255 31
246 255 32
246 255 33
246 255 34
246 255 35
246 255 36
245 255 37
245 255 38
245 255 39
245 255 40
245 255 41
245 255 42
245 255 43
245 255 44
245 255 45
245 255 46
245 255 47
245 255 48
245 255 49
245 255 50
244 254 51
244 254 52
244 254 53
245 255 54
244 254 55
244 254 56
244 254 57
244 254 58
244 254 59
244 254 60
244 255 61
244 256 62
244 255 63
244 255 64
244 254 65
244 254 66
243 253 67
243 253 68
243 253 69
242 252 70
241 253 71
242 253 72
243 253 73
243 253 74
243 253 75
243 253 76
244 253 77
244 253 78
244 253 79
244 253 80
245 253 81
245 253 82
245 254 83
245 255 83
244 256 84
243 255 84
243 254 85
242 254 86
242 254 87
242 254 88
242 253 89
242 253 90
242 253 91
242 253 92
242 253 93
242 254 94
242 253 95
242 252 96
242 251 97
241 251 98
242 251 99
243 251 100
244 251 101
243 250 102
243 249 102
78
246 255 26
246 255 27
246 255 28
246 255 29
246 255 30
246 255 31
246 255 32
246 255 33
246 255 34
246 255 35
246 255 36
245 255 37
245 255 38
245 255 39
245 255 40
245 255 41
245 255 42
245 255 43
245 255 44
245 255 45
245 255 46
245 255 47
245 255 48
245 255 49
245 255 50
244 254 51
244 254 52
244 254 53
245 255 54
244 254 55
244 254 56
244 254 57
244 254 58
244 254 59
244 254 60
244 255 61
244 256 62
244 255 63
244 255 64
244 254 65
244 254 66
243 253 67
243 253 68
243 253 69
242 252 70
241 253 71
242 253 72
243 253 73
243 253 74
243 253 75
243 253 76
244 253 77
244 253 78
244 253 79
244 253 80
245 253 81
245 253 82
245 254 83
245 255 83
244 256 84
243 255 84
243 254 85
242 254 86
242 254 87
242 254 88
242 253 89
242 253 90
242 253 91
242 253 92
242 253 93
242 254 94
241 255 95
240 255 96
239 256 97
238 256 97
237 255 97
237 254 97
238 253 96
78
246 255 26
246 255 27
246 255 28
246 255 29
246 255 30
246 255 31
246 255 32
246 255 33
246 255 34
246 255 35
246 255 36
245 255 37
245 255 38
245 255 39
245 255 40
245 255 41
245 255 42
245 255 43
245 255 44
245 255 45
245 255 46
245 255 47
245 255 48
245 255 49
245 255 50
244 254 51
244 254 52
244 254 53
245 255 54
244 254 55
244 254 56
244 254 57
244 254 58
244 254 59
244 254 60
244 255 61
244 256 62
244 255 63
244 255 64
244 254 65
244 254 66
243 253 67
243 253 68
243 253 69
242 252 70
241 253 71
242 253 72
243 253 73
243 253 74
243 253 75
243 253 76
244 253 77
244 253 78
244 253 79
244 253 80
245 253 81
245 253 82
245 254 83
245 255 83
244 256 84
243 255 84
243 254 85
242 254 86
242 254 87
242 254 88
242 253 89
242 253 90
242 253 91
242 253 92
242 253 93
242 254 94
242 253 95
242 252 96
242 251 97
241 251 98
240 250 98
239 251 98
239 252 97
62
246 255 26
246 255 27
246 255 28
246 255 29
246 255 30
246 255 31
246 255 32
246 255 33
246 255 34
246 255 35
246 255 36
245 255 37
245 255 38
245 255 39
245 255 40
245 255 41
245 255 42
245 255 43
245 255 44
245 255 45
245 255 46
245 255 47
245 255 48
245 255 49
245 255 50
244 254 51
244 254 52
244 254 53
245 255 54
244 254 55
244 254 56
244 254 57
244 254 58
244 254 59
244 254 60
244 255 61
244 256 62
244 255 63
244 255 64
244 254 65
244 254 66
243 253 67
243 253 68
243 253 69
242 252 70
241 253 71
242 253 72
243 253 73
243 253 74
243 253 75
243 253 76
244 253 77
245 252 77
246 251 76
247 251 75
247 251 74
248 250 73
247 250 72
247 250 71
247 250 70
248 251 69
248 252 68
62
246 255 26
246 255 27
246 255 28
246 255 29
246 255 30
246 255 31
246 255 32
246 255 33
246 255 34
246 255 35
246 255 36
245 255 37
245 255 38
245 255 39
245 255 40
245 255 41
245 255 42
245 255 43
245 255 44
245 255 45
245 255 46
245 255 47
245 255 48
245 255 49
245 255 50
244 254 51
244 254 52
244 254 53
245 255 54
244 254 55
244 254 56
244 254 57
244 254 58
244 254 59
244 254 60
244 255 61
244 256 62
244 255 63
244 255 64
244 254 65
244 254 66
243 253 67
243 253 68
243 253 69
242 252 70
241 253 71
242 253 72
243 253 73
243 253 74
243 253 75
243 253 76
244 253 77
244 253 78
244 253 79
244 253 80
245 253 81
245 253 82
245 254 83
245 255 83
244 256 84
243 257 84
242 258 85
61
246 255 26
246 255 27
246 255 28
246 255 29
246 255 30
246 255 31
246 255 32
246 255 33
246 255 34
246 255 35
246 255 36
245 255 37
245 255 38
245 255 39
245 255 40
245 255 41
245 255 42
245 255 43
245 255 44
245 255 45
245 255 46
245 255 47
245 255 48
245 255 49
245 255 50
244 254 51
244 254 52
244 254 53
245 255 54
244 254 55
244 254 56
244 254 57
244 254 58
244 254 59
244 254 60
244 255 61
244 256 62
244 255 63
244 255 64
244 254 65
244 254 66
243 253 67
243 253 68
243 253 69
242 252 70
241 253 71
242 253 72
243 253 73
243 253 74
243 253 75
243 253 76
244 253 77
244 253 78
244 253 79
244 253 80
245 253 81
245 253 82
245 254 83
245 255 83
244 256 84
237 256 83
60
246 255 26
246 255 27
246 255 28
246 255 29
246 255 30
246 255 31
246 255 32
246 255 33
246 255 34
246 255 35
246 255 36
245 255 37
245 255 38
245 255 39
245 255 40
245 255 41
245 255 42
245 255 43
245 255 44
245 255 45
245 255 46
245 255 47
245 255 48
245 255 49
245 255 50
244 254 51
244 254 52
244 254 53
245 255 54
244 254 55
244 254 56
244 254 57
244 254 58
244 254 59
244 254 60
244 255 61
244 256 62
244 255 63
244 255 64
244 254 65
244 254 66
243 253 67
243 253 68
243 253 69
242 252 70
241 253 71
242 253 72
243 253 73
243 253 74
243 253 75
243 253 76
244 253 77
244 253 78
244 253 79
244 253 80
245 253 81
245 253 82
245 254 83
246 255 83
247 255 84
60
246 255 26
246 255 27
246 255 28
246 255 29
246 255 30
246 255 31
246 255 32
246 255 33
246 255 34
246 255 35
246 255 36
245 255 37
245 255 38
245 255 39
245 255 40
245 255 41
245 255 42
245 255 43
245 255 44
245 255 45
245 255 46
245 255 47
245 255 48
245 255 49
245 255 50
244 254 51
244 254 52
244 254 53
245 255 54
244 254 55
244 254 56
244 254 57
244 254 58
244 254 59
244 254 60
244 255 61
244 256 62
244 255 63
244 255 64
244 254 65
244 254 66
243 253 67
243 253 68
243 253 69
242 252 70
241 251 70
241 250 70
240 249 71
239 248 72
239 248 73
239 247 74
239 246 75
240 245 76
241 245 75
242 245 74
242 245 73
243 246 72
244 246 71
245 247 71
246 247 72
54
246 255 26
246 255 27
246 255 28
246 255 29
246 255 30
246 255 31
246 255 32
246 255 33
246 255 34
246 255 35
246 255 36
245 255 37
245 255 38
245 255 39
245 255 40
245 255 41
245 255 42
245 255 43
245 255 44
245 255 45
245 255 46
245 255 47
245 255 48
245 255 49
245 255 50
244 254 51
244 254 52
244 254 53
245 255 54
244 254 55
244 254 56
244 254 57
244 254 58
244 254 59
244 254 60
244 255 61
244 256 62
244 255 63
244 255 64
244 254 65
244 254 66
243 253 67
243 253 68
243 253 69
242 252 70
241 253 71
242 253 72
243 253 73
243 253 74
243 253 75
243 253 76
242 253 77
241 253 77
240 253 78
54
246 255 26
246 255 27
246 255 28
246 255 29
246 255 30
246 255 31
246 255 32
246 255 33
246 255 34
246 255 35
246 255 36
245 255 37
245 255 38
245 255 39
245 255 40
245 255 41
245 255 42
245 255 43
245 255 44
245 255 45
245 255 46
245 255 47
245 255 48
245 255 49
245 255 50
244 254 51
244 254 52
244 254 53
245 255 54
244 254 55
244 254 56
244 254 57
244 254 58
244 254 59
244 254 60
244 255 61
244 256 62
244 255 63
244 255 64
244 254 65
244 254 66
243 253 67
243 253 68
243 253 69
242 252 70
241 251 70
241 250 70
240 249 71
239 248 72
239 248 73
239 247 74
238 246 75
237 247 75
236 247 76
50
246 255 26
246 255 27
246 255 28
246 255 29
246 255 30
246 255 31
246 255 32
246 255 33
246 255 34
246 255 35
246 255 36
245 255 37
245 255 38
245 255 39
245 255 40
245 255 41
245 255 42
245 255 43
245 255 44
245 255 45
245 255 46
245 255 47
245 255 48
245 255 49
245 255 50
244 254 51
244 254 52
244 254 53
245 255 54
244 254 55
244 254 56
244 254 57
244 254 58
244 254 59
244 254 60
244 255 61
244 256 62
244 255 63
244 255 64
244 254 65
244 254 66
243 253 67
243 253 68
243 253 69
242 252 70
241 253 71
240 253 71
239 253 72
238 253 73
237 253 74
47
246 255 26
246 255 27
246 255 28
246 255 29
246 255 30
246 255 31
246 255 32
246 255 33
246 255 34
246 255 35
246 255 36
245 255 37
245 255 38
245 255 39
245 255 40
245 255 41
245 255 42
245 255 43
245 255 44
245 255 45
245 255 46
245 255 47
245 255 48
245 255 49
245 255 50
244 254 51
244 254 52
244 254 53
245 255 54
244 254 55
244 254 56
244 254 57
244 254 58
244 254 59
244 254 60
244 255 61
244 256 62
244 255 63
243 256 64
243 257 65
243 257 66
242 257 67
242 257 68
241 258 69
241 257 70
240 258 71
239 258 72
