54
226
236 250 25
236 250 26
236 250 27
236 250 28
236 250 29
236 249 30
236 249 31
236 249 32
235 250 33
235 249 34
235 249 35
235 249 36
235 249 37
235 249 38
235 249 39
234 249 40
234 249 41
234 248 42
234 248 43
234 248 44
234 248 45
234 248 46
233 248 47
233 248 48
233 248 49
233 248 50
233 248 51
233 247 52
233 248 53
233 247 54
233 247 55
233 247 56
233 246 57
232 247 58
232 247 59
232 248 60
232 248 61
232 247 62
232 247 63
231 247 64
231 247 65
231 247 66
231 247 67
231 247 68
230 248 69
229 248 70
229 248 71
229 247 72
230 247 73
230 246 74
231 246 75
231 245 76
231 244 77
230 244 78
229 244 79
229 244 80
229 245 81
229 246 82
229 246 83
228 247 84
229 247 85
229 248 86
229 247 87
229 246 88
229 246 89
229 245 90
229 245 91
229 245 92
229 245 93
228 245 94
228 245 95
227 245 96
228 244 97
228 244 98
228 244 99
228 244 100
227 244 101
228 243 102
229 244 102
230 245 103
229 245 104
230 245 105
229 244 106
228 244 107
227 244 108
228 244 109
228 245 110
229 244 111
228 245 112
227 245 113
227 245 114
227 245 115
227 245 116
228 244 117
227 244 118
227 245 119
226 244 120
227 245 121
226 244 122
226 244 123
226 244 124
226 245 125
226 245 126
225 244 127
225 244 128
225 244 129
225 244 130
225 245 131
225 245 132
225 245 133
225 245 134
225 245 135
224 244 136
224 244 137
224 244 138
223 244 139
223 245 140
224 245 141
223 246 142
222 246 142
221 247 143
221 248 144
220 249 145
220 250 146
220 250 147
220 251 148
220 251 149
219 251 150
219 252 151
220 252 152
219 252 153
218 252 154
217 252 155
217 252 156
217 253 157
217 253 158
217 254 159
217 254 160
217 255 161
216 254 162
216 255 163
215 256 164
216 256 165
216 256 166
216 256 167
216 256 168
215 255 169
216 256 170
216 256 171
215 256 172
215 257 173
215 257 174
215 258 175
215 258 176
214 258 177
214 258 178
215 258 179
215 259 180
215 259 181
215 259 182
215 259 183
215 258 184
214 259 185
214 259 186
213 259 187
213 259 188
213 260 189
213 261 190
212 261 191
212 262 192
211 262 193
211 263 194
211 264 195
210 265 195
210 266 196
210 267 197
209 268 198
209 269 199
209 270 200
209 271 201
208 272 202
207 273 203
208 274 204
207 274 205
206 275 206
206 275 207
205 275 208
205 275 209
204 276 210
204 277 211
204 277 212
204 278 213
203 278 214
204 279 215
203 280 216
203 281 217
203 282 217
204 283 218
203 284 219
203 285 220
203 286 221
202 287 222
203 288 222
202 289 223
202 290 224
202 291 224
202 292 225
202 293 226
203 294 227
203 295 228
202 296 229
202 297 230
202 298 231
202 299 232
201 300 233
200 301 234
199 302 235
198 303 236
197 303 237
196 304 238
195 305 239
194 305 239
193 305 240
192 306 240
191 306 241
190 306 241
211
236 250 25
236 250 26
236 250 27
236 250 28
236 250 29
236 249 30
236 249 31
236 249 32
235 250 33
235 249 34
235 249 35
235 249 36
235 249 37
235 249 38
235 249 39
234 249 40
234 249 41
234 248 42
234 248 43
234 248 44
234 248 45
234 248 46
233 248 47
233 248 48
233 248 49
233 248 50
233 248 51
233 247 52
233 248 53
233 247 54
233 247 55
233 247 56
233 246 57
232 247 58
232 247 59
232 248 60
232 248 61
232 247 62
232 247 63
231 247 64
231 247 65
231 247 66
231 247 67
231 247 68
230 248 69
229 248 70
229 248 71
229 247 72
230 247 73
230 246 74
231 246 75
231 245 76
231 244 77
230 244 78
229 244 79
229 244 80
229 245 81
229 246 82
229 246 83
228 247 84
229 247 85
229 248 86
229 247 87
229 246 88
229 246 89
229 245 90
229 245 91
229 245 92
229 245 93
228 245 94
228 245 95
227 245 96
228 244 97
228 244 98
228 244 99
228 244 100
227 244 101
228 243 102
229 244 102
230 245 103
229 245 104
230 245 105
229 244 106
228 244 107
227 244 108
228 244 109
228 245 110
229 244 111
228 245 112
227 245 113
227 245 114
227 245 115
227 245 116
228 244 117
227 244 118
227 245 119
226 244 120
227 245 121
226 244 122
226 244 123
226 244 124
226 245 125
226 245 126
225 244 127
225 244 128
225 244 129
225 244 130
225 245 131
225 245 132
225 245 133
225 245 134
225 245 135
224 244 136
224 244 137
224 244 138
223 244 139
223 245 140
224 245 141
223 246 142
222 246 142
221 245 143
221 244 144
222 244 145
222 243 146
222 243 147
222 243 148
222 242 149
223 242 150
223 242 151
223 242 152
223 242 153
223 242 154
223 241 155
223 241 156
223 241 157
223 241 158
223 241 159
224 241 160
224 241 161
224 241 162
224 240 163
224 240 164
225 241 165
224 240 166
224 240 167
223 240 168
223 240 169
223 240 170
223 240 171
223 240 172
223 240 173
223 239 174
223 239 175
223 239 176
223 239 177
222 238 178
223 238 179
223 238 180
223 238 181
223 237 182
224 237 183
225 238 184
225 237 185
225 237 186
225 236 187
225 236 188
225 236 189
225 236 190
225 236 191
225 236 192
225 236 193
224 235 194
225 235 195
225 235 196
225 235 197
225 235 198
224 235 199
224 234 200
224 234 201
224 234 202
224 234 203
224 233 204
224 233 205
224 232 206
224 232 207
224 232 208
224 232 209
224 231 210
224 231 211
224 231 212
224 230 213
224 230 214
224 230 215
224 230 216
224 230 217
224 230 218
224 229 219
223 229 220
223 229 221
224 228 222
223 228 223
223 228 224
223 227 225
223 227 226
223 227 227
223 226 228
223 226 229
223 226 230
222 225 231
222 225 232
223 224 236
210
236 250 25
236 250 26
236 250 27
236 250 28
236 250 29
236 249 30
236 249 31
236 249 32
235 250 33
235 249 34
235 249 35
235 249 36
235 249 37
235 249 38
235 249 39
234 249 40
234 249 41
234 248 42
234 248 43
234 248 44
234 248 45
234 248 46
233 248 47
233 248 48
233 248 49
233 248 50
233 248 51
233 247 52
233 248 53
233 247 54
233 247 55
233 247 56
233 246 57
232 247 58
232 247 59
232 248 60
232 248 61
232 247 62
232 247 63
231 247 64
231 247 65
231 247 66
231 247 67
231 247 68
230 248 69
229 248 70
229 248 71
229 247 72
230 247 73
230 246 74
231 246 75
231 245 76
231 244 77
230 244 78
229 244 79
229 244 80
229 245 81
229 246 82
229 246 83
228 247 84
229 247 85
229 248 86
229 247 87
229 246 88
229 246 89
229 245 90
229 245 91
229 245 92
229 245 93
228 245 94
228 245 95
227 245 96
228 244 97
228 244 98
228 244 99
228 244 100
227 244 101
228 243 102
229 244 102
230 245 103
229 245 104
230 245 105
229 244 106
228 244 107
227 244 108
228 244 109
228 245 110
229 244 111
228 245 112
227 245 113
227 245 114
227 245 115
227 245 116
228 244 117
227 244 118
227 245 119
226 244 120
227 245 121
226 244 122
226 244 123
226 244 124
226 245 125
226 245 126
225 244 127
225 244 128
225 244 129
225 244 130
225 245 131
225 245 132
225 245 133
225 245 134
225 245 135
224 244 136
224 244 137
224 244 138
223 244 139
223 245 140
224 245 141
223 246 142
222 246 142
221 245 143
221 244 144
222 244 145
222 243 146
222 243 147
222 243 148
222 242 149
223 242 150
223 242 151
223 242 152
223 242 153
223 242 154
223 241 155
223 241 156
223 241 157
223 241 158
223 241 159
224 241 160
224 241 161
224 241 162
224 240 163
224 240 164
225 241 165
224 240 166
224 240 167
223 240 168
223 240 169
223 240 170
223 240 171
223 240 172
223 240 173
223 239 174
223 239 175
223 239 176
223 239 177
222 238 178
223 238 179
223 238 180
223 238 181
223 237 182
224 237 183
225 238 184
225 237 185
225 237 186
225 236 187
225 236 188
225 236 189
225 236 190
225 236 191
225 236 192
225 236 193
224 235 194
225 235 195
225 235 196
225 235 197
225 235 198
224 235 199
224 234 200
224 234 201
224 234 202
224 234 203
224 233 204
224 233 205
224 232 206
224 232 207
224 232 208
224 232 209
224 231 210
224 231 211
224 231 212
224 230 213
224 230 214
224 230 215
224 230 216
224 230 217
224 230 218
224 229 219
223 229 220
223 229 221
224 228 222
223 228 223
223 228 224
223 227 225
223 227 226
223 227 227
223 226 228
223 226 229
223 226 230
222 225 231
222 225 232
206
236 250 25
236 250 26
236 250 27
236 250 28
236 250 29
236 249 30
236 249 31
236 249 32
235 250 33
235 249 34
235 249 35
235 249 36
235 249 37
235 249 38
235 249 39
234 249 40
234 249 41
234 248 42
234 248 43
234 248 44
234 248 45
234 248 46
233 248 47
233 248 48
233 248 49
233 248 50
233 248 51
233 247 52
233 248 53
233 247 54
233 247 55
233 247 56
233 246 57
232 247 58
232 247 59
232 248 60
232 248 61
232 247 62
232 247 63
231 247 64
231 247 65
231 247 66
231 247 67
231 247 68
230 248 69
229 248 70
229 248 71
229 247 72
230 247 73
230 246 74
231 246 75
231 245 76
231 244 77
230 243 76
231 242 77
231 241 77
232 240 78
232 239 79
231 238 80
232 238 81
232 237 82
232 236 83
232 235 84
233 234 85
233 233 86
233 232 87
233 232 88
233 231 89
233 230 90
234 229 91
235 228 92
235 227 93
235 226 94
235 225 95
235 224 96
236 224 97
236 223 98
237 222 99
237 221 100
238 220 101
237 219 101
238 218 101
238 217 102
238 216 102
239 215 103
239 214 103
239 213 104
239 212 104
240 211 104
240 210 105
240 209 105
240 208 106
240 207 106
241 206 107
241 205 108
241 204 108
241 203 109
242 202 109
242 201 110
243 200 110
243 199 111
244 198 111
244 197 111
244 196 112
245 195 113
245 194 113
246 193 113
247 192 114
247 191 114
247 190 114
247 189 114
247 188 114
248 187 115
248 186 115
248 185 116
249 184 117
249 183 117
250 182 118
250 181 118
250 180 118
250 179 118
251 178 119
251 177 119
251 176 119
252 175 119
252 174 119
252 173 119
252 172 119
253 171 119
253 170 120
253 169 120
253 168 120
253 167 120
253 166 120
253 165 120
253 164 120
253 163 120
254 162 120
254 161 120
253 160 120
254 159 120
254 158 120
254 157 121
254 156 121
255 155 121
255 154 121
255 153 121
256 152 120
256 151 120
256 150 120
257 149 120
257 148 120
258 147 120
258 146 120
258 145 120
259 144 120
259 143 120
260 142 119
260 141 119
261 140 119
261 139 119
262 138 119
263 137 120
264 136 120
265 135 120
266 134 120
266 133 120
266 132 119
267 131 119
267 130 118
268 129 117
268 128 117
268 127 116
269 126 115
269 125 115
270 124 114
270 123 113
270 122 113
271 121 112
271 120 111
271 119 111
271 118 110
272 117 110
272 116 109
273 115 108
273 114 108
273 113 107
274 112 107
274 111 106
274 110 106
275 109 105
275 108 105
275 107 104
276 106 103
276 105 103
277 104 102
277 103 101
277 102 101
278 101 100
279 100 99
280 99 98
280 98 98
280 97 97
281 97 96
282 96 95
283 95 94
190
236 250 25
236 250 26
236 250 27
236 250 28
236 250 29
236 249 30
236 249 31
236 249 32
235 250 33
235 249 34
235 249 35
235 249 36
235 249 37
235 249 38
235 249 39
234 249 40
234 249 41
234 248 42
234 248 43
234 248 44
234 248 45
234 248 46
233 248 47
233 248 48
233 248 49
233 248 50
233 248 51
233 247 52
233 248 53
233 247 54
233 247 55
233 247 56
233 246 57
232 247 58
232 247 59
232 248 60
232 248 61
232 247 62
232 247 63
231 247 64
231 247 65
231 247 66
231 247 67
231 247 68
230 248 69
229 248 70
229 248 71
229 247 72
230 247 73
230 246 74
231 246 75
231 245 76
231 244 77
230 244 78
229 244 79
229 244 80
229 245 81
229 246 82
229 246 83
228 247 84
229 247 85
229 248 86
229 247 87
229 246 88
229 246 89
229 245 90
229 245 91
229 245 92
229 245 93
228 245 94
228 245 95
227 245 96
228 244 97
228 244 98
228 244 99
228 244 100
227 244 101
228 243 102
229 244 102
230 245 103
229 245 104
230 245 105
229 244 106
228 244 107
227 244 108
228 244 109
228 245 110
229 244 111
228 245 112
227 245 113
227 245 114
227 245 115
227 245 116
228 244 117
227 244 118
227 245 119
226 244 120
227 245 121
226 244 122
226 244 123
226 244 124
226 245 125
226 245 126
225 244 127
225 244 128
225 244 129
225 244 130
225 245 131
225 245 132
225 245 133
225 245 134
225 245 135
224 244 136
224 244 137
224 244 138
223 244 139
223 245 140
224 245 141
223 246 142
222 246 142
221 247 143
221 248 144
220 249 145
220 250 146
220 250 147
220 251 148
220 251 149
219 251 150
219 252 151
220 252 152
219 252 153
218 252 154
217 252 155
217 252 156
217 253 157
217 253 158
217 254 159
217 254 160
217 255 161
216 254 162
216 255 163
215 256 164
216 256 165
216 256 166
216 256 167
216 256 168
215 255 169
216 256 170
216 256 171
215 256 172
215 257 173
215 257 174
215 258 175
215 258 176
214 258 177
214 258 178
215 258 179
215 259 180
215 259 181
215 259 182
215 259 183
215 258 184
214 259 185
214 259 186
213 259 187
213 259 188
213 260 189
213 261 190
212 261 191
212 262 192
211 262 193
211 263 194
211 264 195
210 265 195
210 266 196
210 267 197
209 268 198
209 269 199
209 270 200
209 271 201
208 272 202
207 273 203
206 273 203
205 273 203
204 273 203
203 273 203
202 274 204
201 274 204
200 275 204
199 274 203
190
236 250 25
236 250 26
236 250 27
236 250 28
236 250 29
236 249 30
236 249 31
236 249 32
235 250 33
235 249 34
235 249 35
235 249 36
235 249 37
235 249 38
235 249 39
234 249 40
234 249 41
234 248 42
234 248 43
234 248 44
234 248 45
234 248 46
233 248 47
233 248 48
233 248 49
233 248 50
233 248 51
233 247 52
233 248 53
233 247 54
233 247 55
233 247 56
233 246 57
232 247 58
232 247 59
232 248 60
232 248 61
232 247 62
232 247 63
231 247 64
231 247 65
231 247 66
231 247 67
231 247 68
230 248 69
229 248 70
229 248 71
229 247 72
230 247 73
230 246 74
231 246 75
231 245 76
231 244 77
230 244 78
229 244 79
229 244 80
229 245 81
229 246 82
229 246 83
228 247 84
229 247 85
229 248 86
229 247 87
229 246 88
229 246 89
229 245 90
229 245 91
229 245 92
229 245 93
228 245 94
228 245 95
227 245 96
228 244 97
228 244 98
228 244 99
228 244 100
227 244 101
228 243 102
229 244 102
230 245 103
229 245 104
230 245 105
229 244 106
228 244 107
227 244 108
228 244 109
228 245 110
229 244 111
228 245 112
227 245 113
227 245 114
227 245 115
227 245 116
228 244 117
227 244 118
227 245 119
226 244 120
227 245 121
226 244 122
226 244 123
226 244 124
226 245 125
226 245 126
225 244 127
225 244 128
225 244 129
225 244 130
225 245 131
225 245 132
225 245 133
225 245 134
225 245 135
224 244 136
224 244 137
224 244 138
223 244 139
223 245 140
224 245 141
223 246 142
222 246 142
221 247 143
221 248 144
220 249 145
220 250 146
220 250 147
220 251 148
220 251 149
219 251 150
219 252 151
220 252 152
219 252 153
218 252 154
217 252 155
217 252 156
217 253 157
217 253 158
217 254 159
217 254 160
217 255 161
216 254 162
216 255 163
215 256 164
216 256 165
216 256 166
216 256 167
216 256 168
215 255 169
216 256 170
216 256 171
215 256 172
215 257 173
215 257 174
215 258 175
215 258 176
214 258 177
214 258 178
215 258 179
215 259 180
215 259 181
215 259 182
215 259 183
215 258 184
214 259 185
214 259 186
213 259 187
213 259 188
213 260 189
213 261 190
212 261 191
212 262 192
211 262 193
211 263 194
211 264 195
210 265 195
210 266 196
210 267 197
209 268 198
209 269 199
209 270 200
209 271 201
208 272 202
207 273 203
206 273 203
205 273 203
204 273 203
203 273 203
202 273 202
201 272 202
200 272 202
199 273 203
179
236 250 25
236 250 26
236 250 27
236 250 28
236 250 29
236 249 30
236 249 31
236 249 32
235 250 33
235 249 34
235 249 35
235 249 36
235 249 37
235 249 38
235 249 39
234 249 40
234 249 41
234 248 42
234 248 43
234 248 44
234 248 45
234 248 46
233 248 47
233 248 48
233 248 49
233 248 50
233 248 51
233 247 52
233 248 53
233 247 54
233 247 55
233 247 56
233 246 57
232 247 58
232 247 59
232 248 60
232 248 61
232 247 62
232 247 63
231 247 64
231 247 65
231 247 66
231 247 67
231 247 68
230 248 69
229 248 70
229 248 71
229 247 72
230 247 73
230 246 74
231 246 75
231 245 76
231 244 77
230 244 78
229 244 79
229 244 80
229 245 81
229 246 82
229 246 83
228 247 84
229 247 85
229 248 86
229 247 87
229 246 88
229 246 89
229 245 90
229 245 91
229 245 92
229 245 93
228 245 94
228 245 95
227 245 96
228 244 97
228 244 98
228 244 99
228 244 100
227 244 101
228 243 102
229 244 102
230 245 103
229 245 104
230 245 105
229 244 106
228 244 107
227 244 108
228 244 109
228 245 110
229 244 111
228 245 112
227 245 113
227 245 114
227 245 115
227 245 116
228 244 117
227 244 118
227 245 119
226 244 120
227 245 121
226 244 122
226 244 123
226 244 124
226 245 125
226 245 126
225 244 127
225 244 128
225 244 129
225 244 130
225 245 131
225 245 132
225 245 133
225 245 134
225 245 135
224 244 136
224 244 137
224 244 138
223 244 139
223 245 140
224 245 141
223 246 142
222 246 142
221 245 143
221 244 144
222 244 145
222 243 146
222 243 147
222 243 148
222 242 149
223 242 150
223 242 151
223 242 152
223 242 153
223 242 154
223 241 155
223 241 156
223 241 157
223 241 158
223 241 159
224 241 160
224 241 161
224 241 162
224 240 163
224 240 164
225 241 165
224 240 166
224 240 167
223 240 168
223 240 169
223 240 170
223 240 171
223 240 172
223 240 173
223 239 174
223 239 175
223 239 176
223 239 177
222 238 178
221 239 178
220 239 179
219 239 180
218 239 181
218 239 182
218 239 183
217 239 184
217 239 185
216 238 186
216 238 187
216 238 188
216 238 189
216 238 190
216 238 191
216 238 192
216 238 193
216 238 194
215 237 195
215 237 196
215 237 197
214 237 198
215 237 199
214 236 200
177
236 250 25
236 250 26
236 250 27
236 250 28
236 250 29
236 249 30
236 249 31
236 249 32
235 250 33
235 249 34
235 249 35
235 249 36
235 249 37
235 249 38
235 249 39
234 249 40
234 249 41
234 248 42
234 248 43
234 248 44
234 248 45
234 248 46
233 248 47
233 248 48
233 248 49
233 248 50
233 248 51
233 247 52
233 248 53
233 247 54
233 247 55
233 247 56
233 246 57
232 247 58
232 247 59
232 248 60
232 248 61
232 247 62
232 247 63
231 247 64
231 247 65
231 247 66
231 247 67
231 247 68
230 248 69
229 248 70
228 249 71
227 249 72
226 250 71
225 250 72
224 251 73
223 251 74
222 251 75
221 252 76
220 253 77
219 254 78
218 255 79
217 255 80
217 256 81
216 257 82
215 257 83
214 258 84
214 259 85
213 259 86
212 260 87
211 261 88
210 262 89
209 263 90
208 263 90
207 264 90
206 265 91
205 266 92
204 265 92
203 266 92
202 267 92
201 268 93
200 269 93
199 270 94
198 270 94
197 271 94
196 272 95
195 273 95
194 273 95
193 274 96
192 273 96
191 274 97
190 275 97
189 275 98
188 276 98
187 277 99
186 278 100
185 278 100
184 279 100
183 280 100
182 280 100
181 281 100
180 281 100
179 282 100
178 282 100
177 283 100
176 284 100
175 284 100
174 285 100
173 285 100
172 286 100
171 287 99
170 288 99
169 289 99
168 289 99
167 290 99
166 290 99
165 291 99
164 292 98
163 292 98
162 293 98
161 293 98
160 293 98
159 293 98
158 293 98
157 294 98
156 293 98
155 294 98
154 295 98
153 296 97
152 297 97
151 298 97
150 298 97
149 298 97
148 298 97
147 297 97
146 298 96
145 299 96
144 299 95
144 300 94
143 300 93
142 301 92
141 301 91
141 302 90
140 302 89
139 303 88
138 303 87
138 304 86
137 305 85
136 306 84
135 306 84
134 307 83
133 308 82
132 308 81
131 309 80
130 309 80
129 309 79
128 310 79
127 311 78
126 311 77
125 311 77
124 312 76
123 313 75
122 313 74
121 314 73
120 314 72
120 315 71
119 315 70
119 315 69
118 315 68
118 315 67
117 315 66
117 315 65
117 315 64
116 315 63
116 315 62
116 315 61
116 315 60
116 315 59
116 315 58
116 315 57
115 315 56
115 315 55
168
236 250 25
236 250 26
236 250 27
236 250 28
236 250 29
236 249 30
236 249 31
236 249 32
235 250 33
235 249 34
235 249 35
235 249 36
235 249 37
235 249 38
235 249 39
234 249 40
234 249 41
234 248 42
234 248 43
234 248 44
234 248 45
234 248 46
233 248 47
233 248 48
233 248 49
233 248 50
233 248 51
233 247 52
233 248 53
233 247 54
233 247 55
233 247 56
233 246 57
232 247 58
232 247 59
232 248 60
232 248 61
232 247 62
232 247 63
231 247 64
231 247 65
231 247 66
231 247 67
231 247 68
230 248 69
229 248 70
228 249 71
227 249 72
226 250 71
225 250 72
224 251 73
223 251 74
222 251 75
221 252 76
220 253 77
219 254 78
218 255 79
217 255 80
217 256 81
216 257 82
215 257 83
214 258 84
214 259 85
213 259 86
212 260 87
211 261 88
210 262 89
209 263 90
208 263 90
207 264 90
206 265 91
205 266 92
204 265 92
203 266 92
202 267 92
201 268 93
200 269 93
199 270 94
198 270 94
197 271 94
196 272 95
195 273 95
194 273 95
193 274 96
192 273 96
191 274 97
190 275 97
189 275 98
188 276 98
187 277 99
186 278 100
185 278 100
184 279 100
183 280 100
182 280 100
181 281 100
180 281 100
179 282 100
178 282 100
177 283 100
176 284 100
175 284 100
174 285 100
173 285 100
172 286 100
171 287 99
170 288 99
169 289 99
168 289 99
167 290 99
166 290 99
165 291 99
164 292 98
163 292 98
162 293 98
161 293 98
160 293 98
159 293 98
158 293 98
157 294 98
156 293 98
155 294 98
154 295 98
153 296 97
152 297 97
151 298 97
150 298 97
149 298 97
148 298 97
147 297 97
146 298 96
145 299 96
144 299 95
144 300 94
143 300 93
142 301 92
141 301 91
141 302 90
140 302 89
139 303 88
138 303 87
138 304 86
137 305 85
136 306 84
135 306 84
134 307 83
133 308 82
132 308 81
131 309 80
130 309 80
129 309 79
128 310 79
127 311 78
126 311 77
125 311 77
124 312 76
123 313 75
122 313 74
121 314 73
120 314 72
120 315 71
119 315 70
120 316 69
120 317 68
121 318 67
121 319 66
120 318 65
119 317 64
157
236 250 25
236 250 26
236 250 27
236 250 28
236 250 29
236 249 30
236 249 31
236 249 32
235 250 33
235 249 34
235 249 35
235 249 36
235 249 37
235 249 38
235 249 39
234 249 40
234 249 41
234 248 42
234 248 43
234 248 44
234 248 45
234 248 46
233 248 47
233 248 48
233 248 49
233 248 50
233 248 51
233 247 52
233 248 53
233 247 54
233 247 55
233 247 56
233 246 57
232 247 58
232 247 59
232 248 60
232 248 61
232 247 62
232 247 63
231 247 64
231 247 65
231 247 66
231 247 67
231 247 68
230 248 69
229 248 70
229 248 71
229 247 72
230 247 73
230 246 74
231 246 75
231 245 76
231 244 77
230 244 78
229 244 79
229 244 80
229 245 81
229 246 82
229 246 83
228 247 84
229 247 85
229 248 86
228 249 87
227 249 87
226 250 87
225 250 88
224 250 89
223 250 90
223 251 91
223 252 92
222 251 93
221 251 94
221 251 95
221 252 96
221 253 97
220 254 98
220 255 99
219 256 100
218 257 101
217 257 102
217 258 103
216 259 104
215 259 105
215 260 106
215 261 107
215 262 108
214 262 109
214 263 110
214 264 111
213 265 112
212 266 113
211 267 114
210 268 115
209 269 116
209 270 117
208 271 118
208 272 118
207 273 119
207 274 120
207 275 120
207 276 121
206 277 122
205 278 123
204 279 123
203 280 124
202 281 125
202 282 126
202 283 127
201 284 127
200 285 128
200 286 129
200 287 129
199 288 130
198 289 130
197 290 131
196 291 131
195 292 132
195 293 132
195 294 132
194 295 133
193 296 134
192 297 134
192 298 134
192 299 135
191 300 135
190 301 136
189 302 136
189 303 137
188 304 137
187 305 138
186 306 139
186 307 139
185 308 140
184 309 141
183 310 142
182 311 143
181 312 144
180 313 145
179 314 145
179 315 145
178 316 146
177 317 147
176 318 147
175 319 148
175 320 148
174 321 148
173 322 149
172 323 149
171 324 150
170 325 150
169 326 151
168 327 152
167 327 152
166 328 152
165 328 153
164 329 154
163 330 155
156
236 250 25
236 250 26
236 250 27
236 250 28
236 250 29
236 249 30
236 249 31
236 249 32
235 250 33
235 249 34
235 249 35
235 249 36
235 249 37
235 249 38
235 249 39
234 249 40
234 249 41
234 248 42
234 248 43
234 248 44
234 248 45
234 248 46
233 248 47
233 248 48
233 248 49
233 248 50
233 248 51
233 247 52
233 248 53
233 247 54
233 247 55
233 247 56
233 246 57
232 247 58
232 247 59
232 248 60
232 248 61
232 247 62
232 247 63
231 247 64
231 247 65
231 247 66
231 247 67
231 247 68
230 248 69
229 248 70
229 248 71
229 247 72
230 247 73
230 246 74
231 246 75
231 245 76
231 244 77
230 244 78
229 244 79
229 244 80
229 245 81
229 246 82
229 246 83
228 247 84
229 247 85
229 248 86
229 247 87
229 246 88
229 246 89
229 245 90
229 245 91
229 245 92
229 245 93
228 245 94
228 245 95
227 245 96
228 244 97
228 244 98
228 244 99
228 244 100
227 244 101
228 243 102
229 244 102
230 245 103
229 245 104
230 245 105
229 244 106
228 244 107
227 244 108
228 244 109
228 245 110
229 244 111
228 245 112
227 245 113
227 245 114
227 245 115
227 245 116
228 244 117
227 244 118
227 245 119
226 244 120
227 245 121
226 244 122
226 244 123
226 244 124
226 245 125
226 245 126
225 244 127
225 244 128
225 244 129
225 244 130
225 245 131
225 245 132
225 245 133
225 245 134
225 245 135
224 244 136
224 244 137
224 244 138
223 244 139
223 245 140
224 245 141
223 246 142
222 246 142
221 247 143
221 248 144
220 249 145
220 250 146
220 250 147
220 251 148
220 251 149
219 251 150
219 252 151
220 252 152
219 252 153
218 252 154
217 252 155
217 252 156
217 253 157
217 253 158
217 254 159
217 254 160
217 255 161
216 254 162
215 255 162
214 254 161
213 253 161
212 253 162
212 252 163
212 252 164
212 251 165
212 251 166
211 251 167
212 251 168
212 251 169
211 251 170
211 251 171
210 251 172
210 251 173
210 251 174
154
236 250 25
236 250 26
236 250 27
236 250 28
236 250 29
236 249 30
236 249 31
236 249 32
235 250 33
235 249 34
235 249 35
235 249 36
235 249 37
235 249 38
235 249 39
234 249 40
234 249 41
234 248 42
234 248 43
234 248 44
234 248 45
234 248 46
233 248 47
233 248 48
233 248 49
233 248 50
233 248 51
233 247 52
233 248 53
233 247 54
233 247 55
233 247 56
233 246 57
233 245 57
232 244 58
233 243 58
234 242 58
235 241 58
235 240 59
234 239 59
234 238 60
235 237 61
234 236 62
235 235 62
235 234 63
235 233 64
235 232 65
236 231 66
236 230 66
235 229 66
236 228 67
236 227 67
237 226 68
237 225 68
238 224 69
237 223 69
238 222 70
239 221 70
240 220 71
239 219 72
240 218 72
239 217 72
239 216 72
239 215 73
238 214 73
239 213 74
239 212 74
240 211 75
240 210 75
240 209 75
241 208 75
241 207 76
241 206 76
241 205 76
241 204 76
241 203 77
241 202 77
241 201 77
242 200 78
242 199 78
242 198 78
242 197 78
242 196 78
243 195 79
243 194 79
244 193 79
245 192 79
245 191 79
245 190 79
246 189 79
245 188 79
245 187 79
246 186 79
246 185 79
245 184 79
245 183 79
245 182 79
246 181 79
247 180 79
247 179 80
247 178 80
247 177 80
247 176 79
247 175 79
247 174 79
247 173 79
247 172 79
247 171 79
247 170 79
247 169 79
247 168 78
247 167 78
247 166 78
247 165 77
248 164 77
248 163 77
248 162 76
248 161 76
249 160 76
249 159 76
250 158 75
250 157 75
250 156 75
249 155 74
249 154 74
249 153 73
249 152 73
249 151 72
249 150 72
249 149 72
249 148 71
249 147 71
248 146 70
248 145 70
248 144 69
248 143 69
247 142 69
247 141 68
248 140 67
248 139 66
249 138 66
250 137 65
251 136 64
252 135 63
252 134 62
252 133 61
251 133 60
252 132 59
251 131 58
252 131 57
251 130 56
251 129 55
251 128 54
250 127 53
153
236 250 25
236 250 26
236 250 27
236 250 28
236 250 29
236 249 30
236 249 31
236 249 32
235 250 33
235 249 34
235 249 35
235 249 36
235 249 37
235 249 38
235 249 39
234 249 40
234 249 41
234 248 42
234 248 43
234 248 44
234 248 45
234 248 46
233 248 47
233 248 48
233 248 49
233 248 50
233 248 51
233 247 52
233 248 53
233 247 54
233 247 55
233 247 56
233 246 57
232 247 58
232 247 59
232 248 60
232 248 61
232 247 62
232 247 63
231 247 64
231 247 65
231 247 66
231 247 67
231 247 68
230 248 69
229 248 70
229 248 71
229 247 72
230 247 73
230 246 74
231 246 75
231 245 76
231 244 77
230 244 78
229 244 79
229 244 80
229 245 81
229 246 82
229 246 83
228 247 84
229 247 85
229 248 86
229 247 87
229 246 88
229 246 89
229 245 90
229 245 91
229 245 92
229 245 93
228 245 94
228 245 95
227 245 96
228 244 97
228 244 98
228 244 99
228 244 100
227 244 101
228 243 102
229 244 102
230 245 103
229 245 104
230 245 105
229 244 106
228 244 107
227 244 108
228 244 109
228 245 110
229 244 111
228 245 112
227 245 113
227 245 114
227 245 115
227 245 116
228 244 117
227 244 118
227 245 119
226 244 120
227 245 121
226 244 122
226 244 123
226 244 124
226 245 125
226 245 126
225 244 127
225 244 128
225 244 129
225 244 130
225 245 131
225 245 132
225 245 133
225 245 134
225 245 135
224 244 136
224 244 137
224 244 138
223 244 139
223 245 140
224 245 141
223 246 142
222 246 142
221 245 143
221 244 144
222 244 145
222 243 146
222 243 147
222 243 148
222 242 149
223 242 150
223 242 151
223 242 152
223 242 153
223 242 154
223 241 155
223 241 156
223 241 157
223 241 158
223 241 159
224 241 160
224 241 161
224 241 162
224 240 163
224 240 164
225 241 165
226 242 165
227 242 164
228 243 165
229 244 165
229 245 165
229 246 165
230 247 165
231 248 165
232 248 166
232 248 167
153
236 250 25
236 250 26
236 250 27
236 250 28
236 250 29
236 249 30
236 249 31
236 249 32
235 250 33
235 249 34
235 249 35
235 249 36
235 249 37
235 249 38
235 249 39
234 249 40
234 249 41
234 248 42
234 248 43
234 248 44
234 248 45
234 248 46
233 248 47
233 248 48
233 248 49
233 248 50
233 248 51
233 247 52
233 248 53
233 247 54
233 247 55
233 247 56
233 246 57
232 247 58
232 247 59
232 248 60
232 248 61
232 247 62
232 247 63
231 247 64
231 247 65
231 247 66
231 247 67
231 247 68
230 248 69
229 248 70
229 248 71
229 247 72
230 247 73
230 246 74
231 246 75
231 245 76
231 244 77
230 244 78
229 244 79
229 244 80
229 245 81
229 246 82
229 246 83
228 247 84
229 247 85
229 248 86
229 247 87
229 246 88
229 246 89
229 245 90
229 245 91
229 245 92
229 245 93
228 245 94
228 245 95
227 245 96
228 244 97
228 244 98
228 244 99
228 244 100
227 244 101
228 243 102
229 244 102
230 245 103
229 245 104
230 245 105
229 244 106
228 244 107
227 244 108
228 244 109
228 245 110
229 244 111
228 245 112
227 245 113
227 245 114
227 245 115
227 245 116
228 244 117
227 244 118
227 245 119
226 244 120
227 245 121
226 244 122
226 244 123
226 244 124
226 245 125
226 245 126
225 244 127
225 244 128
225 244 129
225 244 130
225 245 131
225 245 132
225 245 133
225 245 134
225 245 135
224 244 136
224 244 137
224 244 138
223 244 139
223 245 140
224 245 141
223 246 142
222 246 142
221 247 143
221 248 144
220 249 145
220 250 146
220 250 147
220 251 148
220 251 149
219 251 150
219 252 151
220 252 152
219 252 153
218 252 154
217 252 155
217 252 156
217 253 157
217 253 158
217 254 159
217 254 160
217 255 161
216 254 162
215 255 162
214 254 161
213 253 161
212 253 162
212 252 163
212 252 164
212 251 165
212 251 166
211 251 167
210 252 167
210 253 168
211 254 169
212 255 170
152
236 250 25
236 250 26
236 250 27
236 250 28
236 250 29
236 249 30
236 249 31
236 249 32
235 250 33
235 249 34
235 249 35
235 249 36
235 249 37
235 249 38
235 249 39
234 249 40
234 249 41
234 248 42
234 248 43
234 248 44
234 248 45
234 248 46
233 248 47
233 248 48
233 248 49
233 248 50
233 248 51
233 247 52
233 248 53
233 247 54
233 247 55
233 247 56
233 246 57
232 247 58
232 247 59
232 248 60
232 248 61
232 247 62
232 247 63
231 247 64
231 247 65
231 247 66
231 247 67
231 247 68
230 248 69
229 248 70
229 248 71
229 247 72
230 247 73
230 246 74
231 246 75
231 245 76
231 244 77
230 244 78
229 244 79
229 244 80
229 245 81
229 246 82
229 246 83
228 247 84
229 247 85
229 248 86
229 247 87
229 246 88
229 246 89
229 245 90
229 245 91
229 245 92
229 245 93
228 245 94
228 245 95
227 245 96
228 244 97
228 244 98
228 244 99
228 244 100
227 244 101
228 243 102
229 244 102
230 245 103
229 245 104
230 245 105
229 244 106
228 244 107
227 244 108
228 244 109
228 245 110
229 244 111
228 245 112
227 245 113
227 245 114
227 245 115
227 245 116
228 244 117
227 244 118
227 245 119
226 244 120
227 245 121
226 244 122
226 244 123
226 244 124
226 245 125
226 245 126
225 244 127
225 244 128
225 244 129
225 244 130
225 245 131
225 245 132
225 245 133
225 245 134
225 245 135
224 244 136
224 244 137
224 244 138
223 244 139
223 245 140
224 245 141
223 246 142
222 246 142
221 247 143
221 248 144
220 249 145
220 250 146
220 250 147
220 251 148
220 251 149
219 251 150
219 252 151
220 252 152
219 252 153
218 252 154
217 252 155
217 252 156
217 253 157
217 253 158
217 254 159
217 254 160
217 255 161
216 254 162
216 255 163
215 256 164
216 256 165
216 256 166
216 256 167
216 256 168
215 255 169
216 256 170
216 256 171
215 256 172
214 256 172
213 256 171
150
236 250 25
236 250 26
236 250 27
236 250 28
236 250 29
236 249 30
236 249 31
236 249 32
235 250 33
235 249 34
235 249 35
235 249 36
235 249 37
235 249 38
235 249 39
234 249 40
234 249 41
234 248 42
234 248 43
234 248 44
234 248 45
234 248 46
233 248 47
233 248 48
233 248 49
233 248 50
233 248 51
233 247 52
233 248 53
233 247 54
233 247 55
233 247 56
233 246 57
232 247 58
232 247 59
232 248 60
232 248 61
232 247 62
232 247 63
231 247 64
231 247 65
231 247 66
231 247 67
231 247 68
230 248 69
229 248 70
229 248 71
229 247 72
230 247 73
230 246 74
231 246 75
231 245 76
231 244 77
230 244 78
229 244 79
229 244 80
229 245 81
229 246 82
229 246 83
228 247 84
229 247 85
229 248 86
229 247 87
229 246 88
229 246 89
229 245 90
229 245 91
229 245 92
229 245 93
228 245 94
228 245 95
227 245 96
228 244 97
228 244 98
228 244 99
228 244 100
227 244 101
228 243 102
229 244 102
230 245 103
229 245 104
230 245 105
229 244 106
228 244 107
227 244 108
228 244 109
228 245 110
229 244 111
228 245 112
227 245 113
227 245 114
227 245 115
227 245 116
228 244 117
227 244 118
227 245 119
226 244 120
227 245 121
226 244 122
226 244 123
226 244 124
226 245 125
226 245 126
225 244 127
225 244 128
225 244 129
225 244 130
225 245 131
225 245 132
225 245 133
225 245 134
225 245 135
224 244 136
224 244 137
224 244 138
223 244 139
223 245 140
224 245 141
223 246 142
222 246 142
221 247 143
221 248 144
220 249 145
220 250 146
220 250 147
220 251 148
220 251 149
219 251 150
219 252 151
220 252 152
219 252 153
218 252 154
217 252 155
217 252 156
217 253 157
217 253 158
217 254 159
217 254 160
217 255 161
216 254 162
215 255 162
214 254 161
213 253 161
212 253 162
212 252 163
212 252 164
212 251 165
212 251 166
213 251 167
214 252 168
149
236 250 25
236 250 26
236 250 27
236 250 28
236 250 29
236 249 30
236 249 31
236 249 32
235 250 33
235 249 34
235 249 35
235 249 36
235 249 37
235 249 38
235 249 39
234 249 40
234 249 41
234 248 42
234 248 43
234 248 44
234 248 45
234 248 46
233 248 47
233 248 48
233 248 49
233 248 50
233 248 51
233 247 52
233 248 53
233 247 54
233 247 55
233 247 56
233 246 57
232 247 58
232 247 59
232 248 60
232 248 61
232 247 62
232 247 63
231 247 64
231 247 65
231 247 66
231 247 67
231 247 68
230 248 69
229 248 70
229 248 71
229 247 72
230 247 73
230 246 74
231 246 75
231 245 76
231 244 77
230 244 78
229 244 79
229 244 80
229 245 81
229 246 82
229 246 83
228 247 84
229 247 85
229 248 86
229 247 87
229 246 88
229 246 89
229 245 90
229 245 91
229 245 92
229 245 93
228 245 94
228 245 95
227 245 96
228 244 97
228 244 98
228 244 99
228 244 100
227 244 101
228 243 102
229 244 102
230 245 103
229 245 104
230 245 105
229 244 106
228 244 107
227 244 108
228 244 109
228 245 110
229 244 111
228 245 112
227 245 113
227 245 114
227 245 115
227 245 116
228 244 117
227 244 118
227 245 119
226 244 120
227 245 121
226 244 122
226 244 123
226 244 124
226 245 125
226 245 126
225 244 127
225 244 128
225 244 129
225 244 130
225 245 131
225 245 132
225 245 133
225 245 134
225 245 135
224 244 136
224 244 137
224 244 138
223 244 139
223 245 140
224 245 141
223 246 142
222 246 142
221 247 143
221 248 144
220 249 145
220 250 146
220 250 147
220 251 148
220 251 149
219 251 150
219 252 151
220 252 152
219 252 153
218 252 154
217 252 155
217 252 156
217 253 157
217 253 158
217 254 159
217 254 160
217 255 161
216 254 162
216 255 163
215 256 164
216 256 165
216 256 166
216 256 167
216 256 168
215 255 169
215 254 169
214 253 169
148
236 250 25
236 250 26
236 250 27
236 250 28
236 250 29
236 249 30
236 249 31
236 249 32
235 250 33
235 249 34
235 249 35
235 249 36
235 249 37
235 249 38
235 249 39
234 249 40
234 249 41
234 248 42
234 248 43
234 248 44
234 248 45
234 248 46
233 248 47
233 248 48
233 248 49
233 248 50
233 248 51
233 247 52
233 248 53
233 247 54
233 247 55
233 247 56
233 246 57
232 247 58
232 247 59
232 248 60
232 248 61
232 247 62
232 247 63
231 247 64
231 247 65
231 247 66
231 247 67
231 247 68
230 248 69
229 248 70
229 248 71
229 247 72
230 247 73
230 246 74
231 246 75
231 245 76
231 244 77
230 244 78
229 244 79
229 244 80
229 245 81
229 246 82
229 246 83
228 247 84
229 247 85
229 248 86
229 247 87
229 246 88
229 246 89
229 245 90
229 245 91
229 245 92
229 245 93
228 245 94
228 245 95
227 245 96
228 244 97
228 244 98
228 244 99
228 244 100
227 244 101
228 243 102
229 244 102
230 245 103
229 245 104
230 245 105
229 244 106
228 244 107
227 244 108
228 244 109
228 245 110
229 244 111
228 245 112
227 245 113
227 245 114
227 245 115
227 245 116
228 244 117
227 244 118
227 245 119
226 244 120
227 245 121
226 244 122
226 244 123
226 244 124
226 245 125
226 245 126
225 244 127
225 244 128
225 244 129
225 244 130
225 245 131
225 245 132
225 245 133
225 245 134
225 245 135
224 244 136
224 244 137
224 244 138
223 244 139
223 245 140
224 245 141
223 246 142
222 246 142
221 247 143
221 248 144
220 249 145
220 250 146
220 250 147
220 251 148
220 251 149
219 251 150
219 252 151
220 252 152
221 253 152
222 254 152
223 253 152
224 253 153
224 253 154
225 253 155
225 253 156
225 253 157
226 254 158
226 254 159
227 255 160
227 255 161
226 255 162
227 255 163
227 255 164
227 255 165
227 256 171
227 256 172
147
236 250 25
236 250 26
236 250 27
236 250 28
236 250 29
236 249 30
236 249 31
236 249 32
235 250 33
235 249 34
235 249 35
235 249 36
235 249 37
235 249 38
235 249 39
234 249 40
234 249 41
234 248 42
234 248 43
234 248 44
234 248 45
234 248 46
233 248 47
233 248 48
233 248 49
233 248 50
233 248 51
233 247 52
233 248 53
233 247 54
233 247 55
233 247 56
233 246 57
232 247 58
232 247 59
232 248 60
232 248 61
232 247 62
232 247 63
231 247 64
231 247 65
231 247 66
231 247 67
231 247 68
230 248 69
229 248 70
229 248 71
229 247 72
230 247 73
230 246 74
231 246 75
231 245 76
231 244 77
230 244 78
229 244 79
229 244 80
229 245 81
229 246 82
229 246 83
228 247 84
229 247 85
229 248 86
229 247 87
229 246 88
229 246 89
229 245 90
229 245 91
229 245 92
229 245 93
228 245 94
228 245 95
227 245 96
228 244 97
228 244 98
228 244 99
228 244 100
227 244 101
228 243 102
229 244 102
230 245 103
229 245 104
230 245 105
229 244 106
228 244 107
227 244 108
228 244 109
228 245 110
229 244 111
228 245 112
227 245 113
227 245 114
227 245 115
227 245 116
228 244 117
227 244 118
227 245 119
226 244 120
227 245 121
226 244 122
226 244 123
226 244 124
226 245 125
226 245 126
225 244 127
225 244 128
225 244 129
225 244 130
225 245 131
225 245 132
225 245 133
225 245 134
225 245 135
224 244 136
224 244 137
224 244 138
223 244 139
223 245 140
224 245 141
223 246 142
222 246 142
221 247 143
221 248 144
220 249 145
220 250 146
220 250 147
220 251 148
220 251 149
219 251 150
219 252 151
220 252 152
221 253 152
222 254 152
223 253 152
224 253 153
224 253 154
225 253 155
225 253 156
225 253 157
226 254 158
226 254 159
227 255 160
227 255 161
226 255 162
227 255 163
227 255 164
227 255 165
227 256 171
146
236 250 25
236 250 26
236 250 27
236 250 28
236 250 29
236 249 30
236 249 31
236 249 32
235 250 33
235 249 34
235 249 35
235 249 36
235 249 37
235 249 38
235 249 39
234 249 40
234 249 41
234 248 42
234 248 43
234 248 44
234 248 45
234 248 46
233 248 47
233 248 48
233 248 49
233 248 50
233 248 51
233 247 52
233 248 53
233 247 54
233 247 55
233 247 56
233 246 57
232 247 58
232 247 59
232 248 60
232 248 61
232 247 62
232 247 63
231 247 64
231 247 65
231 247 66
231 247 67
231 247 68
230 248 69
229 248 70
229 248 71
229 247 72
230 247 73
230 246 74
231 246 75
231 245 76
231 244 77
230 244 78
229 244 79
229 244 80
229 245 81
229 246 82
229 246 83
228 247 84
229 247 85
229 248 86
229 247 87
229 246 88
229 246 89
229 245 90
229 245 91
229 245 92
229 245 93
228 245 94
228 245 95
227 245 96
228 244 97
228 244 98
228 244 99
228 244 100
227 244 101
228 243 102
229 244 102
230 245 103
229 245 104
230 245 105
229 244 106
228 244 107
227 244 108
228 244 109
228 245 110
229 244 111
228 245 112
227 245 113
227 245 114
227 245 115
227 245 116
228 244 117
227 244 118
227 245 119
226 244 120
227 245 121
226 244 122
226 244 123
226 244 124
226 245 125
226 245 126
225 244 127
225 244 128
225 244 129
225 244 130
225 245 131
225 245 132
225 245 133
225 245 134
225 245 135
224 244 136
224 244 137
224 244 138
223 244 139
223 245 140
224 245 141
223 246 142
222 246 142
221 247 143
221 248 144
220 249 145
220 250 146
220 250 147
220 251 148
220 251 149
219 251 150
219 252 151
220 252 152
221 253 152
222 254 152
223 253 152
224 253 153
224 253 154
225 253 155
225 253 156
225 253 157
226 254 158
226 254 159
227 255 160
227 255 161
226 255 162
227 255 163
227 255 164
227 255 165
143
236 250 25
236 250 26
236 250 27
236 250 28
236 250 29
236 249 30
236 249 31
236 249 32
235 250 33
235 249 34
235 249 35
235 249 36
235 249 37
235 249 38
235 249 39
234 249 40
234 249 41
234 248 42
234 248 43
234 248 44
234 248 45
234 248 46
233 248 47
233 248 48
233 248 49
233 248 50
233 248 51
233 247 52
233 248 53
233 247 54
233 247 55
233 247 56
233 246 57
233 245 57
232 244 58
233 243 58
234 242 58
235 241 58
235 240 59
234 239 59
234 238 60
235 237 61
234 236 62
235 235 62
235 234 63
235 233 64
235 232 65
236 231 66
236 230 66
235 229 66
236 228 67
236 227 67
237 226 68
237 225 68
238 224 69
237 223 69
238 222 70
239 221 70
240 220 71
239 219 72
240 218 72
239 217 72
239 216 72
239 215 73
238 214 73
239 213 74
239 212 74
240 211 75
240 210 75
240 209 75
241 208 75
241 207 76
241 206 76
241 205 76
241 204 76
241 203 77
241 202 77
241 201 77
242 200 78
242 199 78
242 198 78
242 197 78
242 196 78
243 195 79
243 194 79
244 193 79
245 192 79
245 191 79
245 190 79
246 189 79
245 188 79
245 187 79
246 186 79
246 185 79
245 184 79
245 183 79
245 182 79
246 181 79
247 180 79
247 179 80
247 178 80
247 177 80
247 176 79
247 175 79
247 174 79
247 173 79
247 172 79
247 171 79
247 170 79
247 169 79
247 168 78
247 167 78
247 166 78
247 165 77
248 164 77
248 163 77
248 162 76
248 161 76
249 160 76
249 159 76
250 158 75
250 157 75
250 156 75
249 155 74
249 154 74
249 153 73
249 152 73
249 151 72
249 150 72
249 149 72
249 148 71
249 147 71
248 146 70
248 145 70
248 144 69
248 143 69
247 142 69
247 141 68
248 140 67
248 139 66
249 138 66
250 137 65
251 138 65
142
236 250 25
236 250 26
236 250 27
236 250 28
236 250 29
236 249 30
236 249 31
236 249 32
235 250 33
235 249 34
235 249 35
235 249 36
235 249 37
235 249 38
235 249 39
234 249 40
234 249 41
234 248 42
234 248 43
234 248 44
234 248 45
234 248 46
233 248 47
233 248 48
233 248 49
233 248 50
233 248 51
233 247 52
233 248 53
233 247 54
233 247 55
233 247 56
233 246 57
233 245 57
232 244 58
233 243 58
234 242 58
235 241 58
235 240 59
234 239 59
234 238 60
235 237 61
234 236 62
235 235 62
235 234 63
235 233 64
235 232 65
236 231 66
236 230 66
235 229 66
236 228 67
236 227 67
237 226 68
237 225 68
238 224 69
237 223 69
238 222 70
239 221 70
240 220 71
239 219 72
240 218 72
239 217 72
239 216 72
239 215 73
238 214 73
239 213 74
239 212 74
240 211 75
240 210 75
240 209 75
241 208 75
241 207 76
241 206 76
241 205 76
241 204 76
241 203 77
241 202 77
241 201 77
242 200 78
242 199 78
242 198 78
242 197 78
242 196 78
243 195 79
243 194 79
244 193 79
245 192 79
245 191 79
245 190 79
246 189 79
245 188 79
245 187 79
246 186 79
246 185 79
245 184 79
245 183 79
245 182 79
246 181 79
247 180 79
247 179 80
247 178 80
247 177 80
247 176 79
247 175 79
247 174 79
247 173 79
247 172 79
247 171 79
247 170 79
247 169 79
247 168 78
247 167 78
247 166 78
247 165 77
248 164 77
248 163 77
248 162 76
248 161 76
249 160 76
249 159 76
250 158 75
250 157 75
250 156 75
249 155 74
249 154 74
249 153 73
249 152 73
249 151 72
249 150 72
249 149 72
249 148 71
249 147 71
248 146 70
248 145 70
248 144 69
248 143 69
247 142 69
247 141 68
248 140 67
249 141 67
250 141 67
251 140 66
130
236 250 25
236 250 26
236 250 27
236 250 28
236 250 29
236 249 30
236 249 31
236 249 32
235 250 33
235 249 34
235 249 35
235 249 36
235 249 37
235 249 38
235 249 39
234 249 40
234 249 41
234 248 42
234 248 43
234 248 44
234 248 45
234 248 46
233 248 47
233 248 48
233 248 49
233 248 50
233 248 51
233 247 52
233 248 53
233 247 54
233 247 55
233 247 56
233 246 57
232 247 58
232 247 59
232 248 60
232 248 61
232 247 62
232 247 63
231 247 64
231 247 65
231 247 66
231 247 67
231 247 68
230 248 69
229 248 70
229 248 71
229 247 72
230 247 73
230 246 74
231 246 75
231 245 76
231 244 77
230 244 78
229 244 79
229 244 80
229 245 81
229 246 82
229 246 83
228 247 84
229 247 85
229 248 86
228 249 87
227 249 87
226 250 87
225 250 88
224 250 89
223 250 90
223 251 91
223 252 92
222 251 93
221 251 94
221 251 95
221 252 96
221 253 97
220 254 98
220 255 99
219 256 100
218 257 101
217 257 102
217 258 103
216 259 104
215 259 105
215 260 106
215 261 107
215 262 108
214 262 109
214 263 110
214 264 111
213 265 112
212 266 113
211 267 114
210 268 115
209 269 116
209 270 117
208 271 118
208 272 118
207 273 119
207 274 120
207 275 120
207 276 121
206 277 122
205 278 123
204 279 123
203 280 124
202 281 125
202 282 126
202 283 127
201 284 127
200 285 128
200 286 129
200 287 129
199 288 130
198 289 130
197 290 131
196 291 131
195 292 132
195 293 132
195 294 132
194 295 133
193 296 134
192 297 134
191 297 134
190 298 135
189 298 135
188 298 136
187 298 137
186 299 138
186 299 139
185 299 140
129
236 250 25
236 250 26
236 250 27
236 250 28
236 250 29
236 249 30
236 249 31
236 249 32
235 250 33
235 249 34
235 249 35
235 249 36
235 249 37
235 249 38
235 249 39
234 249 40
234 249 41
234 248 42
234 248 43
234 248 44
234 248 45
234 248 46
233 248 47
233 248 48
233 248 49
233 248 50
233 248 51
233 247 52
233 248 53
233 247 54
233 247 55
233 247 56
233 246 57
232 247 58
232 247 59
232 248 60
232 248 61
232 247 62
232 247 63
231 247 64
231 247 65
231 247 66
231 247 67
231 247 68
230 248 69
229 248 70
229 248 71
229 247 72
230 247 73
230 246 74
231 246 75
231 245 76
231 244 77
230 244 78
229 244 79
229 244 80
229 245 81
229 246 82
229 246 83
228 247 84
229 247 85
229 248 86
228 249 87
227 249 87
226 250 87
225 250 88
224 250 89
223 250 90
223 251 91
223 252 92
222 251 93
221 251 94
221 251 95
221 252 96
221 253 97
220 254 98
220 255 99
219 256 100
218 257 101
217 257 102
217 258 103
216 259 104
215 259 105
215 260 106
215 261 107
215 262 108
214 262 109
214 263 110
214 264 111
213 265 112
212 266 113
211 267 114
210 268 115
209 269 116
209 270 117
208 271 118
208 272 118
207 273 119
207 274 120
207 275 120
207 276 121
206 277 122
205 278 123
204 279 123
203 280 124
202 281 125
202 282 126
202 283 127
201 284 127
200 285 128
200 286 129
200 287 129
199 288 130
198 289 130
197 290 131
196 291 131
195 292 132
195 293 132
195 294 132
194 295 133
193 296 134
192 297 134
192 298 134
192 299 135
191 300 135
190 301 136
189 302 136
188 302 137
187 301 137
112
236 250 25
236 250 26
236 250 27
236 250 28
236 250 29
236 249 30
236 249 31
236 249 32
235 250 33
235 249 34
235 249 35
235 249 36
235 249 37
235 249 38
235 249 39
234 249 40
234 249 41
234 248 42
234 248 43
234 248 44
234 248 45
234 248 46
233 248 47
233 248 48
233 248 49
233 248 50
233 248 51
233 247 52
233 248 53
233 247 54
233 247 55
233 247 56
233 246 57
232 247 58
232 247 59
232 248 60
232 248 61
232 247 62
232 247 63
231 247 64
231 247 65
231 247 66
231 247 67
231 247 68
230 248 69
229 248 70
229 248 71
229 247 72
230 247 73
230 246 74
231 246 75
231 245 76
231 244 77
230 243 76
231 242 77
231 241 77
232 240 78
232 239 79
231 238 80
232 238 81
232 237 82
232 236 83
232 235 84
233 234 85
233 233 86
233 232 87
233 232 88
233 231 89
233 230 90
234 229 91
235 228 92
235 227 93
235 226 94
235 225 95
235 224 96
236 224 97
236 223 98
237 222 99
237 221 100
238 220 101
237 219 101
238 218 101
238 217 102
238 216 102
239 215 103
239 214 103
239 213 104
239 212 104
240 211 104
240 210 105
240 209 105
240 208 106
240 207 106
241 206 107
241 205 108
241 204 108
241 203 109
242 202 109
242 201 110
243 200 110
243 199 111
244 198 111
244 197 111
244 196 112
245 195 113
245 194 113
246 193 113
247 192 114
248 193 114
249 194 113
250 194 113
251 195 113
106
236 250 25
236 250 26
236 250 27
236 250 28
236 250 29
236 249 30
236 249 31
236 249 32
235 250 33
235 249 34
235 249 35
235 249 36
235 249 37
235 249 38
235 249 39
234 249 40
234 249 41
234 248 42
234 248 43
234 248 44
234 248 45
234 248 46
233 248 47
233 248 48
233 248 49
233 248 50
233 248 51
233 247 52
233 248 53
233 247 54
233 247 55
233 247 56
233 246 57
232 247 58
232 247 59
232 248 60
232 248 61
232 247 62
232 247 63
231 247 64
231 247 65
231 247 66
231 247 67
231 247 68
230 248 69
229 248 70
229 248 71
229 247 72
230 247 73
230 246 74
231 246 75
231 245 76
231 244 77
230 243 76
231 242 77
231 241 77
232 240 78
232 239 79
231 238 80
232 238 81
232 237 82
232 236 83
232 235 84
233 234 85
233 233 86
233 232 87
233 232 88
233 231 89
233 230 90
234 229 91
235 228 92
235 227 93
235 226 94
235 225 95
235 224 96
236 224 97
236 223 98
237 222 99
237 221 100
238 220 101
237 219 101
238 218 101
238 217 102
238 216 102
239 215 103
239 214 103
239 213 104
239 212 104
240 211 104
240 210 105
240 209 105
240 208 106
240 207 106
241 206 107
241 205 108
241 204 108
241 203 109
242 202 109
242 201 110
243 200 110
243 199 111
244 198 111
245 198 111
246 198 111
247 199 111
248 200 112
105
236 250 25
236 250 26
236 250 27
236 250 28
236 250 29
236 249 30
236 249 31
236 249 32
235 250 33
235 249 34
235 249 35
235 249 36
235 249 37
235 249 38
235 249 39
234 249 40
234 249 41
234 248 42
234 248 43
234 248 44
234 248 45
234 248 46
233 248 47
233 248 48
233 248 49
233 248 50
233 248 51
233 247 52
233 248 53
233 247 54
233 247 55
233 247 56
233 246 57
232 247 58
232 247 59
232 248 60
232 248 61
232 247 62
232 247 63
231 247 64
231 247 65
231 247 66
231 247 67
231 247 68
230 248 69
229 248 70
229 248 71
229 247 72
230 247 73
230 246 74
231 246 75
231 245 76
231 244 77
230 243 76
231 242 77
231 241 77
232 240 78
232 239 79
231 238 80
232 238 81
232 237 82
232 236 83
232 235 84
233 234 85
233 233 86
233 232 87
233 232 88
233 231 89
233 230 90
234 229 91
235 228 92
235 227 93
235 226 94
235 225 95
235 224 96
236 224 97
236 223 98
237 222 99
237 221 100
238 220 101
237 219 101
238 218 101
238 217 102
238 216 102
239 215 103
239 214 103
239 213 104
239 212 104
240 211 104
240 210 105
240 209 105
240 208 106
240 207 106
241 206 107
241 205 108
241 204 108
241 203 109
242 202 109
242 201 110
243 200 110
244 200 110
245 200 110
246 200 109
247 201 110
248 201 111
103
236 250 25
236 250 26
236 250 27
236 250 28
236 250 29
236 249 30
236 249 31
236 249 32
235 250 33
235 249 34
235 249 35
235 249 36
235 249 37
235 249 38
235 249 39
234 249 40
234 249 41
234 248 42
234 248 43
234 248 44
234 248 45
234 248 46
233 248 47
233 248 48
233 248 49
233 248 50
233 248 51
233 247 52
233 248 53
233 247 54
233 247 55
233 247 56
233 246 57
232 247 58
232 247 59
232 248 60
232 248 61
232 247 62
232 247 63
231 247 64
231 247 65
231 247 66
231 247 67
231 247 68
230 248 69
229 248 70
229 248 71
229 247 72
230 247 73
230 246 74
231 246 75
231 245 76
231 244 77
230 244 78
229 244 79
229 244 80
229 245 81
229 246 82
229 246 83
228 247 84
229 247 85
229 248 86
228 249 87
227 249 87
226 250 87
225 250 88
224 250 89
223 250 90
223 251 91
223 252 92
222 251 93
221 251 94
221 251 95
221 252 96
221 253 97
220 254 98
220 255 99
219 256 100
218 257 101
217 257 102
217 258 103
216 259 104
215 259 105
215 260 106
215 261 107
215 262 108
214 262 109
214 263 110
214 264 111
213 265 112
212 266 113
211 267 114
210 268 115
209 269 116
209 270 117
208 271 118
208 272 118
207 273 119
207 274 120
207 275 120
207 276 121
206 277 122
196 277 122
96
236 250 25
236 250 26
236 250 27
236 250 28
236 250 29
236 249 30
236 249 31
236 249 32
235 250 33
235 249 34
235 249 35
235 249 36
235 249 37
235 249 38
235 249 39
234 249 40
234 249 41
234 248 42
234 248 43
234 248 44
234 248 45
234 248 46
233 248 47
233 248 48
233 248 49
233 248 50
233 248 51
233 247 52
233 248 53
233 247 54
233 247 55
233 247 56
233 246 57
232 247 58
232 247 59
232 248 60
232 248 61
232 247 62
232 247 63
231 247 64
231 247 65
231 247 66
231 247 67
231 247 68
230 248 69
229 248 70
229 248 71
229 247 72
230 247 73
230 246 74
231 246 75
231 245 76
231 244 77
230 244 78
229 244 79
229 244 80
229 245 81
229 246 82
229 246 83
228 247 84
229 247 85
229 248 86
229 247 87
229 246 88
229 246 89
229 245 90
229 245 91
229 245 92
229 245 93
228 245 94
228 245 95
227 245 96
228 244 97
228 244 98
228 244 99
228 244 100
227 244 101
226 243 101
225 243 101
224 243 102
223 243 103
222 242 104
222 242 105
221 241 106
221 241 107
220 240 108
220 240 109
220 239 110
219 239 111
218 238 112
217 238 113
217 238 114
216 237 115
215 237 116
214 236 117
213 235 118
94
236 250 25
236 250 26
236 250 27
236 250 28
236 250 29
236 249 30
236 249 31
236 249 32
235 250 33
235 249 34
235 249 35
235 249 36
235 249 37
235 249 38
235 249 39
234 249 40
234 249 41
234 248 42
234 248 43
234 248 44
234 248 45
234 248 46
233 248 47
233 248 48
233 248 49
233 248 50
233 248 51
233 247 52
233 248 53
233 247 54
233 247 55
233 247 56
233 246 57
232 247 58
232 247 59
232 248 60
232 248 61
232 247 62
232 247 63
231 247 64
231 247 65
231 247 66
231 247 67
231 247 68
230 248 69
229 248 70
229 248 71
229 247 72
230 247 73
230 246 74
231 246 75
231 245 76
231 244 77
230 244 78
229 244 79
229 244 80
229 245 81
229 246 82
229 246 83
228 247 84
229 247 85
229 248 86
229 247 87
229 246 88
229 246 89
229 245 90
229 245 91
229 245 92
229 245 93
228 245 94
228 245 95
227 245 96
228 244 97
228 244 98
228 244 99
228 244 100
227 244 101
228 243 102
229 244 102
230 245 103
229 245 104
230 245 105
229 244 106
228 244 107
227 244 108
228 244 109
228 245 110
229 244 111
230 243 112
230 242 113
230 241 114
230 242 115
229 243 116
230 242 117
94
236 250 25
236 250 26
236 250 27
236 250 28
236 250 29
236 249 30
236 249 31
236 249 32
235 250 33
235 249 34
235 249 35
235 249 36
235 249 37
235 249 38
235 249 39
234 249 40
234 249 41
234 248 42
234 248 43
234 248 44
234 248 45
234 248 46
233 248 47
233 248 48
233 248 49
233 248 50
233 248 51
233 247 52
233 248 53
233 247 54
233 247 55
233 247 56
233 246 57
232 247 58
232 247 59
232 248 60
232 248 61
232 247 62
232 247 63
231 247 64
231 247 65
231 247 66
231 247 67
231 247 68
230 248 69
229 248 70
229 248 71
229 247 72
230 247 73
230 246 74
231 246 75
231 245 76
231 244 77
230 244 78
229 244 79
229 244 80
229 245 81
229 246 82
229 246 83
228 247 84
229 247 85
229 248 86
229 247 87
229 246 88
229 246 89
229 245 90
229 245 91
229 245 92
229 245 93
228 245 94
228 245 95
227 245 96
228 244 97
228 244 98
228 244 99
228 244 100
227 244 101
228 243 102
229 242 101
229 241 102
229 240 103
230 239 104
231 239 105
230 238 106
229 237 107
230 237 108
229 236 109
229 235 110
228 235 111
227 234 112
227 233 113
226 232 114
226 232 115
227 231 116
90
236 250 25
236 250 26
236 250 27
236 250 28
236 250 29
236 249 30
236 249 31
236 249 32
235 250 33
235 249 34
235 249 35
235 249 36
235 249 37
235 249 38
235 249 39
234 249 40
234 249 41
234 248 42
234 248 43
234 248 44
234 248 45
234 248 46
233 248 47
233 248 48
233 248 49
233 248 50
233 248 51
233 247 52
233 248 53
233 247 54
233 247 55
233 247 56
233 246 57
232 247 58
232 247 59
232 248 60
232 248 61
232 247 62
232 247 63
231 247 64
231 247 65
231 247 66
231 247 67
231 247 68
230 248 69
229 248 70
229 248 71
229 247 72
230 247 73
230 246 74
231 246 75
231 245 76
231 244 77
230 244 78
229 244 79
229 244 80
229 245 81
229 246 82
229 246 83
228 247 84
229 247 85
229 248 86
229 247 87
229 246 88
229 246 89
229 245 90
229 245 91
229 245 92
229 245 93
228 245 94
228 245 95
227 245 96
228 244 97
228 244 98
228 244 99
228 244 100
227 244 101
228 243 102
229 244 102
230 245 103
229 245 104
230 245 105
229 244 106
228 244 107
227 244 108
228 244 109
228 245 110
222 245 110
221 244 111
221 244 112
88
236 250 25
236 250 26
236 250 27
236 250 28
236 250 29
236 249 30
236 249 31
236 249 32
235 250 33
235 249 34
235 249 35
235 249 36
235 249 37
235 249 38
235 249 39
234 249 40
234 249 41
234 248 42
234 248 43
234 248 44
234 248 45
234 248 46
233 248 47
233 248 48
233 248 49
233 248 50
233 248 51
233 247 52
233 248 53
233 247 54
233 247 55
233 247 56
233 246 57
232 247 58
232 247 59
232 248 60
232 248 61
232 247 62
232 247 63
231 247 64
231 247 65
231 247 66
231 247 67
231 247 68
230 248 69
229 248 70
229 248 71
229 247 72
230 247 73
230 246 74
231 246 75
231 245 76
231 244 77
230 244 78
229 244 79
229 244 80
229 245 81
229 246 82
229 246 83
228 247 84
229 247 85
229 248 86
229 247 87
229 246 88
229 246 89
229 245 90
229 245 91
229 245 92
229 245 93
228 245 94
228 245 95
227 245 96
228 244 97
228 244 98
228 244 99
228 244 100
227 244 101
228 243 102
229 244 102
230 245 103
231 244 102
232 245 102
233 245 102
234 244 103
235 244 104
235 245 105
236 245 106
236 244 107
88
236 250 25
236 250 26
236 250 27
236 250 28
236 250 29
236 249 30
236 249 31
236 249 32
235 250 33
235 249 34
235 249 35
235 249 36
235 249 37
235 249 38
235 249 39
234 249 40
234 249 41
234 248 42
234 248 43
234 248 44
234 248 45
234 248 46
233 248 47
233 248 48
233 248 49
233 248 50
233 248 51
233 247 52
233 248 53
233 247 54
233 247 55
233 247 56
233 246 57
232 247 58
232 247 59
232 248 60
232 248 61
232 247 62
232 247 63
231 247 64
231 247 65
231 247 66
231 247 67
231 247 68
230 248 69
229 248 70
229 248 71
229 247 72
230 247 73
230 246 74
231 246 75
231 245 76
231 244 77
230 244 78
229 244 79
229 244 80
229 245 81
229 246 82
229 246 83
228 247 84
229 247 85
229 248 86
229 247 87
229 246 88
229 246 89
229 245 90
229 245 91
229 245 92
229 245 93
228 245 94
228 245 95
227 245 96
228 244 97
228 244 98
228 244 99
228 244 100
227 244 101
228 243 102
229 244 102
230 245 103
229 245 104
230 245 105
229 244 106
228 244 107
227 244 108
228 244 109
228 245 110
222 245 110
84
236 250 25
236 250 26
236 250 27
236 250 28
236 250 29
236 249 30
236 249 31
236 249 32
235 250 33
235 249 34
235 249 35
235 249 36
235 249 37
235 249 38
235 249 39
234 249 40
234 249 41
234 248 42
234 248 43
234 248 44
234 248 45
234 248 46
233 248 47
233 248 48
233 248 49
233 248 50
233 248 51
233 247 52
233 248 53
233 247 54
233 247 55
233 247 56
233 246 57
232 247 58
232 247 59
232 248 60
232 248 61
232 247 62
232 247 63
231 247 64
231 247 65
231 247 66
231 247 67
231 247 68
230 248 69
229 248 70
229 248 71
229 247 72
230 247 73
230 246 74
231 246 75
231 245 76
231 244 77
230 244 78
229 244 79
229 244 80
229 245 81
229 246 82
229 246 83
228 247 84
229 247 85
229 248 86
229 247 87
229 246 88
229 246 89
229 245 90
229 245 91
229 245 92
229 245 93
228 245 94
228 245 95
227 245 96
228 244 97
228 244 98
228 244 99
228 244 100
227 244 101
228 243 102
228 243 103
227 242 104
227 242 105
227 241 106
226 240 107
225 239 111
83
236 250 25
236 250 26
236 250 27
236 250 28
236 250 29
236 249 30
236 249 31
236 249 32
235 250 33
235 249 34
235 249 35
235 249 36
235 249 37
235 249 38
235 249 39
234 249 40
234 249 41
234 248 42
234 248 43
234 248 44
234 248 45
234 248 46
233 248 47
233 248 48
233 248 49
233 248 50
233 248 51
233 247 52
233 248 53
233 247 54
233 247 55
233 247 56
233 246 57
232 247 58
232 247 59
232 248 60
232 248 61
232 247 62
232 247 63
231 247 64
231 247 65
231 247 66
231 247 67
231 247 68
230 248 69
229 248 70
229 248 71
229 247 72
230 247 73
230 246 74
231 246 75
231 245 76
231 244 77
230 244 78
229 244 79
229 244 80
229 245 81
229 246 82
229 246 83
228 247 84
229 247 85
229 248 86
228 249 87
227 249 87
226 250 87
225 250 88
224 250 89
223 250 90
223 251 91
223 252 92
222 251 93
221 251 94
221 251 95
221 252 96
221 253 97
220 254 98
219 254 99
218 254 99
217 254 99
216 254 100
215 253 99
214 252 100
213 252 101
83
236 250 25
236 250 26
236 250 27
236 250 28
236 250 29
236 249 30
236 249 31
236 249 32
235 250 33
235 249 34
235 249 35
235 249 36
235 249 37
235 249 38
235 249 39
234 249 40
234 249 41
234 248 42
234 248 43
234 248 44
234 248 45
234 248 46
233 248 47
233 248 48
233 248 49
233 248 50
233 248 51
233 247 52
233 248 53
233 247 54
233 247 55
233 247 56
233 246 57
232 247 58
232 247 59
232 248 60
232 248 61
232 247 62
232 247 63
231 247 64
231 247 65
231 247 66
231 247 67
231 247 68
230 248 69
229 248 70
229 248 71
229 247 72
230 247 73
230 246 74
231 246 75
231 245 76
231 244 77
230 244 78
229 244 79
229 244 80
229 245 81
229 246 82
229 246 83
228 247 84
229 247 85
229 248 86
229 247 87
229 246 88
229 246 89
229 245 90
229 245 91
229 245 92
229 245 93
228 245 94
228 245 95
227 245 96
228 244 97
228 244 98
228 244 99
228 244 100
227 244 101
228 243 102
228 243 103
227 242 104
227 242 105
227 241 106
226 240 107
75
236 250 25
236 250 26
236 250 27
236 250 28
236 250 29
236 249 30
236 249 31
236 249 32
235 250 33
235 249 34
235 249 35
235 249 36
235 249 37
235 249 38
235 249 39
234 249 40
234 249 41
234 248 42
234 248 43
234 248 44
234 248 45
234 248 46
233 248 47
233 248 48
233 248 49
233 248 50
233 248 51
233 247 52
233 248 53
233 247 54
233 247 55
233 247 56
233 246 57
232 247 58
232 247 59
232 248 60
232 248 61
232 247 62
232 247 63
231 247 64
231 247 65
231 247 66
231 247 67
231 247 68
230 248 69
229 248 70
228 249 71
227 249 72
226 250 71
225 250 72
224 251 73
223 251 74
222 251 75
221 252 76
220 253 77
219 254 78
218 255 79
217 255 80
217 256 81
216 257 82
215 257 83
214 258 84
214 259 85
213 259 86
212 260 87
211 261 88
210 262 89
209 263 90
208 263 90
207 264 90
206 265 91
205 266 92
204 265 92
203 265 91
202 264 92
71
236 250 25
236 250 26
236 250 27
236 250 28
236 250 29
236 249 30
236 249 31
236 249 32
235 250 33
235 249 34
235 249 35
235 249 36
235 249 37
235 249 38
235 249 39
234 249 40
234 249 41
234 248 42
234 248 43
234 248 44
234 248 45
234 248 46
233 248 47
233 248 48
233 248 49
233 248 50
233 248 51
233 247 52
233 248 53
233 247 54
233 247 55
233 247 56
233 246 57
232 247 58
232 247 59
232 248 60
232 248 61
232 247 62
232 247 63
231 247 64
231 247 65
231 247 66
231 247 67
231 247 68
230 248 69
229 248 70
229 248 71
229 247 72
230 247 73
230 246 74
231 246 75
231 245 76
231 244 77
230 244 78
229 244 79
229 244 80
229 245 81
229 246 82
229 246 83
228 247 84
229 247 85
229 248 86
229 249 87
230 250 88
230 250 89
229 250 90
230 251 91
230 252 92
230 252 93
230 252 94
230 252 95
69
236 250 25
236 250 26
236 250 27
236 250 28
236 250 29
236 249 30
236 249 31
236 249 32
235 250 33
235 249 34
235 249 35
235 249 36
235 249 37
235 249 38
235 249 39
234 249 40
234 249 41
234 248 42
234 248 43
234 248 44
234 248 45
234 248 46
233 248 47
233 248 48
233 248 49
233 248 50
233 248 51
233 247 52
233 248 53
233 247 54
233 247 55
233 247 56
233 246 57
232 247 58
232 247 59
232 248 60
232 248 61
232 247 62
232 247 63
231 247 64
231 247 65
231 247 66
231 247 67
231 247 68
230 248 69
229 248 70
229 248 71
229 247 72
230 247 73
230 246 74
231 246 75
231 245 76
231 244 77
230 244 78
229 244 79
228 243 80
228 243 81
227 242 82
227 242 83
226 241 84
225 242 84
224 241 85
223 241 86
222 240 87
221 240 88
220 239 89
219 238 90
219 238 91
214 239 91
69
236 250 25
236 250 26
236 250 27
236 250 28
236 250 29
236 249 30
236 249 31
236 249 32
235 250 33
235 249 34
235 249 35
235 249 36
235 249 37
235 249 38
235 249 39
234 249 40
234 249 41
234 248 42
234 248 43
234 248 44
234 248 45
234 248 46
233 248 47
233 248 48
233 248 49
233 248 50
233 248 51
233 247 52
233 248 53
233 247 54
233 247 55
233 247 56
233 246 57
233 245 57
232 244 58
233 243 58
234 242 58
235 241 58
235 240 59
234 239 59
234 238 60
235 237 61
234 236 62
235 235 62
235 234 63
235 233 64
235 232 65
236 231 66
236 230 66
235 229 66
236 228 67
236 227 67
237 226 68
237 225 68
238 224 69
237 223 69
238 222 70
239 221 70
240 220 71
239 219 72
240 218 72
239 217 72
239 216 72
240 215 73
241 215 74
242 215 74
243 214 75
243 213 75
242 212 75
68
236 250 25
236 250 26
236 250 27
236 250 28
236 250 29
236 249 30
236 249 31
236 249 32
235 250 33
235 249 34
235 249 35
235 249 36
235 249 37
235 249 38
235 249 39
234 249 40
234 249 41
234 248 42
234 248 43
234 248 44
234 248 45
234 248 46
233 248 47
233 248 48
233 248 49
233 248 50
233 248 51
233 247 52
233 248 53
233 247 54
233 247 55
233 247 56
233 246 57
232 247 58
232 247 59
232 248 60
232 248 61
232 247 62
232 247 63
231 247 64
231 247 65
231 247 66
231 247 67
231 247 68
230 248 69
229 248 70
229 248 71
229 247 72
230 247 73
230 246 74
231 246 75
231 245 76
231 244 77
230 244 78
229 244 79
229 244 80
229 245 81
229 246 82
229 246 83
228 247 84
229 247 85
229 248 86
228 249 87
227 249 87
226 250 87
225 250 88
226 251 89
227 252 90
68
236 250 25
236 250 26
236 250 27
236 250 28
236 250 29
236 249 30
236 249 31
236 249 32
235 250 33
235 249 34
235 249 35
235 249 36
235 249 37
235 249 38
235 249 39
234 249 40
234 249 41
234 248 42
234 248 43
234 248 44
234 248 45
234 248 46
233 248 47
233 248 48
233 248 49
233 248 50
233 248 51
233 247 52
233 248 53
233 247 54
233 247 55
233 247 56
233 246 57
232 247 58
232 247 59
232 248 60
232 248 61
232 247 62
232 247 63
231 247 64
231 247 65
231 247 66
231 247 67
231 247 68
230 248 69
229 248 70
229 248 71
229 247 72
230 247 73
230 246 74
231 246 75
231 245 76
231 244 77
230 244 78
229 244 79
228 243 80
228 243 81
227 242 82
227 242 83
226 241 84
225 242 84
224 241 85
223 241 86
222 240 87
221 240 88
220 239 89
219 238 90
219 238 91
67
236 250 25
236 250 26
236 250 27
236 250 28
236 250 29
236 249 30
236 249 31
236 249 32
235 250 33
235 249 34
235 249 35
235 249 36
235 249 37
235 249 38
235 249 39
234 249 40
234 249 41
234 248 42
234 248 43
234 248 44
234 248 45
234 248 46
233 248 47
233 248 48
233 248 49
233 248 50
233 248 51
233 247 52
233 248 53
233 247 54
233 247 55
233 247 56
233 246 57
232 247 58
232 247 59
232 248 60
232 248 61
232 247 62
232 247 63
231 247 64
231 247 65
231 247 66
231 247 67
231 247 68
230 248 69
229 248 70
229 248 71
229 247 72
230 247 73
230 246 74
231 246 75
231 245 76
231 244 77
230 244 78
229 244 79
229 244 80
229 245 81
229 246 82
229 246 83
228 247 84
229 247 85
229 248 86
229 249 87
230 250 88
230 250 89
229 250 90
228 251 91
65
236 250 25
236 250 26
236 250 27
236 250 28
236 250 29
236 249 30
236 249 31
236 249 32
235 250 33
235 249 34
235 249 35
235 249 36
235 249 37
235 249 38
235 249 39
234 249 40
234 249 41
234 248 42
234 248 43
234 248 44
234 248 45
234 248 46
233 248 47
233 248 48
233 248 49
233 248 50
233 248 51
233 247 52
233 248 53
233 247 54
233 247 55
233 247 56
233 246 57
232 247 58
232 247 59
232 248 60
232 248 61
232 247 62
232 247 63
231 247 64
231 247 65
231 247 66
231 247 67
231 247 68
230 248 69
229 248 70
229 248 71
229 247 72
230 247 73
230 246 74
231 246 75
231 245 76
231 244 77
230 244 78
230 243 79
231 244 80
232 245 81
233 244 82
234 244 83
235 245 84
235 245 85
235 244 86
235 243 87
236 244 88
236 244 89
61
236 250 25
236 250 26
236 250 27
236 250 28
236 250 29
236 249 30
236 249 31
236 249 32
235 250 33
235 249 34
235 249 35
235 249 36
235 249 37
235 249 38
235 249 39
234 249 40
234 249 41
234 248 42
234 248 43
234 248 44
234 248 45
234 248 46
233 248 47
233 248 48
233 248 49
233 248 50
233 248 51
233 247 52
233 248 53
233 247 54
233 247 55
233 247 56
233 246 57
233 245 57
232 244 58
233 243 58
234 242 58
235 241 58
235 240 59
234 239 59
234 238 60
235 237 61
234 236 62
235 235 62
235 234 63
235 233 64
235 232 65
236 231 66
236 230 66
235 229 66
236 228 67
236 227 67
237 226 68
237 225 68
238 224 69
237 223 69
238 222 70
239 221 70
240 220 71
239 219 72
234 218 73
61
236 250 25
236 250 26
236 250 27
236 250 28
236 250 29
236 249 30
236 249 31
236 249 32
235 250 33
235 249 34
235 249 35
235 249 36
235 249 37
235 249 38
235 249 39
234 249 40
234 249 41
234 248 42
234 248 43
234 248 44
234 248 45
234 248 46
233 248 47
233 248 48
233 248 49
233 248 50
233 248 51
233 247 52
233 248 53
233 247 54
233 247 55
233 247 56
233 246 57
232 247 58
232 247 59
232 248 60
232 248 61
232 247 62
232 247 63
231 247 64
231 247 65
231 247 66
231 247 67
231 247 68
230 248 69
229 248 70
228 249 71
227 248 71
227 247 72
227 247 73
226 246 74
225 245 75
225 244 76
224 244 77
224 243 78
223 243 79
222 242 80
222 242 81
221 242 82
220 243 83
216 239 83
60
236 250 25
236 250 26
236 250 27
236 250 28
236 250 29
236 249 30
236 249 31
236 249 32
235 250 33
235 249 34
235 249 35
235 249 36
235 249 37
235 249 38
235 249 39
234 249 40
234 249 41
234 248 42
234 248 43
234 248 44
234 248 45
234 248 46
233 248 47
233 248 48
233 248 49
233 248 50
233 248 51
233 247 52
233 248 53
233 247 54
233 247 55
233 247 56
233 246 57
232 247 58
232 247 59
232 248 60
232 248 61
232 247 62
232 247 63
231 247 64
231 247 65
231 247 66
231 247 67
231 247 68
230 248 69
229 248 70
228 249 71
227 248 71
227 247 72
227 247 73
226 246 74
225 245 75
225 244 76
224 244 77
224 243 78
223 243 79
222 242 80
222 242 81
221 242 82
220 243 83
56
236 250 25
236 250 26
236 250 27
236 250 28
236 250 29
236 249 30
236 249 31
236 249 32
235 250 33
235 249 34
235 249 35
235 249 36
235 249 37
235 249 38
235 249 39
234 249 40
234 249 41
234 248 42
234 248 43
234 248 44
234 248 45
234 248 46
233 248 47
233 248 48
233 248 49
233 248 50
233 248 51
233 247 52
233 248 53
233 247 54
233 247 55
233 247 56
233 246 57
232 247 58
232 247 59
232 248 60
232 248 61
232 247 62
232 247 63
231 247 64
231 247 65
231 247 66
231 247 67
231 247 68
230 248 69
229 248 70
228 249 71
227 248 71
227 247 72
227 247 73
226 246 74
225 245 75
225 244 76
226 243 76
227 242 75
228 242 75
55
236 250 25
236 250 26
236 250 27
236 250 28
236 250 29
236 249 30
236 249 31
236 249 32
235 250 33
235 249 34
235 249 35
235 249 36
235 249 37
235 249 38
235 249 39
234 249 40
234 249 41
234 248 42
234 248 43
234 248 44
234 248 45
234 248 46
233 248 47
233 248 48
233 248 49
233 248 50
233 248 51
233 247 52
233 248 53
233 247 54
233 247 55
233 247 56
233 246 57
232 247 58
232 247 59
232 248 60
232 248 61
232 247 62
232 247 63
231 247 64
231 247 65
231 247 66
231 247 67
231 247 68
230 248 69
229 248 70
229 248 71
229 247 72
230 247 73
230 246 74
231 246 75
231 245 76
231 244 77
230 243 76
229 242 75
54
236 250 25
236 250 26
236 250 27
236 250 28
236 250 29
236 249 30
236 249 31
236 249 32
235 250 33
235 249 34
235 249 35
235 249 36
235 249 37
235 249 38
235 249 39
234 249 40
234 249 41
234 248 42
234 248 43
234 248 44
234 248 45
234 248 46
233 248 47
233 248 48
233 248 49
233 248 50
233 248 51
233 247 52
233 248 53
233 247 54
233 247 55
233 247 56
233 246 57
233 245 57
232 244 58
233 243 58
234 242 58
235 241 58
235 240 59
234 239 59
234 238 60
235 237 61
234 236 62
235 235 62
235 234 63
235 233 64
235 232 65
236 231 66
236 230 66
235 229 66
236 228 67
236 227 67
237 226 68
238 227 68
53
236 250 25
236 250 26
236 250 27
236 250 28
236 250 29
236 249 30
236 249 31
236 249 32
235 250 33
235 249 34
235 249 35
235 249 36
235 249 37
235 249 38
235 249 39
234 249 40
234 249 41
234 248 42
234 248 43
234 248 44
234 248 45
234 248 46
233 248 47
233 248 48
233 248 49
233 248 50
233 248 51
233 247 52
233 248 53
233 247 54
233 247 55
233 247 56
233 246 57
233 245 57
232 244 58
233 243 58
234 242 58
235 241 58
235 240 59
234 239 59
234 238 60
235 237 61
234 236 62
235 235 62
235 234 63
235 233 64
235 232 65
236 231 66
237 230 66
238 230 67
239 230 67
240 229 68
239 228 68
51
236 250 25
236 250 26
236 250 27
236 250 28
236 250 29
236 249 30
236 249 31
236 249 32
235 250 33
235 249 34
235 249 35
235 249 36
235 249 37
235 249 38
235 249 39
234 249 40
234 249 41
234 248 42
234 248 43
234 248 44
234 248 45
234 248 46
233 248 47
233 248 48
233 248 49
233 248 50
233 248 51
233 247 52
233 248 53
233 247 54
233 247 55
233 247 56
233 246 57
232 247 58
232 247 59
232 248 60
232 248 61
232 247 62
232 247 63
231 247 64
231 247 65
231 247 66
231 247 67
231 247 68
230 248 69
229 248 70
228 249 71
228 250 72
229 250 73
229 250 74
229 251 75
37
236 250 25
236 250 26
236 250 27
236 250 28
236 250 29
236 249 30
236 249 31
236 249 32
235 250 33
235 249 34
235 249 35
235 249 36
235 249 37
235 249 38
235 249 39
234 249 40
234 249 41
234 248 42
234 248 43
234 248 44
234 248 45
234 248 46
233 248 47
233 248 48
233 248 49
233 248 50
233 248 51
233 247 52
233 248 53
233 247 54
233 247 55
233 247 56
233 246 57
233 245 57
232 244 58
231 244 59
230 243 60
