45
241
246 253 25
246 253 26
246 253 27
246 253 28
246 253 29
246 253 30
246 253 31
246 253 32
245 253 33
245 253 34
245 253 35
245 253 36
245 253 37
245 253 38
245 253 39
245 253 40
245 253 41
245 253 42
245 253 43
245 253 44
245 253 45
245 253 46
245 253 47
244 254 48
244 253 49
244 253 50
245 252 51
245 252 52
245 252 53
245 252 54
245 252 55
246 251 56
245 252 57
245 252 58
245 252 59
244 252 60
244 253 61
244 253 62
244 253 63
243 253 64
243 253 65
243 253 66
243 253 67
243 254 68
243 254 69
242 254 70
243 254 71
243 253 72
244 254 73
244 253 74
243 253 75
242 252 76
243 253 77
242 252 78
243 251 79
244 252 80
244 253 81
245 254 82
245 254 83
244 253 84
244 253 85
243 253 86
244 254 87
244 253 88
244 253 89
244 253 90
244 252 91
243 252 92
243 253 93
242 253 94
242 254 95
243 255 96
243 255 97
244 255 98
245 255 99
244 255 100
243 255 101
243 256 102
243 256 103
242 255 104
242 255 105
241 255 106
241 255 107
241 255 108
242 255 109
241 255 110
241 255 111
240 255 112
240 256 113
241 256 114
242 256 115
243 256 116
242 256 117
241 256 117
240 255 118
239 256 119
239 256 120
239 256 121
238 257 122
237 256 123
237 257 124
237 257 125
237 258 126
236 258 127
236 259 128
235 258 129
235 259 130
234 259 131
234 259 132
233 258 133
233 259 134
232 259 135
231 259 136
231 260 137
230 260 138
230 260 139
230 261 140
229 261 141
228 260 142
228 261 143
228 262 144
227 262 145
227 263 146
227 263 147
227 264 148
226 263 149
226 264 150
225 264 151
224 263 152
223 263 153
223 264 154
224 264 155
225 265 156
226 266 157
225 266 158
224 266 159
224 267 160
224 268 161
223 269 162
223 270 163
222 270 164
222 271 165
221 272 166
220 272 167
220 273 168
219 273 169
219 274 170
219 275 171
219 276 172
218 277 173
218 277 174
219 278 175
218 278 176
217 278 177
217 279 178
216 279 179
215 279 180
215 280 181
215 280 182
215 281 183
215 282 184
215 283 185
214 283 186
213 283 187
212 284 188
211 285 189
211 286 190
210 287 191
210 288 192
209 288 193
209 289 194
208 289 195
208 290 196
208 290 197
208 291 198
207 292 199
207 293 200
206 294 201
205 295 202
205 295 203
204 296 204
204 296 205
203 297 206
202 298 207
202 299 208
202 300 209
202 301 210
202 301 211
202 302 212
201 303 213
201 303 214
201 303 215
200 304 216
199 305 217
199 306 218
198 307 219
198 308 220
198 309 221
197 309 222
197 310 223
196 311 224
196 312 225
196 312 226
196 313 227
195 314 228
195 314 229
195 315 230
195 316 231
194 317 232
194 318 233
194 318 234
194 319 235
194 319 236
194 320 237
194 321 238
193 322 239
193 322 240
193 323 241
193 324 242
193 324 243
193 324 244
193 325 245
193 326 246
193 327 247
193 327 248
193 328 249
193 329 250
193 329 251
193 330 252
193 331 253
193 331 254
193 332 255
193 333 256
192 332 257
192 333 258
192 334 259
193 335 260
193 336 261
193 336 262
194 337 263
194 337 264
234
246 253 25
246 253 26
246 253 27
246 253 28
246 253 29
246 253 30
246 253 31
246 253 32
245 253 33
245 253 34
245 253 35
245 253 36
245 253 37
245 253 38
245 253 39
245 253 40
245 253 41
245 253 42
245 253 43
245 253 44
245 253 45
245 253 46
245 253 47
244 254 48
244 253 49
244 253 50
245 252 51
245 252 52
245 252 53
245 252 54
245 252 55
246 251 56
245 252 57
245 252 58
245 252 59
244 252 60
244 253 61
244 253 62
244 253 63
243 253 64
243 253 65
243 253 66
243 253 67
243 254 68
243 254 69
242 254 70
243 254 71
243 253 72
244 254 73
244 253 74
243 253 75
242 252 76
243 253 77
242 252 78
243 251 79
244 252 80
244 253 81
245 254 82
245 254 83
244 253 84
244 253 85
243 253 86
244 254 87
244 253 88
244 253 89
244 253 90
244 252 91
243 252 92
243 253 93
242 253 94
242 254 95
243 255 96
243 255 97
244 255 98
245 255 99
244 255 100
243 255 101
243 256 102
243 256 103
242 255 104
242 255 105
241 255 106
241 255 107
241 255 108
242 255 109
241 255 110
241 255 111
240 255 112
240 256 113
241 256 114
242 256 115
243 256 116
242 256 117
241 256 117
240 255 118
241 254 117
242 253 118
243 253 119
243 252 120
243 251 121
244 252 122
244 252 123
244 251 124
244 251 125
244 251 126
244 250 127
244 250 128
244 250 129
244 250 130
243 249 131
244 250 132
244 250 133
245 250 134
245 250 135
246 251 136
247 251 137
246 250 138
246 249 139
246 249 140
246 250 141
246 250 142
246 249 143
247 250 144
246 250 145
247 249 146
246 249 147
246 250 148
246 250 149
246 250 150
246 249 151
246 249 152
245 249 153
245 249 154
245 249 155
245 249 156
245 249 157
244 250 158
244 250 159
245 249 160
245 249 161
244 249 162
245 249 163
245 248 164
245 248 165
245 249 166
245 249 167
245 249 168
245 248 169
245 248 170
245 248 171
245 248 172
245 248 173
245 248 174
245 248 175
245 248 176
245 248 177
246 247 178
246 247 179
246 247 180
246 247 181
247 247 182
247 247 183
247 247 184
248 247 185
248 247 186
248 247 187
248 247 188
249 247 189
249 247 190
249 247 191
250 247 192
250 247 193
250 248 194
250 248 195
251 248 196
251 248 197
251 248 198
252 248 199
252 248 200
252 248 201
252 248 202
252 249 203
252 249 204
252 249 205
253 249 206
253 249 207
253 249 208
254 249 209
254 249 210
254 249 211
255 249 212
255 250 213
255 250 214
256 250 215
256 250 216
257 251 217
257 251 218
257 251 219
257 251 220
257 251 221
258 252 222
258 252 223
258 252 224
259 253 225
259 253 226
260 254 227
260 254 228
260 254 229
260 255 230
260 255 231
261 256 232
261 256 233
261 257 234
261 258 235
261 258 236
262 259 237
262 260 238
262 260 239
263 261 240
263 262 241
263 262 242
263 263 243
264 264 244
263 264 245
264 265 246
264 266 247
265 267 248
265 268 249
265 268 250
266 269 251
266 270 252
267 271 253
266 272 253
267 273 254
217
246 253 25
246 253 26
246 253 27
246 253 28
246 253 29
246 253 30
246 253 31
246 253 32
245 253 33
245 253 34
245 253 35
245 253 36
245 253 37
245 253 38
245 253 39
245 253 40
245 253 41
245 253 42
245 253 43
245 253 44
245 253 45
245 253 46
245 253 47
244 254 48
244 253 49
244 253 50
245 252 51
245 252 52
245 252 53
245 252 54
245 252 55
246 251 56
245 252 57
245 252 58
245 252 59
244 252 60
244 253 61
244 253 62
244 253 63
243 253 64
243 253 65
243 253 66
243 253 67
243 254 68
243 254 69
242 254 70
243 254 71
243 253 72
244 254 73
244 253 74
243 253 75
242 252 76
243 253 77
242 252 78
243 251 79
244 252 80
244 253 81
245 254 82
245 254 83
244 253 84
244 253 85
243 253 86
244 254 87
244 253 88
244 253 89
244 253 90
244 252 91
243 251 92
244 250 93
244 249 94
245 248 95
244 248 96
244 248 97
244 247 98
244 247 99
245 247 100
245 246 101
246 246 102
246 246 103
246 245 104
247 245 105
247 245 106
247 245 107
248 244 108
247 244 109
247 244 110
248 243 111
248 243 112
248 242 113
248 242 114
248 242 115
248 242 116
249 241 117
248 241 118
249 241 119
249 240 120
249 240 121
249 239 122
250 239 123
250 238 124
250 238 125
251 237 126
251 237 127
251 236 128
252 236 129
252 235 130
252 235 131
252 234 132
252 234 133
252 234 134
252 234 135
253 234 136
253 233 137
253 233 138
253 233 139
254 232 140
253 232 141
254 231 142
254 231 143
254 230 144
255 230 145
255 229 146
255 228 147
254 228 148
255 227 149
255 226 150
255 226 151
256 225 152
256 224 153
257 224 154
257 223 155
257 222 156
258 222 157
258 222 158
258 221 159
259 221 160
259 220 161
260 219 162
260 218 163
261 217 164
261 217 165
262 216 166
262 215 166
262 214 167
262 213 168
263 212 169
263 212 170
263 211 171
264 210 172
264 209 173
265 208 174
266 207 175
266 206 176
266 205 177
266 204 178
267 203 178
268 202 179
268 201 179
269 200 180
270 199 181
271 199 182
271 198 183
271 197 184
272 197 185
273 197 186
272 196 187
273 196 188
273 195 189
273 194 190
274 193 191
274 192 192
273 191 192
274 190 193
275 189 194
275 188 195
276 187 196
276 186 196
277 185 196
278 184 197
279 183 198
280 182 199
280 181 200
281 180 200
282 180 201
283 179 202
284 178 203
285 177 203
286 176 203
286 175 204
286 175 205
287 174 206
287 173 207
288 172 207
289 171 207
290 170 208
290 169 209
291 168 210
292 167 211
292 166 212
293 166 213
294 165 213
295 164 214
296 163 215
297 162 216
298 161 217
299 160 218
300 160 218
301 159 219
302 158 220
303 158 220
304 157 221
304 157 222
305 156 223
306 156 223
307 155 224
308 155 225
309 154 226
200
246 253 25
246 253 26
246 253 27
246 253 28
246 253 29
246 253 30
246 253 31
246 253 32
245 253 33
245 253 34
245 253 35
245 253 36
245 253 37
245 253 38
245 253 39
245 253 40
245 253 41
245 253 42
245 253 43
245 253 44
245 253 45
245 253 46
245 253 47
244 254 48
244 253 49
244 253 50
245 252 51
245 252 52
245 252 53
245 252 54
245 252 55
246 251 56
245 252 57
245 252 58
245 252 59
244 252 60
244 253 61
244 253 62
244 253 63
243 253 64
243 253 65
243 253 66
243 253 67
243 254 68
243 254 69
242 254 70
243 254 71
243 253 72
244 254 73
244 253 74
243 253 75
242 252 76
243 253 77
242 252 78
243 251 79
244 252 80
244 253 81
245 254 82
245 254 83
244 253 84
244 253 85
243 253 86
244 254 87
244 253 88
244 253 89
244 253 90
244 252 91
243 252 92
243 253 93
242 253 94
242 254 95
243 255 96
243 255 97
244 255 98
245 255 99
244 255 100
243 255 101
243 256 102
243 256 103
242 255 104
242 255 105
241 255 106
241 255 107
241 255 108
242 255 109
241 255 110
241 255 111
240 255 112
240 256 113
241 256 114
242 256 115
243 256 116
242 256 117
241 256 117
240 255 118
239 256 119
239 256 120
239 256 121
238 257 122
237 256 123
237 257 124
237 257 125
237 258 126
236 258 127
236 259 128
235 258 129
235 259 130
234 259 131
234 259 132
233 258 133
233 259 134
232 259 135
231 259 136
231 260 137
230 260 138
230 260 139
230 261 140
229 261 141
228 260 142
228 261 143
228 262 144
227 262 145
227 263 146
227 263 147
227 264 148
226 263 149
226 264 150
225 264 151
224 263 152
223 263 153
223 264 154
224 264 155
225 265 156
226 266 157
225 266 158
224 266 159
224 267 160
224 268 161
223 269 162
223 270 163
222 270 164
222 271 165
221 272 166
220 272 167
220 273 168
219 273 169
219 274 170
219 275 171
219 276 172
218 277 173
218 277 174
219 278 175
218 278 176
217 278 177
217 279 178
216 279 179
215 279 180
215 280 181
215 280 182
215 281 183
215 282 184
215 283 185
214 283 186
213 283 187
212 284 188
211 285 189
211 286 190
210 287 191
210 288 192
209 288 193
209 289 194
208 289 195
208 290 196
208 290 197
208 291 198
207 292 199
207 293 200
206 294 201
205 295 202
205 295 203
204 296 204
204 296 205
203 297 206
202 298 207
202 299 208
202 300 209
202 301 210
202 301 211
202 302 212
201 303 213
201 303 214
201 303 215
200 304 216
200 303 217
200 302 218
199 302 219
198 301 220
197 300 220
196 300 220
195 301 220
199
246 253 25
246 253 26
246 253 27
246 253 28
246 253 29
246 253 30
246 253 31
246 253 32
245 253 33
245 253 34
245 253 35
245 253 36
245 253 37
245 253 38
245 253 39
245 253 40
245 253 41
245 253 42
245 253 43
245 253 44
245 253 45
245 253 46
245 253 47
244 254 48
244 253 49
244 253 50
245 252 51
245 252 52
245 252 53
245 252 54
245 252 55
246 251 56
245 252 57
245 252 58
245 252 59
244 252 60
244 253 61
244 253 62
244 253 63
243 253 64
243 253 65
243 253 66
243 253 67
243 254 68
243 254 69
242 254 70
243 254 71
243 253 72
244 254 73
244 253 74
243 253 75
242 252 76
243 253 77
242 252 78
243 251 79
244 252 80
244 253 81
245 254 82
245 254 83
244 253 84
244 253 85
243 253 86
244 254 87
244 253 88
244 253 89
244 253 90
244 252 91
243 252 92
243 253 93
242 253 94
242 254 95
243 255 96
243 255 97
244 255 98
245 255 99
244 255 100
243 255 101
243 256 102
243 256 103
242 255 104
242 255 105
241 255 106
241 255 107
241 255 108
242 255 109
241 255 110
241 255 111
240 255 112
240 256 113
241 256 114
242 256 115
243 256 116
242 256 117
241 256 117
240 255 118
239 256 119
239 256 120
239 256 121
238 257 122
237 256 123
237 257 124
237 257 125
237 258 126
236 258 127
236 259 128
235 258 129
235 259 130
234 259 131
234 259 132
233 258 133
233 259 134
232 259 135
231 259 136
231 260 137
230 260 138
230 260 139
230 261 140
229 261 141
228 260 142
228 261 143
228 262 144
227 262 145
227 263 146
227 263 147
227 264 148
226 263 149
226 264 150
225 264 151
224 263 152
223 263 153
223 264 154
224 264 155
225 265 156
226 266 157
225 266 158
224 266 159
224 267 160
224 268 161
223 269 162
223 270 163
222 270 164
222 271 165
221 272 166
220 272 167
220 273 168
219 273 169
219 274 170
219 275 171
219 276 172
218 277 173
218 277 174
219 278 175
218 278 176
217 278 177
217 279 178
216 279 179
215 279 180
215 280 181
215 280 182
215 281 183
215 282 184
215 283 185
214 283 186
213 283 187
212 284 188
211 285 189
211 286 190
210 287 191
210 288 192
209 288 193
209 289 194
208 289 195
208 290 196
208 290 197
208 291 198
207 292 199
207 293 200
206 294 201
205 295 202
205 295 203
204 296 204
204 296 205
203 297 206
202 298 207
202 299 208
202 300 209
202 301 210
202 301 211
202 302 212
201 303 213
201 303 214
201 303 215
200 304 216
199 305 217
199 306 218
198 305 219
198 304 220
197 303 220
196 302 220
197
246 253 25
246 253 26
246 253 27
246 253 28
246 253 29
246 253 30
246 253 31
246 253 32
245 253 33
245 253 34
245 253 35
245 253 36
245 253 37
245 253 38
245 253 39
245 253 40
245 253 41
245 253 42
245 253 43
245 253 44
245 253 45
245 253 46
245 253 47
244 254 48
244 253 49
244 253 50
245 252 51
245 252 52
245 252 53
245 252 54
245 252 55
246 251 56
245 252 57
245 252 58
245 252 59
244 252 60
244 253 61
244 253 62
244 253 63
243 253 64
243 253 65
243 253 66
243 253 67
243 254 68
243 254 69
242 254 70
243 254 71
243 253 72
244 254 73
244 253 74
243 253 75
242 252 76
243 253 77
242 252 78
243 251 79
244 252 80
244 253 81
245 254 82
245 254 83
244 253 84
244 253 85
243 253 86
244 254 87
244 253 88
244 253 89
244 253 90
244 252 91
243 252 92
243 253 93
242 253 94
242 254 95
243 255 96
243 255 97
244 255 98
245 255 99
244 255 100
243 255 101
243 256 102
243 256 103
242 255 104
242 255 105
241 255 106
241 255 107
241 255 108
242 255 109
241 255 110
241 255 111
240 255 112
240 256 113
241 256 114
242 256 115
243 256 116
242 256 117
241 256 117
240 255 118
239 256 119
239 256 120
239 256 121
238 257 122
237 256 123
237 257 124
237 257 125
237 258 126
236 258 127
236 259 128
235 258 129
235 259 130
234 259 131
234 259 132
233 258 133
233 259 134
232 259 135
231 259 136
231 260 137
230 260 138
230 260 139
230 261 140
229 261 141
228 260 142
228 261 143
228 262 144
227 262 145
227 263 146
227 263 147
227 264 148
226 263 149
226 264 150
225 264 151
224 263 152
223 263 153
223 264 154
224 264 155
225 265 156
226 266 157
225 266 158
224 266 159
224 267 160
224 268 161
223 269 162
223 270 163
222 270 164
222 271 165
221 272 166
220 272 167
220 273 168
219 273 169
219 274 170
219 275 171
219 276 172
218 277 173
218 277 174
219 278 175
218 278 176
217 278 177
217 279 178
216 279 179
215 279 180
215 280 181
215 280 182
215 281 183
215 282 184
215 283 185
214 283 186
213 283 187
212 284 188
211 285 189
211 286 190
210 287 191
210 288 192
209 288 193
209 289 194
208 289 195
208 290 196
208 290 197
208 291 198
207 292 199
207 293 200
206 294 201
205 295 202
205 295 203
204 296 204
204 296 205
203 297 206
202 298 207
202 299 208
202 300 209
201 301 209
200 301 208
199 302 209
198 301 210
198 301 211
197 300 212
198 299 213
198 300 214
198 300 215
198 300 216
198 301 217
192
246 253 25
246 253 26
246 253 27
246 253 28
246 253 29
246 253 30
246 253 31
246 253 32
245 253 33
245 253 34
245 253 35
245 253 36
245 253 37
245 253 38
245 253 39
245 253 40
245 253 41
245 253 42
245 253 43
245 253 44
245 253 45
245 253 46
245 253 47
244 254 48
244 253 49
244 253 50
245 252 51
245 252 52
245 252 53
245 252 54
245 252 55
246 251 56
245 252 57
245 252 58
245 252 59
244 252 60
244 253 61
244 253 62
244 253 63
243 253 64
243 253 65
243 253 66
243 253 67
243 254 68
243 254 69
242 254 70
243 254 71
243 253 72
244 254 73
244 253 74
243 253 75
242 252 76
243 253 77
242 252 78
243 251 79
244 252 80
244 253 81
245 254 82
245 254 83
244 253 84
244 253 85
243 253 86
244 254 87
244 253 88
244 253 89
244 253 90
244 252 91
243 252 92
243 253 93
242 253 94
242 254 95
243 255 96
243 255 97
244 255 98
245 255 99
244 255 100
243 255 101
243 256 102
243 256 103
242 255 104
242 255 105
241 255 106
241 255 107
241 255 108
242 255 109
241 255 110
241 255 111
240 255 112
240 256 113
241 256 114
242 256 115
243 256 116
242 256 117
241 256 117
240 255 118
239 256 119
239 256 120
239 256 121
238 257 122
237 256 123
237 257 124
237 257 125
237 258 126
236 258 127
236 259 128
235 258 129
235 259 130
234 259 131
234 259 132
233 258 133
233 259 134
232 259 135
231 259 136
231 260 137
230 260 138
230 260 139
230 261 140
229 261 141
228 260 142
228 261 143
228 262 144
227 262 145
227 263 146
227 263 147
227 264 148
226 263 149
226 264 150
225 264 151
224 263 152
223 263 153
223 264 154
224 264 155
225 265 156
226 266 157
225 266 158
224 266 159
224 267 160
224 268 161
223 269 162
223 270 163
222 270 164
222 271 165
221 272 166
220 272 167
220 273 168
219 273 169
219 274 170
219 275 171
219 276 172
218 277 173
218 277 174
219 278 175
218 278 176
217 278 177
217 279 178
216 279 179
215 279 180
215 280 181
215 280 182
215 281 183
215 282 184
215 283 185
214 283 186
213 283 187
212 284 188
211 285 189
211 286 190
210 287 191
210 288 192
209 288 193
209 289 194
208 289 195
208 290 196
208 290 197
208 291 198
207 292 199
207 293 200
206 294 201
205 295 202
205 295 203
204 296 204
204 296 205
203 297 206
202 298 207
202 299 208
203 299 209
204 298 210
203 297 211
202 296 212
201 296 212
200 297 212
199 298 213
190
246 253 25
246 253 26
246 253 27
246 253 28
246 253 29
246 253 30
246 253 31
246 253 32
245 253 33
245 253 34
245 253 35
245 253 36
245 253 37
245 253 38
245 253 39
245 253 40
245 253 41
245 253 42
245 253 43
245 253 44
245 253 45
245 253 46
245 253 47
244 254 48
244 253 49
244 253 50
245 252 51
245 252 52
245 252 53
245 252 54
245 252 55
246 251 56
245 252 57
245 252 58
245 252 59
244 252 60
244 253 61
244 253 62
244 253 63
243 253 64
243 253 65
243 253 66
243 253 67
243 254 68
243 254 69
242 254 70
243 254 71
243 253 72
244 254 73
244 253 74
243 253 75
242 252 76
243 253 77
242 252 78
243 251 79
244 252 80
244 253 81
245 254 82
245 254 83
244 253 84
244 253 85
243 253 86
244 254 87
244 253 88
244 253 89
244 253 90
244 252 91
243 252 92
243 253 93
242 253 94
242 254 95
243 255 96
243 255 97
244 255 98
245 255 99
244 255 100
243 255 101
243 256 102
243 256 103
242 255 104
242 255 105
241 255 106
241 255 107
241 255 108
242 255 109
241 255 110
241 255 111
240 255 112
240 256 113
241 256 114
242 256 115
243 256 116
242 256 117
241 256 117
240 255 118
239 256 119
239 256 120
239 256 121
238 257 122
237 256 123
237 257 124
237 257 125
237 258 126
236 258 127
236 259 128
235 258 129
235 259 130
234 259 131
234 259 132
233 258 133
233 259 134
232 259 135
231 259 136
231 260 137
230 260 138
230 260 139
230 261 140
229 261 141
228 260 142
228 261 143
228 262 144
227 262 145
227 263 146
227 263 147
227 264 148
226 263 149
226 264 150
225 264 151
224 263 152
223 263 153
223 264 154
224 264 155
225 265 156
226 266 157
225 266 158
224 266 159
224 267 160
224 268 161
223 269 162
223 270 163
222 270 164
222 271 165
221 272 166
220 272 167
220 273 168
219 273 169
219 274 170
219 275 171
219 276 172
218 277 173
218 277 174
219 278 175
218 278 176
217 278 177
217 279 178
216 279 179
215 279 180
215 280 181
215 280 182
215 281 183
215 282 184
215 283 185
214 283 186
213 283 187
212 284 188
211 285 189
211 286 190
210 287 191
210 288 192
209 288 193
209 289 194
208 289 195
208 290 196
208 290 197
208 291 198
207 292 199
207 293 200
206 294 201
205 295 202
205 295 203
204 296 204
204 296 205
203 297 206
202 298 207
202 299 208
203 299 209
204 298 210
203 297 211
202 296 212
203 295 212
189
246 253 25
246 253 26
246 253 27
246 253 28
246 253 29
246 253 30
246 253 31
246 253 32
245 253 33
245 253 34
245 253 35
245 253 36
245 253 37
245 253 38
245 253 39
245 253 40
245 253 41
245 253 42
245 253 43
245 253 44
245 253 45
245 253 46
245 253 47
244 254 48
244 253 49
244 253 50
245 252 51
245 252 52
245 252 53
245 252 54
245 252 55
246 251 56
245 252 57
245 252 58
245 252 59
244 252 60
244 253 61
244 253 62
244 253 63
243 253 64
243 253 65
243 253 66
243 253 67
243 254 68
243 254 69
242 254 70
243 254 71
243 253 72
244 254 73
244 253 74
243 253 75
242 252 76
243 253 77
242 252 78
243 251 79
244 252 80
244 253 81
245 254 82
245 254 83
244 253 84
244 253 85
243 253 86
244 254 87
244 253 88
244 253 89
244 253 90
244 252 91
243 252 92
243 253 93
242 253 94
242 254 95
243 255 96
243 255 97
244 255 98
245 255 99
244 255 100
243 255 101
243 256 102
243 256 103
242 255 104
242 255 105
241 255 106
241 255 107
241 255 108
242 255 109
241 255 110
241 255 111
240 255 112
240 256 113
241 256 114
242 256 115
243 256 116
242 256 117
241 256 117
240 255 118
239 256 119
239 256 120
239 256 121
238 257 122
237 256 123
237 257 124
237 257 125
237 258 126
236 258 127
236 259 128
235 258 129
235 259 130
234 259 131
234 259 132
233 258 133
233 259 134
232 259 135
231 259 136
231 260 137
230 260 138
230 260 139
230 261 140
229 261 141
228 260 142
228 261 143
228 262 144
227 262 145
227 263 146
227 263 147
227 264 148
226 263 149
226 264 150
225 264 151
224 263 152
223 263 153
223 264 154
224 264 155
225 265 156
226 266 157
225 266 158
224 266 159
224 267 160
224 268 161
223 269 162
223 270 163
222 270 164
222 271 165
221 272 166
220 272 167
220 273 168
219 273 169
219 274 170
219 275 171
219 276 172
218 277 173
218 277 174
219 278 175
218 278 176
217 278 177
217 279 178
216 279 179
215 279 180
215 280 181
215 280 182
215 281 183
215 282 184
215 283 185
214 283 186
213 283 187
212 284 188
211 285 189
211 286 190
210 287 191
210 288 192
209 288 193
209 289 194
208 289 195
208 290 196
208 290 197
208 291 198
207 292 199
207 293 200
206 294 201
205 295 202
205 295 203
204 296 204
204 296 205
203 297 206
202 298 207
202 299 208
203 299 209
204 298 210
203 297 211
204 296 211
174
246 253 25
246 253 26
246 253 27
246 253 28
246 253 29
246 253 30
246 253 31
246 253 32
245 253 33
245 253 34
245 253 35
245 253 36
245 253 37
245 253 38
245 253 39
245 253 40
245 253 41
245 253 42
245 253 43
245 253 44
245 253 45
245 253 46
245 253 47
244 254 48
244 253 49
244 253 50
245 252 51
245 252 52
245 252 53
245 252 54
245 252 55
246 251 56
245 252 57
245 252 58
245 252 59
244 252 60
244 253 61
244 253 62
244 253 63
243 253 64
243 253 65
243 253 66
243 253 67
243 254 68
243 254 69
242 254 70
242 255 71
242 256 71
242 257 72
241 257 73
240 256 72
239 256 73
239 257 74
238 257 75
238 257 76
238 258 77
237 258 78
237 258 79
237 258 80
236 258 81
236 259 82
236 259 83
235 259 84
235 260 85
234 259 86
234 260 87
233 260 88
233 261 89
233 262 90
232 262 91
231 262 92
231 262 93
230 262 94
230 263 95
230 263 96
229 263 97
229 264 98
228 264 99
228 265 100
227 266 101
226 266 102
225 266 103
224 266 104
224 267 105
224 268 106
223 268 107
222 268 108
222 269 109
221 269 110
221 270 111
220 270 112
220 270 113
220 271 114
220 272 115
219 272 116
218 272 117
218 272 118
217 273 119
217 274 120
216 274 121
215 275 122
215 275 123
214 276 124
213 276 125
213 277 126
212 277 127
211 278 128
210 279 129
209 280 130
208 280 131
207 281 132
206 282 133
206 283 134
205 284 135
204 284 136
204 285 137
203 286 138
202 287 139
201 288 139
200 289 140
199 290 141
198 291 142
198 292 142
197 293 143
196 294 143
195 295 144
194 296 144
194 297 145
193 298 145
193 299 146
192 300 147
192 301 148
191 302 149
190 303 149
189 303 150
188 304 151
188 305 151
187 306 152
186 307 153
186 308 153
185 309 153
184 310 154
184 311 154
183 312 154
182 313 155
182 314 155
181 315 156
181 316 156
181 317 157
181 318 157
181 319 157
180 320 157
180 321 158
179 322 159
179 323 159
178 324 160
177 325 161
177 326 162
176 327 163
176 328 163
175 329 164
174 330 165
174 331 165
174 332 166
173 333 167
173 334 168
172 335 169
172 336 170
171 337 171
170 338 172
169 339 173
170 340 173
169 341 174
170 342 174
164
246 253 25
246 253 26
246 253 27
246 253 28
246 253 29
246 253 30
246 253 31
246 253 32
245 253 33
245 253 34
245 253 35
245 253 36
245 253 37
245 253 38
245 253 39
245 253 40
245 253 41
245 253 42
245 253 43
245 253 44
245 253 45
245 253 46
245 253 47
244 254 48
244 253 49
244 253 50
245 252 51
245 252 52
245 252 53
245 252 54
245 252 55
246 251 56
245 252 57
245 252 58
245 252 59
244 252 60
244 253 61
244 253 62
244 253 63
243 253 64
243 253 65
243 253 66
243 253 67
243 254 68
243 254 69
242 254 70
243 254 71
243 253 72
244 254 73
244 253 74
243 253 75
242 252 76
243 253 77
242 252 78
243 251 79
244 252 80
244 253 81
245 254 82
245 254 83
244 253 84
244 253 85
243 253 86
244 254 87
244 253 88
244 253 89
244 253 90
244 252 91
243 251 92
244 250 93
244 249 94
245 248 95
244 248 96
244 248 97
244 247 98
244 247 99
245 247 100
245 246 101
246 246 102
246 246 103
246 245 104
247 245 105
247 245 106
247 245 107
248 244 108
247 244 109
247 244 110
248 243 111
248 243 112
248 242 113
248 242 114
248 242 115
248 242 116
249 241 117
248 241 118
249 241 119
249 240 120
249 240 121
249 239 122
250 239 123
250 238 124
250 238 125
251 237 126
251 237 127
251 236 128
252 236 129
252 235 130
252 235 131
252 234 132
252 234 133
252 234 134
252 234 135
253 234 136
253 233 137
253 233 138
253 233 139
254 232 140
253 232 141
254 231 142
254 231 143
254 230 144
255 230 145
255 229 146
255 228 147
254 228 148
255 227 149
255 226 150
255 226 151
256 225 152
256 224 153
257 224 154
257 223 155
257 222 156
258 222 157
258 222 158
258 221 159
259 221 160
259 220 161
260 219 162
260 218 163
261 217 164
261 217 165
262 216 166
262 215 166
262 214 167
262 213 168
263 212 169
263 212 170
263 211 171
264 210 172
264 209 173
265 208 174
266 207 175
266 206 176
266 205 177
265 204 177
264 203 177
263 202 178
262 201 178
261 200 178
261 199 178
262 198 179
262 197 179
263 196 180
264 196 180
164
246 253 25
246 253 26
246 253 27
246 253 28
246 253 29
246 253 30
246 253 31
246 253 32
245 253 33
245 253 34
245 253 35
245 253 36
245 253 37
245 253 38
245 253 39
245 253 40
245 253 41
245 253 42
245 253 43
245 253 44
245 253 45
245 253 46
245 253 47
244 254 48
244 253 49
244 253 50
245 252 51
245 252 52
245 252 53
245 252 54
245 252 55
246 251 56
245 252 57
245 252 58
245 252 59
244 252 60
244 253 61
244 253 62
244 253 63
243 253 64
243 253 65
243 253 66
243 253 67
243 254 68
243 254 69
242 254 70
243 254 71
243 253 72
244 254 73
244 253 74
243 253 75
242 252 76
243 253 77
242 252 78
243 251 79
244 252 80
244 253 81
245 254 82
245 254 83
244 253 84
244 253 85
243 253 86
244 254 87
244 253 88
244 253 89
244 253 90
244 252 91
243 251 92
244 250 93
244 249 94
245 248 95
244 248 96
244 248 97
244 247 98
244 247 99
245 247 100
245 246 101
246 246 102
246 246 103
246 245 104
247 245 105
247 245 106
247 245 107
248 244 108
247 244 109
247 244 110
248 243 111
248 243 112
248 242 113
248 242 114
248 242 115
248 242 116
249 241 117
248 241 118
249 241 119
249 240 120
249 240 121
249 239 122
250 239 123
250 238 124
250 238 125
251 237 126
251 237 127
251 236 128
252 236 129
252 235 130
252 235 131
252 234 132
252 234 133
252 234 134
252 234 135
253 234 136
253 233 137
253 233 138
253 233 139
254 232 140
253 232 141
254 231 142
254 231 143
254 230 144
255 230 145
255 229 146
255 228 147
254 228 148
255 227 149
255 226 150
255 226 151
256 225 152
256 224 153
257 224 154
257 223 155
257 222 156
258 222 157
258 222 158
258 221 159
259 221 160
259 220 161
260 219 162
260 218 163
261 217 164
261 217 165
262 216 166
262 215 166
262 214 167
262 213 168
263 212 169
263 212 170
263 211 171
264 210 172
264 209 173
265 208 174
266 207 175
266 206 176
266 205 177
266 204 178
267 203 178
268 202 179
268 201 179
269 200 180
269 199 181
268 198 181
267 197 181
266 196 181
265 196 180
164
246 253 25
246 253 26
246 253 27
246 253 28
246 253 29
246 253 30
246 253 31
246 253 32
245 253 33
245 253 34
245 253 35
245 253 36
245 253 37
245 253 38
245 253 39
245 253 40
245 253 41
245 253 42
245 253 43
245 253 44
245 253 45
245 253 46
245 253 47
244 254 48
244 253 49
244 253 50
245 252 51
245 252 52
245 252 53
245 252 54
245 252 55
246 251 56
245 252 57
245 252 58
245 252 59
244 252 60
244 253 61
244 253 62
244 253 63
243 253 64
243 253 65
243 253 66
243 253 67
243 254 68
243 254 69
242 254 70
243 254 71
243 253 72
244 254 73
244 253 74
243 253 75
242 252 76
243 253 77
242 252 78
243 251 79
244 252 80
244 253 81
245 254 82
245 254 83
244 253 84
244 253 85
243 253 86
244 254 87
244 253 88
244 253 89
244 253 90
244 252 91
243 251 92
244 250 93
244 249 94
245 248 95
244 248 96
244 248 97
244 247 98
244 247 99
245 247 100
245 246 101
246 246 102
246 246 103
246 245 104
247 245 105
247 245 106
247 245 107
248 244 108
247 244 109
247 244 110
248 243 111
248 243 112
248 242 113
248 242 114
248 242 115
248 242 116
249 241 117
248 241 118
249 241 119
249 240 120
249 240 121
249 239 122
250 239 123
250 238 124
250 238 125
251 237 126
251 237 127
251 236 128
252 236 129
252 235 130
252 235 131
252 234 132
252 234 133
252 234 134
252 234 135
253 234 136
253 233 137
253 233 138
253 233 139
254 232 140
253 232 141
254 231 142
254 231 143
254 230 144
255 230 145
255 229 146
255 228 147
254 228 148
255 227 149
255 226 150
255 226 151
256 225 152
256 224 153
257 224 154
257 223 155
257 222 156
258 222 157
258 222 158
258 221 159
259 221 160
259 220 161
260 219 162
260 218 163
261 217 164
261 217 165
262 216 166
262 215 166
262 214 167
262 213 168
263 212 169
263 212 170
263 211 171
264 210 172
264 209 173
265 208 174
266 207 175
266 206 176
266 205 177
265 204 177
264 203 177
263 202 178
262 201 178
261 200 178
261 199 178
262 198 179
263 198 179
264 198 179
265 198 179
163
246 253 25
246 253 26
246 253 27
246 253 28
246 253 29
246 253 30
246 253 31
246 253 32
245 253 33
245 253 34
245 253 35
245 253 36
245 253 37
245 253 38
245 253 39
245 253 40
245 253 41
245 253 42
245 253 43
245 253 44
245 253 45
245 253 46
245 253 47
244 254 48
244 253 49
244 253 50
245 252 51
245 252 52
245 252 53
245 252 54
245 252 55
246 251 56
245 252 57
245 252 58
245 252 59
244 252 60
244 253 61
244 253 62
244 253 63
243 253 64
243 253 65
243 253 66
243 253 67
243 254 68
243 254 69
242 254 70
243 254 71
243 253 72
244 254 73
244 253 74
243 253 75
242 252 76
243 253 77
242 252 78
243 251 79
244 252 80
244 253 81
245 254 82
245 254 83
244 253 84
244 253 85
243 253 86
244 254 87
244 253 88
244 253 89
244 253 90
244 252 91
243 251 92
244 250 93
244 249 94
245 248 95
244 248 96
244 248 97
244 247 98
244 247 99
245 247 100
245 246 101
246 246 102
246 246 103
246 245 104
247 245 105
247 245 106
247 245 107
248 244 108
247 244 109
247 244 110
248 243 111
248 243 112
248 242 113
248 242 114
248 242 115
248 242 116
249 241 117
248 241 118
249 241 119
249 240 120
249 240 121
249 239 122
250 239 123
250 238 124
250 238 125
251 237 126
251 237 127
251 236 128
252 236 129
252 235 130
252 235 131
252 234 132
252 234 133
252 234 134
252 234 135
253 234 136
253 233 137
253 233 138
253 233 139
254 232 140
253 232 141
254 231 142
254 231 143
254 230 144
255 230 145
255 229 146
255 228 147
254 228 148
255 227 149
255 226 150
255 226 151
256 225 152
256 224 153
257 224 154
257 223 155
257 222 156
258 222 157
258 222 158
258 221 159
259 221 160
259 220 161
260 219 162
260 218 163
261 217 164
261 217 165
262 216 166
262 215 166
262 214 167
262 213 168
263 212 169
263 212 170
263 211 171
264 210 172
264 209 173
265 208 174
266 207 175
266 206 176
266 205 177
266 204 178
267 203 178
268 202 179
268 201 179
269 200 180
269 199 181
268 198 181
267 197 181
266 198 180
147
246 253 25
246 253 26
246 253 27
246 253 28
246 253 29
246 253 30
246 253 31
246 253 32
245 253 33
245 253 34
245 253 35
245 253 36
245 253 37
245 253 38
245 253 39
245 253 40
245 253 41
245 253 42
245 253 43
245 253 44
245 253 45
245 253 46
245 253 47
244 254 48
244 253 49
244 253 50
245 252 51
245 252 52
245 252 53
245 252 54
245 252 55
246 251 56
245 252 57
245 252 58
245 252 59
244 252 60
244 253 61
244 253 62
244 253 63
243 253 64
243 253 65
243 253 66
243 253 67
243 254 68
243 254 69
242 254 70
243 254 71
243 253 72
244 254 73
244 253 74
243 253 75
242 252 76
243 253 77
242 252 78
243 251 79
244 252 80
244 253 81
245 254 82
245 254 83
244 253 84
244 253 85
243 253 86
244 254 87
244 253 88
244 253 89
244 253 90
244 252 91
243 252 92
243 253 93
242 253 94
242 254 95
243 255 96
243 255 97
244 255 98
245 255 99
244 255 100
243 255 101
243 256 102
243 256 103
242 255 104
242 255 105
241 255 106
241 255 107
241 255 108
242 255 109
241 255 110
241 255 111
240 255 112
240 256 113
241 256 114
242 256 115
243 256 116
242 256 117
241 256 117
240 255 118
239 256 119
239 256 120
239 256 121
238 257 122
237 256 123
237 257 124
237 257 125
237 258 126
236 258 127
236 259 128
235 258 129
235 259 130
234 259 131
234 259 132
233 258 133
233 259 134
232 259 135
231 259 136
231 260 137
230 260 138
230 260 139
230 261 140
229 261 141
228 260 142
228 261 143
228 262 144
227 262 145
227 263 146
227 263 147
227 264 148
226 263 149
226 264 150
225 264 151
224 263 152
223 262 152
222 261 153
221 260 153
220 260 154
219 260 155
218 260 156
217 260 157
217 261 158
216 261 159
215 261 160
214 261 160
213 261 161
212 261 162
211 261 163
211 261 164
210 262 165
209 263 166
208 263 167
147
246 253 25
246 253 26
246 253 27
246 253 28
246 253 29
246 253 30
246 253 31
246 253 32
245 253 33
245 253 34
245 253 35
245 253 36
245 253 37
245 253 38
245 253 39
245 253 40
245 253 41
245 253 42
245 253 43
245 253 44
245 253 45
245 253 46
245 253 47
244 254 48
244 253 49
244 253 50
245 252 51
245 252 52
245 252 53
245 252 54
245 252 55
246 251 56
245 252 57
245 252 58
245 252 59
244 252 60
244 253 61
244 253 62
244 253 63
243 253 64
243 253 65
243 253 66
243 253 67
243 254 68
243 254 69
242 254 70
242 255 71
242 256 71
242 257 72
241 257 73
240 256 72
239 256 73
239 257 74
238 257 75
238 257 76
238 258 77
237 258 78
237 258 79
237 258 80
236 258 81
236 259 82
236 259 83
235 259 84
235 260 85
234 259 86
234 260 87
233 260 88
233 261 89
233 262 90
232 262 91
231 262 92
231 262 93
230 262 94
230 263 95
230 263 96
229 263 97
229 264 98
228 264 99
228 265 100
227 266 101
226 266 102
225 266 103
224 266 104
224 267 105
224 268 106
223 268 107
222 268 108
222 269 109
221 269 110
221 270 111
220 270 112
220 270 113
220 271 114
220 272 115
219 272 116
218 272 117
218 272 118
217 273 119
217 274 120
216 274 121
215 275 122
215 275 123
214 276 124
213 276 125
213 277 126
212 277 127
211 278 128
210 279 129
209 280 130
208 280 131
207 281 132
206 282 133
206 283 134
205 284 135
204 284 136
204 285 137
203 286 138
202 287 139
201 288 139
200 289 140
199 290 141
198 291 142
198 292 142
197 293 143
196 294 143
195 295 144
194 296 144
194 297 145
193 298 145
193 299 146
193 299 147
194 300 148
195 301 149
196 302 149
195 303 149
195 304 150
195 305 150
195 306 150
194 307 151
193 308 151
193 309 151
192 310 152
192 311 152
192 312 152
191 313 152
191 314 153
190 315 153
144
246 253 25
246 253 26
246 253 27
246 253 28
246 253 29
246 253 30
246 253 31
246 253 32
245 253 33
245 253 34
245 253 35
245 253 36
245 253 37
245 253 38
245 253 39
245 253 40
245 253 41
245 253 42
245 253 43
245 253 44
245 253 45
245 253 46
245 253 47
244 254 48
244 253 49
244 253 50
245 252 51
245 252 52
245 252 53
245 252 54
245 252 55
246 251 56
247 250 56
248 250 57
249 249 58
249 249 59
249 249 60
249 248 61
250 248 62
250 247 63
251 247 64
251 247 65
251 246 66
252 246 67
252 246 68
253 245 69
253 245 70
254 244 71
254 244 72
254 244 73
255 243 74
255 242 75
256 242 76
256 242 77
257 241 78
257 241 79
258 241 80
258 240 81
259 239 82
259 239 83
260 239 84
260 238 85
260 237 86
261 237 87
261 236 88
262 235 89
263 235 90
264 235 91
264 234 92
265 234 93
265 233 94
266 232 95
267 232 96
268 231 97
268 230 98
268 229 99
269 228 100
270 228 101
271 227 102
272 226 103
273 225 104
274 224 105
274 223 106
275 223 107
276 222 107
277 221 108
278 221 109
278 220 110
279 219 111
280 218 111
281 217 112
281 216 112
282 215 113
283 215 113
284 214 114
285 213 115
286 212 116
287 211 116
288 210 117
289 209 117
290 208 117
291 207 118
292 206 118
293 205 119
294 204 120
295 203 120
296 202 120
297 201 120
298 200 120
299 201 120
300 200 120
301 199 120
302 198 120
303 197 120
304 196 121
304 195 121
304 194 121
304 193 121
305 192 121
306 191 121
307 190 121
308 190 121
309 189 121
310 188 121
311 187 121
312 186 121
313 186 121
314 185 121
315 185 121
316 184 120
317 183 120
318 183 120
319 182 120
320 182 120
321 181 120
322 180 120
323 181 120
324 180 120
325 179 119
326 179 119
327 180 119
328 179 118
333 176 115
334 176 115
143
246 253 25
246 253 26
246 253 27
246 253 28
246 253 29
246 253 30
246 253 31
246 253 32
245 253 33
245 253 34
245 253 35
245 253 36
245 253 37
245 253 38
245 253 39
245 253 40
245 253 41
245 253 42
245 253 43
245 253 44
245 253 45
245 253 46
245 253 47
244 254 48
244 253 49
244 253 50
245 252 51
245 252 52
245 252 53
245 252 54
245 252 55
246 251 56
247 250 56
248 250 57
249 249 58
249 249 59
249 249 60
249 248 61
250 248 62
250 247 63
251 247 64
251 247 65
251 246 66
252 246 67
252 246 68
253 245 69
253 245 70
254 244 71
254 244 72
254 244 73
255 243 74
255 242 75
256 242 76
256 242 77
257 241 78
257 241 79
258 241 80
258 240 81
259 239 82
259 239 83
260 239 84
260 238 85
260 237 86
261 237 87
261 236 88
262 235 89
263 235 90
264 235 91
264 234 92
265 234 93
265 233 94
266 232 95
267 232 96
268 231 97
268 230 98
268 229 99
269 228 100
270 228 101
271 227 102
272 226 103
273 225 104
274 224 105
274 223 106
275 223 107
276 222 107
277 221 108
278 221 109
278 220 110
279 219 111
280 218 111
281 217 112
281 216 112
282 215 113
283 215 113
284 214 114
285 213 115
286 212 116
287 211 116
288 210 117
289 209 117
290 208 117
291 207 118
292 206 118
293 205 119
294 204 120
295 203 120
296 202 120
297 201 120
298 200 120
299 201 120
300 200 120
301 199 120
302 198 120
303 197 120
304 196 121
304 195 121
304 194 121
304 193 121
305 192 121
306 191 121
307 190 121
308 190 121
309 189 121
310 188 121
311 187 121
312 186 121
313 186 121
314 185 121
315 185 121
316 184 120
317 183 120
318 183 120
319 182 120
320 182 120
321 181 120
322 180 120
323 181 120
324 180 120
325 179 119
326 179 119
327 180 119
328 179 118
333 176 115
142
246 253 25
246 253 26
246 253 27
246 253 28
246 253 29
246 253 30
246 253 31
246 253 32
245 253 33
245 253 34
245 253 35
245 253 36
245 253 37
245 253 38
245 253 39
245 253 40
245 253 41
245 253 42
245 253 43
245 253 44
245 253 45
245 253 46
245 253 47
244 254 48
244 253 49
244 253 50
245 252 51
245 252 52
245 252 53
245 252 54
245 252 55
246 251 56
247 250 56
248 250 57
249 249 58
249 249 59
249 249 60
249 248 61
250 248 62
250 247 63
251 247 64
251 247 65
251 246 66
252 246 67
252 246 68
253 245 69
253 245 70
254 244 71
254 244 72
254 244 73
255 243 74
255 242 75
256 242 76
256 242 77
257 241 78
257 241 79
258 241 80
258 240 81
259 239 82
259 239 83
260 239 84
260 238 85
260 237 86
261 237 87
261 236 88
262 235 89
263 235 90
264 235 91
264 234 92
265 234 93
265 233 94
266 232 95
267 232 96
268 231 97
268 230 98
268 229 99
269 228 100
270 228 101
271 227 102
272 226 103
273 225 104
274 224 105
274 223 106
275 223 107
276 222 107
277 221 108
278 221 109
278 220 110
279 219 111
280 218 111
281 217 112
281 216 112
282 215 113
283 215 113
284 214 114
285 213 115
286 212 116
287 211 116
288 210 117
289 209 117
290 208 117
291 207 118
292 206 118
293 205 119
294 204 120
295 203 120
296 202 120
297 201 120
298 200 120
299 201 120
300 200 120
301 199 120
302 198 120
303 197 120
304 196 121
304 195 121
304 194 121
304 193 121
305 192 121
306 191 121
307 190 121
308 190 121
309 189 121
310 188 121
311 187 121
312 186 121
313 186 121
314 185 121
315 185 121
316 184 120
317 183 120
318 183 120
319 182 120
320 182 120
321 181 120
322 180 120
323 181 120
324 180 120
325 179 119
326 179 119
327 180 119
328 179 118
140
246 253 25
246 253 26
246 253 27
246 253 28
246 253 29
246 253 30
246 253 31
246 253 32
245 253 33
245 253 34
245 253 35
245 253 36
245 253 37
245 253 38
245 253 39
245 253 40
245 253 41
245 253 42
245 253 43
245 253 44
245 253 45
245 253 46
245 253 47
244 254 48
244 253 49
244 253 50
245 252 51
245 252 52
245 252 53
245 252 54
245 252 55
246 251 56
245 252 57
245 252 58
245 252 59
244 252 60
244 253 61
244 253 62
244 253 63
243 253 64
243 253 65
243 253 66
243 253 67
243 254 68
243 254 69
242 254 70
243 254 71
243 253 72
244 254 73
244 253 74
243 253 75
242 252 76
243 253 77
242 252 78
243 251 79
244 252 80
244 253 81
245 254 82
245 254 83
244 253 84
244 253 85
243 253 86
244 254 87
244 253 88
244 253 89
244 253 90
244 252 91
243 252 92
243 253 93
242 253 94
242 254 95
243 255 96
243 255 97
244 255 98
245 255 99
244 255 100
243 255 101
243 256 102
243 256 103
242 255 104
242 255 105
241 255 106
241 255 107
241 255 108
242 255 109
241 255 110
241 255 111
240 255 112
240 256 113
241 256 114
242 256 115
243 256 116
242 256 117
241 256 117
240 255 118
239 256 119
239 256 120
239 256 121
238 257 122
237 256 123
237 257 124
237 257 125
237 258 126
236 258 127
236 259 128
235 258 129
235 259 130
234 259 131
234 259 132
233 258 133
233 259 134
232 259 135
231 259 136
231 260 137
230 260 138
230 260 139
230 261 140
229 261 141
228 260 142
228 261 143
228 262 144
227 262 145
227 263 146
227 263 147
227 264 148
226 263 149
226 264 150
225 264 151
224 263 152
223 263 153
222 264 153
221 263 154
220 263 155
221 263 156
222 264 157
221 265 156
220 266 157
219 265 157
218 265 158
217 265 159
138
246 253 25
246 253 26
246 253 27
246 253 28
246 253 29
246 253 30
246 253 31
246 253 32
245 253 33
245 253 34
245 253 35
245 253 36
245 253 37
245 253 38
245 253 39
245 253 40
245 253 41
245 253 42
245 253 43
245 253 44
245 253 45
245 253 46
245 253 47
244 254 48
244 253 49
244 253 50
245 252 51
245 252 52
245 252 53
245 252 54
245 252 55
246 251 56
245 252 57
245 252 58
245 252 59
244 252 60
244 253 61
244 253 62
244 253 63
243 253 64
243 253 65
243 253 66
243 253 67
243 254 68
243 254 69
242 254 70
243 254 71
243 253 72
244 254 73
244 253 74
243 253 75
242 252 76
243 253 77
242 252 78
243 251 79
244 252 80
244 253 81
245 254 82
245 254 83
244 253 84
244 253 85
243 253 86
244 254 87
244 253 88
244 253 89
244 253 90
244 252 91
243 252 92
243 253 93
242 253 94
242 254 95
243 255 96
243 255 97
244 255 98
245 255 99
244 255 100
243 255 101
243 256 102
243 256 103
242 255 104
242 255 105
241 255 106
241 255 107
241 255 108
242 255 109
241 255 110
241 255 111
240 255 112
240 256 113
241 256 114
242 256 115
243 256 116
242 256 117
241 256 117
240 255 118
239 256 119
239 256 120
239 256 121
238 257 122
237 256 123
237 257 124
237 257 125
237 258 126
236 258 127
236 259 128
235 258 129
235 259 130
234 259 131
234 259 132
233 258 133
233 259 134
232 259 135
231 259 136
231 260 137
230 260 138
230 260 139
230 261 140
229 261 141
228 260 142
228 261 143
228 262 144
227 262 145
227 263 146
227 263 147
227 264 148
226 263 149
226 264 150
225 264 151
224 263 152
223 262 152
222 261 153
221 260 153
220 260 154
219 260 155
218 260 156
217 260 157
217 261 158
218 262 162
138
246 253 25
246 253 26
246 253 27
246 253 28
246 253 29
246 253 30
246 253 31
246 253 32
245 253 33
245 253 34
245 253 35
245 253 36
245 253 37
245 253 38
245 253 39
245 253 40
245 253 41
245 253 42
245 253 43
245 253 44
245 253 45
245 253 46
245 253 47
244 254 48
244 253 49
244 253 50
245 252 51
245 252 52
245 252 53
245 252 54
245 252 55
246 251 56
245 252 57
245 252 58
245 252 59
244 252 60
244 253 61
244 253 62
244 253 63
243 253 64
243 253 65
243 253 66
243 253 67
243 254 68
243 254 69
242 254 70
243 254 71
243 253 72
244 254 73
244 253 74
243 253 75
242 252 76
243 253 77
242 252 78
243 251 79
244 252 80
244 253 81
245 254 82
245 254 83
244 253 84
244 253 85
243 253 86
244 254 87
244 253 88
244 253 89
244 253 90
244 252 91
243 252 92
243 253 93
242 253 94
242 254 95
243 255 96
243 255 97
244 255 98
245 255 99
244 255 100
243 255 101
243 256 102
243 256 103
242 255 104
242 255 105
241 255 106
241 255 107
241 255 108
242 255 109
241 255 110
241 255 111
240 255 112
240 256 113
241 256 114
242 256 115
243 256 116
242 256 117
241 256 117
240 255 118
239 256 119
239 256 120
239 256 121
238 257 122
237 256 123
237 257 124
237 257 125
237 258 126
236 258 127
236 259 128
235 258 129
235 259 130
234 259 131
234 259 132
233 258 133
233 259 134
232 259 135
231 259 136
231 260 137
230 260 138
230 260 139
230 261 140
229 261 141
228 260 142
228 261 143
228 262 144
227 262 145
227 263 146
227 263 147
227 264 148
226 263 149
226 264 150
225 264 151
224 263 152
223 263 153
223 264 154
224 264 155
225 265 156
226 266 157
225 266 158
224 266 159
223 267 159
222 267 158
138
246 253 25
246 253 26
246 253 27
246 253 28
246 253 29
246 253 30
246 253 31
246 253 32
245 253 33
245 253 34
245 253 35
245 253 36
245 253 37
245 253 38
245 253 39
245 253 40
245 253 41
245 253 42
245 253 43
245 253 44
245 253 45
245 253 46
245 253 47
244 254 48
244 253 49
244 253 50
245 252 51
245 252 52
245 252 53
245 252 54
245 252 55
246 251 56
245 252 57
245 252 58
245 252 59
244 252 60
244 253 61
244 253 62
244 253 63
243 253 64
243 253 65
243 253 66
243 253 67
243 254 68
243 254 69
242 254 70
243 254 71
243 253 72
244 254 73
244 253 74
243 253 75
242 252 76
243 253 77
242 252 78
243 251 79
244 252 80
244 253 81
245 254 82
245 254 83
244 253 84
244 253 85
243 253 86
244 254 87
244 253 88
244 253 89
244 253 90
244 252 91
243 252 92
243 253 93
242 253 94
242 254 95
243 255 96
243 255 97
244 255 98
245 255 99
244 255 100
243 255 101
243 256 102
243 256 103
242 255 104
242 255 105
241 255 106
241 255 107
241 255 108
242 255 109
241 255 110
241 255 111
240 255 112
240 256 113
241 256 114
242 256 115
243 256 116
242 256 117
241 256 117
240 255 118
239 256 119
239 256 120
239 256 121
238 257 122
237 256 123
237 257 124
237 257 125
237 258 126
236 258 127
236 259 128
235 258 129
235 259 130
234 259 131
234 259 132
233 258 133
233 259 134
232 259 135
231 259 136
231 260 137
230 260 138
230 260 139
230 261 140
229 261 141
228 260 142
228 261 143
228 262 144
227 262 145
227 263 146
227 263 147
227 264 148
226 263 149
226 264 150
225 264 151
224 263 152
223 263 153
222 264 153
221 263 154
220 263 155
221 263 156
222 264 157
221 265 156
220 266 157
221 267 158
136
246 253 25
246 253 26
246 253 27
246 253 28
246 253 29
246 253 30
246 253 31
246 253 32
245 253 33
245 253 34
245 253 35
245 253 36
245 253 37
245 253 38
245 253 39
245 253 40
245 253 41
245 253 42
245 253 43
245 253 44
245 253 45
245 253 46
245 253 47
244 254 48
244 253 49
244 253 50
245 252 51
245 252 52
245 252 53
245 252 54
245 252 55
246 251 56
245 252 57
245 252 58
245 252 59
244 252 60
244 253 61
244 253 62
244 253 63
243 253 64
243 253 65
243 253 66
243 253 67
243 254 68
243 254 69
242 254 70
243 254 71
243 253 72
244 254 73
244 253 74
243 253 75
242 252 76
243 253 77
242 252 78
243 251 79
244 252 80
244 253 81
245 254 82
245 254 83
244 253 84
244 253 85
243 253 86
244 254 87
244 253 88
244 253 89
244 253 90
244 252 91
243 252 92
243 253 93
242 253 94
242 254 95
243 255 96
243 255 97
244 255 98
245 255 99
244 255 100
243 255 101
243 256 102
243 256 103
242 255 104
242 255 105
241 255 106
241 255 107
241 255 108
242 255 109
241 255 110
241 255 111
240 255 112
240 256 113
241 256 114
242 256 115
243 256 116
242 256 117
241 256 117
240 255 118
239 256 119
239 256 120
239 256 121
238 257 122
237 256 123
237 257 124
237 257 125
237 258 126
236 258 127
236 259 128
235 258 129
235 259 130
234 259 131
234 259 132
233 258 133
233 259 134
232 259 135
231 259 136
231 260 137
230 260 138
230 260 139
230 261 140
229 261 141
228 260 142
228 261 143
228 262 144
227 262 145
227 263 146
227 263 147
227 264 148
226 263 149
226 264 150
225 264 151
224 263 152
223 263 153
222 264 153
221 263 154
220 263 155
221 263 156
222 264 157
223 265 158
130
246 253 25
246 253 26
246 253 27
246 253 28
246 253 29
246 253 30
246 253 31
246 253 32
245 253 33
245 253 34
245 253 35
245 253 36
245 253 37
245 253 38
245 253 39
245 253 40
245 253 41
245 253 42
245 253 43
245 253 44
245 253 45
245 253 46
245 253 47
244 254 48
244 253 49
244 253 50
245 252 51
245 252 52
245 252 53
245 252 54
245 252 55
246 251 56
245 252 57
245 252 58
245 252 59
244 252 60
244 253 61
244 253 62
244 253 63
243 253 64
243 253 65
243 253 66
243 253 67
243 254 68
243 254 69
242 254 70
243 254 71
243 253 72
244 254 73
244 253 74
243 253 75
242 252 76
243 253 77
242 252 78
243 251 79
244 252 80
244 253 81
245 254 82
245 254 83
244 253 84
244 253 85
243 253 86
244 254 87
244 253 88
244 253 89
244 253 90
244 252 91
243 252 92
243 253 93
242 253 94
242 254 95
243 255 96
243 255 97
244 255 98
245 255 99
244 255 100
243 255 101
243 256 102
243 256 103
242 255 104
242 255 105
241 255 106
241 255 107
241 255 108
242 255 109
241 255 110
241 255 111
240 255 112
240 256 113
241 256 114
242 256 115
243 256 116
242 256 117
241 256 117
240 255 118
241 254 117
242 253 118
243 253 119
243 252 120
243 251 121
244 252 122
244 252 123
244 251 124
244 251 125
244 251 126
244 250 127
244 250 128
244 250 129
244 250 130
243 249 131
244 250 132
244 250 133
245 250 134
245 250 135
246 251 136
247 251 137
248 251 137
249 251 138
250 251 139
250 251 140
250 250 141
251 249 142
251 249 143
251 248 144
251 247 145
250 247 146
251 247 147
251 247 148
251 247 149
251 246 150
127
246 253 25
246 253 26
246 253 27
246 253 28
246 253 29
246 253 30
246 253 31
246 253 32
245 253 33
245 253 34
245 253 35
245 253 36
245 253 37
245 253 38
245 253 39
245 253 40
245 253 41
245 253 42
245 253 43
245 253 44
245 253 45
245 253 46
245 253 47
244 254 48
244 253 49
244 253 50
245 252 51
245 252 52
245 252 53
245 252 54
245 252 55
246 251 56
245 252 57
245 252 58
245 252 59
244 252 60
244 253 61
244 253 62
244 253 63
243 253 64
243 253 65
243 253 66
243 253 67
243 254 68
243 254 69
242 254 70
243 254 71
243 253 72
244 254 73
244 253 74
243 253 75
242 252 76
243 253 77
242 252 78
243 251 79
244 252 80
244 253 81
245 254 82
245 254 83
244 253 84
244 253 85
243 253 86
244 254 87
244 253 88
244 253 89
244 253 90
244 252 91
243 252 92
243 253 93
242 253 94
242 254 95
243 255 96
243 255 97
244 255 98
245 255 99
244 255 100
243 255 101
243 256 102
243 256 103
242 255 104
242 255 105
241 255 106
241 255 107
241 255 108
242 255 109
241 255 110
241 255 111
240 255 112
240 256 113
241 256 114
242 256 115
243 256 116
242 256 117
241 256 117
240 255 118
241 254 117
242 253 118
243 253 119
243 252 120
243 251 121
244 252 122
244 252 123
244 251 124
244 251 125
244 251 126
244 250 127
244 250 128
244 250 129
244 250 130
243 249 131
244 250 132
244 250 133
245 250 134
245 250 135
246 251 136
247 251 137
246 250 138
246 249 139
246 249 140
246 250 141
246 250 142
246 249 143
247 250 144
246 250 145
247 249 146
247 248 146
248 247 146
127
246 253 25
246 253 26
246 253 27
246 253 28
246 253 29
246 253 30
246 253 31
246 253 32
245 253 33
245 253 34
245 253 35
245 253 36
245 253 37
245 253 38
245 253 39
245 253 40
245 253 41
245 253 42
245 253 43
245 253 44
245 253 45
245 253 46
245 253 47
244 254 48
244 253 49
244 253 50
245 252 51
245 252 52
245 252 53
245 252 54
245 252 55
246 251 56
245 252 57
245 252 58
245 252 59
244 252 60
244 253 61
244 253 62
244 253 63
243 253 64
243 253 65
243 253 66
243 253 67
243 254 68
243 254 69
242 254 70
243 254 71
243 253 72
244 254 73
244 253 74
243 253 75
242 252 76
243 253 77
242 252 78
243 251 79
244 252 80
244 253 81
245 254 82
245 254 83
244 253 84
244 253 85
243 253 86
244 254 87
244 253 88
244 253 89
244 253 90
244 252 91
243 252 92
243 253 93
242 253 94
242 254 95
243 255 96
243 255 97
244 255 98
245 255 99
244 255 100
243 255 101
243 256 102
243 256 103
242 255 104
242 255 105
241 255 106
241 255 107
241 255 108
242 255 109
241 255 110
241 255 111
240 255 112
240 256 113
241 256 114
242 256 115
243 256 116
242 256 117
241 256 117
240 255 118
241 254 117
242 253 118
243 253 119
243 252 120
243 251 121
244 252 122
244 252 123
244 251 124
244 251 125
244 251 126
244 250 127
244 250 128
244 250 129
244 250 130
243 249 131
244 250 132
244 250 133
245 250 134
245 250 135
246 251 136
247 251 137
248 251 137
249 251 138
250 251 139
250 251 140
250 250 141
251 249 142
251 249 143
251 248 144
251 247 145
250 247 146
249 247 146
126
246 253 25
246 253 26
246 253 27
246 253 28
246 253 29
246 253 30
246 253 31
246 253 32
245 253 33
245 253 34
245 253 35
245 253 36
245 253 37
245 253 38
245 253 39
245 253 40
245 253 41
245 253 42
245 253 43
245 253 44
245 253 45
245 253 46
245 253 47
244 254 48
244 253 49
244 253 50
245 252 51
245 252 52
245 252 53
245 252 54
245 252 55
246 251 56
245 252 57
245 252 58
245 252 59
244 252 60
244 253 61
244 253 62
244 253 63
243 253 64
243 253 65
243 253 66
243 253 67
243 254 68
243 254 69
242 254 70
243 254 71
243 253 72
244 254 73
244 253 74
243 253 75
242 252 76
243 253 77
242 252 78
243 251 79
244 252 80
244 253 81
245 254 82
245 254 83
244 253 84
244 253 85
243 253 86
244 254 87
244 253 88
244 253 89
244 253 90
244 252 91
243 252 92
243 253 93
242 253 94
242 254 95
243 255 96
243 255 97
244 255 98
245 255 99
244 255 100
243 255 101
243 256 102
243 256 103
242 255 104
242 255 105
241 255 106
241 255 107
241 255 108
242 255 109
241 255 110
241 255 111
240 255 112
240 256 113
241 256 114
242 256 115
243 256 116
242 256 117
241 256 117
240 255 118
241 254 117
242 253 118
243 253 119
243 252 120
243 251 121
244 252 122
244 252 123
244 251 124
244 251 125
244 251 126
244 250 127
244 250 128
244 250 129
244 250 130
243 249 131
243 248 131
242 247 130
241 246 130
240 245 130
239 245 131
238 245 132
238 244 133
238 244 134
238 245 135
237 245 136
237 245 137
237 245 138
237 245 139
237 246 140
237 246 141
236 246 142
123
246 253 25
246 253 26
246 253 27
246 253 28
246 253 29
246 253 30
246 253 31
246 253 32
245 253 33
245 253 34
245 253 35
245 253 36
245 253 37
245 253 38
245 253 39
245 253 40
245 253 41
245 253 42
245 253 43
245 253 44
245 253 45
245 253 46
245 253 47
244 254 48
244 253 49
244 253 50
245 252 51
245 252 52
245 252 53
245 252 54
245 252 55
246 251 56
245 252 57
245 252 58
245 252 59
244 252 60
244 253 61
244 253 62
244 253 63
243 253 64
243 253 65
243 253 66
243 253 67
243 254 68
243 254 69
242 254 70
243 254 71
243 253 72
244 254 73
244 253 74
243 253 75
242 252 76
243 253 77
242 252 78
243 251 79
244 252 80
244 253 81
245 254 82
245 254 83
244 253 84
244 253 85
243 253 86
244 254 87
244 253 88
244 253 89
244 253 90
244 252 91
243 252 92
243 253 93
242 253 94
242 254 95
243 255 96
243 255 97
244 255 98
245 255 99
244 255 100
243 255 101
243 256 102
243 256 103
242 255 104
242 255 105
241 255 106
241 255 107
241 255 108
242 255 109
241 255 110
241 255 111
240 255 112
240 256 113
241 256 114
242 256 115
243 256 116
242 256 117
241 256 117
240 255 118
241 254 117
242 253 118
243 253 119
243 252 120
243 251 121
244 252 122
244 252 123
244 251 124
244 251 125
244 251 126
244 250 127
244 250 128
244 250 129
244 250 130
243 249 131
244 250 132
244 250 133
245 250 134
245 250 135
246 251 136
247 251 137
248 251 137
249 251 138
250 251 139
250 251 140
250 250 141
249 249 142
248 250 143
115
246 253 25
246 253 26
246 253 27
246 253 28
246 253 29
246 253 30
246 253 31
246 253 32
245 253 33
245 253 34
245 253 35
245 253 36
245 253 37
245 253 38
245 253 39
245 253 40
245 253 41
245 253 42
245 253 43
245 253 44
245 253 45
245 253 46
245 253 47
244 254 48
244 253 49
244 253 50
245 252 51
245 252 52
245 252 53
245 252 54
245 252 55
246 251 56
245 252 57
245 252 58
245 252 59
244 252 60
244 253 61
244 253 62
244 253 63
243 253 64
243 253 65
243 253 66
243 253 67
243 254 68
243 254 69
242 254 70
243 254 71
243 253 72
244 254 73
244 253 74
243 253 75
242 252 76
243 253 77
242 252 78
243 251 79
244 252 80
244 253 81
245 254 82
245 254 83
244 253 84
244 253 85
243 253 86
244 254 87
244 253 88
244 253 89
244 253 90
244 252 91
243 252 92
243 253 93
242 253 94
242 254 95
243 255 96
243 255 97
244 255 98
245 255 99
244 255 100
243 255 101
243 256 102
243 256 103
242 255 104
242 255 105
241 255 106
241 255 107
241 255 108
242 255 109
241 255 110
241 255 111
240 255 112
240 256 113
241 256 114
242 256 115
243 256 116
242 256 117
241 256 117
240 255 118
239 256 119
239 256 120
239 256 121
238 257 122
237 256 123
237 257 124
237 257 125
237 258 126
236 258 127
236 259 128
235 258 129
235 259 130
235 260 130
235 261 131
234 262 132
234 263 132
234 264 132
235 265 131
236 266 132
237 266 133
115
246 253 25
246 253 26
246 253 27
246 253 28
246 253 29
246 253 30
246 253 31
246 253 32
245 253 33
245 253 34
245 253 35
245 253 36
245 253 37
245 253 38
245 253 39
245 253 40
245 253 41
245 253 42
245 253 43
245 253 44
245 253 45
245 253 46
245 253 47
244 254 48
244 253 49
244 253 50
245 252 51
245 252 52
245 252 53
245 252 54
245 252 55
246 251 56
245 252 57
245 252 58
245 252 59
244 252 60
244 253 61
244 253 62
244 253 63
243 253 64
243 253 65
243 253 66
243 253 67
243 254 68
243 254 69
242 254 70
243 254 71
243 253 72
244 254 73
244 253 74
243 253 75
242 252 76
243 253 77
242 252 78
243 251 79
244 252 80
244 253 81
245 254 82
245 254 83
244 253 84
244 253 85
243 253 86
244 254 87
244 253 88
244 253 89
244 253 90
244 252 91
243 252 92
243 253 93
242 253 94
242 254 95
243 255 96
243 255 97
244 255 98
245 255 99
245 254 100
246 253 101
247 253 102
248 253 103
248 253 104
248 253 105
249 253 106
249 253 107
249 253 108
249 253 109
250 253 110
250 253 111
250 252 112
250 252 113
251 252 114
251 252 115
251 252 116
251 251 117
251 251 118
252 251 119
252 251 120
252 250 121
253 251 122
253 250 123
253 250 124
253 249 125
253 249 126
254 248 127
254 248 128
254 248 129
254 247 130
255 247 131
255 247 132
255 246 133
255 246 134
255 246 135
255 245 136
255 245 137
256 245 138
256 245 139
113
246 253 25
246 253 26
246 253 27
246 253 28
246 253 29
246 253 30
246 253 31
246 253 32
245 253 33
245 253 34
245 253 35
245 253 36
245 253 37
245 253 38
245 253 39
245 253 40
245 253 41
245 253 42
245 253 43
245 253 44
245 253 45
245 253 46
245 253 47
244 254 48
244 253 49
244 253 50
245 252 51
245 252 52
245 252 53
245 252 54
245 252 55
246 251 56
245 252 57
245 252 58
245 252 59
244 252 60
244 253 61
244 253 62
244 253 63
243 253 64
243 253 65
243 253 66
243 253 67
243 254 68
243 254 69
242 254 70
243 254 71
243 253 72
244 254 73
244 253 74
243 253 75
242 252 76
243 253 77
242 252 78
243 251 79
244 252 80
244 253 81
245 254 82
245 254 83
244 253 84
244 253 85
243 253 86
244 254 87
244 253 88
244 253 89
244 253 90
244 252 91
243 252 92
243 253 93
242 253 94
242 254 95
243 255 96
243 255 97
244 255 98
245 255 99
244 255 100
243 255 101
243 256 102
243 256 103
242 255 104
242 255 105
241 255 106
241 255 107
241 255 108
242 255 109
241 255 110
241 255 111
240 255 112
240 256 113
241 256 114
242 256 115
243 256 116
242 256 117
241 256 117
240 255 118
239 256 119
239 256 120
239 256 121
238 257 122
237 256 123
237 257 124
237 257 125
237 258 126
236 258 127
236 259 128
235 258 129
235 259 130
235 260 130
235 261 131
235 262 130
235 263 129
236 264 129
237 265 130
88
246 253 25
246 253 26
246 253 27
246 253 28
246 253 29
246 253 30
246 253 31
246 253 32
245 253 33
245 253 34
245 253 35
245 253 36
245 253 37
245 253 38
245 253 39
245 253 40
245 253 41
245 253 42
245 253 43
245 253 44
245 253 45
245 253 46
245 253 47
244 254 48
244 253 49
244 253 50
245 252 51
245 252 52
245 252 53
245 252 54
245 252 55
246 251 56
245 252 57
245 252 58
245 252 59
244 252 60
244 253 61
244 253 62
244 253 63
243 253 64
243 253 65
243 253 66
243 253 67
243 254 68
243 254 69
242 254 70
243 254 71
243 253 72
244 254 73
244 253 74
243 253 75
242 252 76
243 253 77
242 252 78
243 251 79
244 252 80
244 253 81
245 254 82
245 254 83
244 253 84
244 253 85
243 253 86
244 254 87
244 253 88
244 253 89
244 253 90
244 252 91
243 251 92
244 250 93
244 249 94
245 248 95
244 248 96
244 248 97
244 247 98
244 247 99
245 247 100
244 246 101
243 246 101
242 246 101
241 246 102
241 246 103
241 246 104
240 245 105
240 245 106
240 244 107
240 244 108
239 244 109
240 244 110
82
246 253 25
246 253 26
246 253 27
246 253 28
246 253 29
246 253 30
246 253 31
246 253 32
245 253 33
245 253 34
245 253 35
245 253 36
245 253 37
245 253 38
245 253 39
245 253 40
245 253 41
245 253 42
245 253 43
245 253 44
245 253 45
245 253 46
245 253 47
244 254 48
244 253 49
244 253 50
245 252 51
245 252 52
245 252 53
245 252 54
245 252 55
246 251 56
245 252 57
245 252 58
245 252 59
244 252 60
244 253 61
244 253 62
244 253 63
243 253 64
243 253 65
243 253 66
243 253 67
243 254 68
243 254 69
242 254 70
243 254 71
243 253 72
244 254 73
244 253 74
243 253 75
242 252 76
243 253 77
242 252 78
243 251 79
244 252 80
244 253 81
245 254 82
245 254 83
244 253 84
244 253 85
243 253 86
244 254 87
244 253 88
244 253 89
244 253 90
244 252 91
243 251 92
244 250 93
244 249 94
245 248 95
244 248 96
244 248 97
244 247 98
243 247 99
242 247 99
241 247 99
240 247 98
239 248 98
238 249 99
238 250 99
239 251 100
81
246 253 25
246 253 26
246 253 27
246 253 28
246 253 29
246 253 30
246 253 31
246 253 32
245 253 33
245 253 34
245 253 35
245 253 36
245 253 37
245 253 38
245 253 39
245 253 40
245 253 41
245 253 42
245 253 43
245 253 44
245 253 45
245 253 46
245 253 47
244 254 48
244 253 49
244 253 50
245 252 51
245 252 52
245 252 53
245 252 54
245 252 55
246 251 56
245 252 57
245 252 58
245 252 59
244 252 60
244 253 61
244 253 62
244 253 63
243 253 64
243 253 65
243 253 66
243 253 67
243 254 68
243 254 69
242 254 70
243 254 71
243 253 72
244 254 73
244 253 74
243 253 75
242 252 76
243 253 77
242 252 78
243 251 79
244 252 80
244 253 81
245 254 82
245 254 83
244 253 84
244 253 85
243 253 86
244 254 87
244 253 88
244 253 89
244 253 90
244 252 91
243 252 92
243 253 93
242 253 94
242 254 95
243 255 96
243 255 97
244 255 98
245 255 99
244 255 100
243 255 101
242 255 101
241 254 101
241 253 100
240 252 100
73
246 253 25
246 253 26
246 253 27
246 253 28
246 253 29
246 253 30
246 253 31
246 253 32
245 253 33
245 253 34
245 253 35
245 253 36
245 253 37
245 253 38
245 253 39
245 253 40
245 253 41
245 253 42
245 253 43
245 253 44
245 253 45
245 253 46
245 253 47
244 254 48
244 253 49
244 253 50
245 252 51
245 252 52
245 252 53
245 252 54
245 252 55
246 251 56
245 252 57
245 252 58
245 252 59
244 252 60
244 253 61
244 253 62
244 253 63
243 253 64
243 253 65
243 253 66
243 253 67
243 254 68
243 254 69
242 254 70
243 254 71
243 253 72
244 254 73
244 253 74
243 253 75
242 252 76
243 253 77
242 252 78
241 252 79
240 252 80
239 252 81
239 252 82
238 252 83
239 252 84
238 252 85
237 252 86
237 252 87
236 252 88
236 252 89
236 251 90
235 251 91
235 251 92
234 251 93
234 251 94
234 251 95
234 251 96
233 251 97
72
246 253 25
246 253 26
246 253 27
246 253 28
246 253 29
246 253 30
246 253 31
246 253 32
245 253 33
245 253 34
245 253 35
245 253 36
245 253 37
245 253 38
245 253 39
245 253 40
245 253 41
245 253 42
245 253 43
245 253 44
245 253 45
245 253 46
245 253 47
244 254 48
244 253 49
244 253 50
245 252 51
245 252 52
245 252 53
245 252 54
245 252 55
246 251 56
245 252 57
245 252 58
245 252 59
244 252 60
244 253 61
244 253 62
244 253 63
243 253 64
243 253 65
243 253 66
243 253 67
243 254 68
243 254 69
242 254 70
243 254 71
243 253 72
244 254 73
244 253 74
243 253 75
242 252 76
243 253 77
242 252 78
243 251 79
242 250 78
241 249 79
240 249 80
240 248 81
239 248 82
239 248 83
239 247 84
240 247 85
241 246 86
241 246 87
241 246 88
240 245 89
241 245 90
241 245 91
240 244 92
240 244 93
240 244 94
67
246 253 25
246 253 26
246 253 27
246 253 28
246 253 29
246 253 30
246 253 31
246 253 32
245 253 33
245 253 34
245 253 35
245 253 36
245 253 37
245 253 38
245 253 39
245 253 40
245 253 41
245 253 42
245 253 43
245 253 44
245 253 45
245 253 46
245 253 47
244 254 48
244 253 49
244 253 50
245 252 51
245 252 52
245 252 53
245 252 54
245 252 55
246 251 56
245 252 57
245 252 58
245 252 59
244 252 60
244 253 61
244 253 62
244 253 63
243 253 64
243 253 65
243 253 66
243 253 67
243 254 68
243 254 69
242 254 70
243 254 71
243 253 72
244 254 73
244 253 74
243 253 75
242 252 76
243 253 77
242 252 78
243 251 79
242 250 78
241 249 79
240 249 80
240 248 81
239 248 82
239 248 83
239 247 84
238 247 85
237 248 86
238 247 87
238 246 88
236 246 92
67
246 253 25
246 253 26
246 253 27
246 253 28
246 253 29
246 253 30
246 253 31
246 253 32
245 253 33
245 253 34
245 253 35
245 253 36
245 253 37
245 253 38
245 253 39
245 253 40
245 253 41
245 253 42
245 253 43
245 253 44
245 253 45
245 253 46
245 253 47
244 254 48
244 253 49
244 253 50
245 252 51
245 252 52
245 252 53
245 252 54
245 252 55
246 251 56
245 252 57
245 252 58
245 252 59
244 252 60
244 253 61
244 253 62
244 253 63
243 253 64
243 253 65
243 253 66
243 253 67
243 254 68
243 254 69
242 254 70
243 254 71
243 253 72
244 254 73
244 253 74
243 253 75
242 252 76
243 253 77
242 252 78
243 251 79
244 252 80
244 253 81
245 254 82
245 255 81
245 256 81
246 257 81
246 258 80
245 259 81
244 259 82
243 259 83
243 259 84
243 259 85
67
246 253 25
246 253 26
246 253 27
246 253 28
246 253 29
246 253 30
246 253 31
246 253 32
245 253 33
245 253 34
245 253 35
245 253 36
245 253 37
245 253 38
245 253 39
245 253 40
245 253 41
245 253 42
245 253 43
245 253 44
245 253 45
245 253 46
245 253 47
244 254 48
244 253 49
244 253 50
245 252 51
245 252 52
245 252 53
245 252 54
245 252 55
246 251 56
245 252 57
245 252 58
245 252 59
244 252 60
244 253 61
244 253 62
244 253 63
243 253 64
243 253 65
243 253 66
243 253 67
243 254 68
243 254 69
242 254 70
243 254 71
243 253 72
244 254 73
244 253 74
243 253 75
242 252 76
243 253 77
242 252 78
243 251 79
244 252 80
244 253 81
245 254 82
245 254 83
244 253 84
244 253 85
243 253 86
244 254 87
245 255 87
245 256 87
245 257 86
244 258 86
66
246 253 25
246 253 26
246 253 27
246 253 28
246 253 29
246 253 30
246 253 31
246 253 32
245 253 33
245 253 34
245 253 35
245 253 36
245 253 37
245 253 38
245 253 39
245 253 40
245 253 41
245 253 42
245 253 43
245 253 44
245 253 45
245 253 46
245 253 47
244 254 48
244 253 49
244 253 50
245 252 51
245 252 52
245 252 53
245 252 54
245 252 55
246 251 56
245 252 57
245 252 58
245 252 59
244 252 60
244 253 61
244 253 62
244 253 63
243 253 64
243 253 65
243 253 66
243 253 67
243 254 68
243 254 69
242 254 70
243 254 71
243 253 72
244 254 73
244 253 74
243 253 75
242 252 76
243 253 77
242 252 78
243 251 79
242 250 78
241 249 79
240 249 80
240 248 81
239 248 82
239 248 83
239 247 84
238 247 85
237 248 86
238 247 87
238 246 88
63
246 253 25
246 253 26
246 253 27
246 253 28
246 253 29
246 253 30
246 253 31
246 253 32
245 253 33
245 253 34
245 253 35
245 253 36
245 253 37
245 253 38
245 253 39
245 253 40
245 253 41
245 253 42
245 253 43
245 253 44
245 253 45
245 253 46
245 253 47
244 254 48
244 253 49
244 253 50
245 252 51
245 252 52
245 252 53
245 252 54
245 252 55
246 251 56
245 252 57
245 252 58
245 252 59
244 252 60
244 253 61
244 253 62
244 253 63
243 253 64
243 253 65
243 253 66
243 253 67
243 254 68
243 254 69
242 254 70
243 254 71
243 253 72
244 254 73
244 253 74
243 253 75
242 252 76
243 253 77
242 252 78
241 252 79
240 252 80
239 252 81
239 252 82
238 252 83
239 252 84
240 253 85
241 253 86
242 253 86
54
246 253 25
246 253 26
246 253 27
246 253 28
246 253 29
246 253 30
246 253 31
246 253 32
245 253 33
245 253 34
245 253 35
245 253 36
245 253 37
245 253 38
245 253 39
245 253 40
245 253 41
245 253 42
245 253 43
245 253 44
245 253 45
245 253 46
245 253 47
244 254 48
244 253 49
244 253 50
245 252 51
245 252 52
245 252 53
245 252 54
245 252 55
246 251 56
245 252 57
245 252 58
245 252 59
244 252 60
244 253 61
244 253 62
244 253 63
243 253 64
243 253 65
243 253 66
243 253 67
243 254 68
243 254 69
242 254 70
242 255 71
242 256 71
242 257 72
241 257 73
240 256 72
239 256 73
239 255 74
240 254 75
53
246 253 25
246 253 26
246 253 27
246 253 28
246 253 29
246 253 30
246 253 31
246 253 32
245 253 33
245 253 34
245 253 35
245 253 36
245 253 37
245 253 38
245 253 39
245 253 40
245 253 41
245 253 42
245 253 43
245 253 44
245 253 45
245 253 46
245 253 47
244 254 48
244 253 49
244 253 50
245 252 51
245 252 52
245 252 53
245 252 54
245 252 55
246 251 56
245 252 57
245 252 58
245 252 59
244 252 60
244 253 61
244 253 62
244 253 63
243 253 64
243 253 65
243 253 66
243 253 67
243 254 68
243 254 69
242 254 70
243 254 71
243 253 72
244 254 73
244 253 74
243 253 75
242 252 76
241 253 76
38
246 253 25
246 253 26
246 253 27
246 253 28
246 253 29
246 253 30
246 253 31
246 253 32
245 253 33
245 253 34
245 253 35
245 253 36
245 253 37
245 253 38
245 253 39
245 253 40
245 253 41
245 253 42
245 253 43
245 253 44
245 253 45
245 253 46
245 253 47
244 254 48
244 253 49
244 253 50
245 252 51
245 252 52
245 252 53
245 252 54
245 252 55
246 251 56
245 252 57
245 252 58
245 252 59
244 251 60
244 250 60
244 249 61
