51
236
249 251 25
249 251 26
248 251 27
248 251 28
248 251 29
249 250 30
249 250 31
248 251 32
248 250 33
248 250 34
248 250 35
248 250 36
248 250 37
248 250 38
247 250 39
247 250 40
247 250 41
247 250 42
247 250 43
247 250 44
247 250 45
247 249 46
247 249 47
247 249 48
247 249 49
246 250 50
246 249 51
246 249 52
246 249 53
246 249 54
246 249 55
246 249 56
246 249 57
245 249 58
245 249 59
245 249 60
245 249 61
245 248 62
245 248 63
245 248 64
245 248 65
244 249 66
244 248 67
244 248 68
244 248 69
244 248 70
243 249 71
244 249 72
243 248 73
243 248 74
243 248 75
243 247 76
243 247 77
243 247 78
243 247 79
243 247 80
243 247 81
243 247 82
243 247 83
243 247 84
243 247 85
243 247 86
243 247 87
243 247 88
242 246 89
242 246 90
242 246 91
241 246 92
241 247 93
241 247 94
241 247 95
241 247 96
241 247 97
240 247 98
240 247 99
239 247 100
238 246 101
239 247 102
239 247 103
238 246 104
237 245 105
236 245 106
235 244 107
234 245 108
235 245 109
236 245 110
237 245 111
238 246 112
239 246 113
240 246 114
239 245 115
239 245 116
239 245 117
239 245 118
239 244 119
239 244 120
238 244 121
238 244 122
238 244 123
238 244 124
238 244 125
238 243 126
238 243 127
238 243 128
238 243 129
238 243 130
238 243 131
239 243 132
238 243 133
238 243 134
238 243 135
238 243 136
238 243 137
237 242 138
238 242 139
238 242 140
237 242 141
237 242 142
237 242 143
237 242 144
237 241 145
237 241 146
236 241 147
235 241 148
235 242 149
235 242 150
235 242 151
235 242 152
234 242 153
234 242 154
235 243 155
235 243 156
234 242 157
234 242 158
234 242 159
234 242 160
234 242 161
235 243 162
235 243 163
235 243 164
235 243 165
234 242 166
234 243 167
234 244 168
233 245 169
233 245 170
232 245 171
232 245 172
232 245 173
232 246 174
231 246 175
231 246 176
230 246 177
230 246 178
230 247 179
230 247 180
229 247 181
229 247 182
229 247 183
228 246 184
228 247 185
228 247 186
228 247 187
228 247 188
228 247 189
228 247 190
228 247 191
227 247 192
227 247 193
227 247 194
227 247 195
227 247 196
226 247 197
225 246 198
226 247 199
227 247 200
226 247 201
226 247 202
226 247 203
226 247 204
226 247 205
225 248 206
225 248 207
225 248 208
225 248 209
225 248 210
225 248 211
225 248 212
225 248 213
224 248 214
224 248 215
223 249 216
223 249 217
223 249 218
224 249 219
223 249 220
223 249 221
223 249 222
222 249 223
222 250 224
222 250 225
222 249 226
221 250 227
221 250 228
221 250 229
221 250 230
220 250 231
220 250 232
221 249 233
220 249 234
220 249 235
219 250 236
220 249 237
220 249 238
219 249 239
219 249 240
219 249 241
219 249 242
219 249 243
219 249 244
218 249 245
218 249 246
218 249 247
218 249 248
218 250 249
217 249 250
217 249 251
217 249 252
217 249 253
217 249 254
217 250 255
216 249 256
216 249 257
216 249 258
216 249 259
215 249 260
226
249 251 25
249 251 26
248 251 27
248 251 28
248 251 29
249 250 30
249 250 31
248 251 32
248 250 33
248 250 34
248 250 35
248 250 36
248 250 37
248 250 38
247 250 39
247 250 40
247 250 41
247 250 42
247 250 43
247 250 44
247 250 45
247 249 46
247 249 47
247 249 48
247 249 49
246 250 50
246 249 51
246 249 52
246 249 53
246 249 54
246 249 55
246 249 56
246 249 57
245 249 58
245 249 59
245 249 60
245 249 61
245 248 62
245 248 63
245 248 64
245 248 65
244 249 66
244 248 67
244 248 68
244 248 69
244 248 70
243 249 71
244 249 72
243 248 73
243 248 74
243 248 75
243 247 76
243 247 77
243 247 78
243 247 79
243 247 80
243 247 81
243 247 82
243 247 83
243 247 84
243 247 85
243 247 86
243 247 87
243 247 88
242 246 89
242 246 90
242 246 91
241 246 92
241 247 93
241 247 94
241 247 95
241 247 96
241 247 97
240 247 98
240 247 99
239 247 100
238 246 101
239 247 102
239 247 103
238 246 104
237 245 105
236 245 106
235 244 107
234 245 108
234 246 109
234 247 110
235 248 111
236 249 112
237 250 113
237 250 114
237 250 115
236 250 116
236 250 117
236 250 118
236 251 119
236 251 120
237 251 121
237 251 122
236 251 123
236 252 124
236 252 125
235 252 126
234 252 127
234 253 128
233 253 129
232 253 130
232 254 131
231 254 132
230 254 133
230 254 134
231 255 135
230 255 136
229 255 137
229 255 138
229 256 139
229 256 140
228 256 141
228 256 142
227 256 143
227 257 144
227 258 145
226 258 146
225 258 147
225 259 148
224 259 149
224 259 150
224 259 151
223 259 152
223 259 153
223 260 154
222 260 155
222 261 156
222 261 157
221 262 158
220 262 159
220 263 160
219 264 161
218 264 162
218 265 163
217 266 164
216 266 165
215 266 166
215 267 167
214 267 168
213 267 169
213 268 170
213 268 171
213 269 172
212 269 173
211 269 174
211 270 175
210 270 176
209 270 177
209 271 178
208 271 179
207 272 180
206 272 181
205 273 182
205 274 182
204 275 183
203 276 184
202 277 185
201 278 186
200 278 186
199 279 187
199 280 188
198 281 188
197 282 189
197 283 190
196 283 191
195 283 191
194 284 192
193 285 193
192 286 194
191 287 195
190 287 196
190 288 197
189 289 198
188 290 199
187 290 199
186 290 199
185 290 200
184 291 201
183 292 202
183 293 203
182 294 204
181 294 205
180 295 206
179 296 207
178 297 208
177 297 208
176 298 208
175 299 209
174 299 209
173 299 209
172 299 209
171 300 210
170 300 210
169 301 211
168 302 211
167 302 212
166 303 212
165 304 212
164 305 212
163 306 212
162 307 213
161 308 213
160 308 213
159 309 213
158 308 214
157 308 214
156 309 214
155 310 214
154 311 215
153 312 215
152 312 215
151 312 215
150 312 215
149 312 215
148 312 215
143 318 214
137 323 211
136 323 210
135 323 210
127 327 201
126 327 179
226
249 251 25
249 251 26
248 251 27
248 251 28
248 251 29
249 250 30
249 250 31
248 251 32
248 250 33
248 250 34
248 250 35
248 250 36
248 250 37
248 250 38
247 250 39
247 250 40
247 250 41
247 250 42
247 250 43
247 250 44
247 250 45
247 249 46
247 249 47
247 249 48
247 249 49
246 250 50
246 249 51
246 249 52
246 249 53
246 249 54
246 249 55
246 249 56
246 249 57
245 249 58
245 249 59
245 249 60
245 249 61
245 248 62
245 248 63
245 248 64
245 248 65
244 249 66
244 248 67
244 248 68
244 248 69
244 248 70
243 249 71
244 249 72
243 248 73
243 248 74
243 248 75
243 247 76
243 247 77
243 247 78
243 247 79
243 247 80
243 247 81
243 247 82
243 247 83
243 247 84
243 247 85
243 247 86
243 247 87
243 247 88
242 246 89
242 246 90
242 246 91
241 246 92
241 247 93
241 247 94
241 247 95
241 247 96
241 247 97
240 247 98
240 247 99
239 247 100
238 246 101
239 247 102
239 247 103
238 246 104
237 245 105
236 245 106
235 244 107
234 245 108
234 246 109
234 247 110
235 248 111
236 249 112
237 250 113
237 250 114
237 250 115
236 250 116
236 250 117
236 250 118
236 251 119
236 251 120
237 251 121
237 251 122
236 251 123
236 252 124
236 252 125
235 252 126
234 252 127
234 253 128
233 253 129
232 253 130
232 254 131
231 254 132
230 254 133
230 254 134
231 255 135
230 255 136
229 255 137
229 255 138
229 256 139
229 256 140
228 256 141
228 256 142
227 256 143
227 257 144
227 258 145
226 258 146
225 258 147
225 259 148
224 259 149
224 259 150
224 259 151
223 259 152
223 259 153
223 260 154
222 260 155
222 261 156
222 261 157
221 262 158
220 262 159
220 263 160
219 264 161
218 264 162
218 265 163
217 266 164
216 266 165
215 266 166
215 267 167
214 267 168
213 267 169
213 268 170
213 268 171
213 269 172
212 269 173
211 269 174
211 270 175
210 270 176
209 270 177
209 271 178
208 271 179
207 272 180
206 272 181
205 273 182
205 274 182
204 275 183
203 276 184
202 277 185
201 278 186
200 278 186
199 279 187
199 280 188
198 281 188
197 282 189
197 283 190
196 283 191
195 283 191
194 284 192
193 285 193
192 286 194
191 287 195
190 287 196
190 288 197
189 289 198
188 290 199
187 290 199
186 290 199
185 290 200
184 291 201
183 292 202
183 293 203
182 294 204
181 294 205
180 295 206
179 296 207
178 297 208
177 297 208
176 298 208
175 299 209
174 299 209
173 299 209
172 299 209
171 300 210
170 300 210
169 301 211
168 302 211
167 302 212
166 303 212
165 304 212
164 305 212
163 306 212
162 307 213
161 308 213
160 308 213
159 309 213
158 308 214
157 308 214
156 309 214
155 310 214
154 311 215
153 312 215
152 312 215
151 312 215
150 312 215
149 312 215
148 312 215
143 318 214
137 323 211
136 323 210
135 323 210
127 327 201
126 328 180
225
249 251 25
249 251 26
248 251 27
248 251 28
248 251 29
249 250 30
249 250 31
248 251 32
248 250 33
248 250 34
248 250 35
248 250 36
248 250 37
248 250 38
247 250 39
247 250 40
247 250 41
247 250 42
247 250 43
247 250 44
247 250 45
247 249 46
247 249 47
247 249 48
247 249 49
246 250 50
246 249 51
246 249 52
246 249 53
246 249 54
246 249 55
246 249 56
246 249 57
245 249 58
245 249 59
245 249 60
245 249 61
245 248 62
245 248 63
245 248 64
245 248 65
244 249 66
244 248 67
244 248 68
244 248 69
244 248 70
243 249 71
244 249 72
243 248 73
243 248 74
243 248 75
243 247 76
243 247 77
243 247 78
243 247 79
243 247 80
243 247 81
243 247 82
243 247 83
243 247 84
243 247 85
243 247 86
243 247 87
243 247 88
242 246 89
242 246 90
242 246 91
241 246 92
241 247 93
241 247 94
241 247 95
241 247 96
241 247 97
240 247 98
240 247 99
239 247 100
238 246 101
239 247 102
239 247 103
238 246 104
237 245 105
236 245 106
235 244 107
234 245 108
234 246 109
234 247 110
235 248 111
236 249 112
237 250 113
237 250 114
237 250 115
236 250 116
236 250 117
236 250 118
236 251 119
236 251 120
237 251 121
237 251 122
236 251 123
236 252 124
236 252 125
235 252 126
234 252 127
234 253 128
233 253 129
232 253 130
232 254 131
231 254 132
230 254 133
230 254 134
231 255 135
230 255 136
229 255 137
229 255 138
229 256 139
229 256 140
228 256 141
228 256 142
227 256 143
227 257 144
227 258 145
226 258 146
225 258 147
225 259 148
224 259 149
224 259 150
224 259 151
223 259 152
223 259 153
223 260 154
222 260 155
222 261 156
222 261 157
221 262 158
220 262 159
220 263 160
219 264 161
218 264 162
218 265 163
217 266 164
216 266 165
215 266 166
215 267 167
214 267 168
213 267 169
213 268 170
213 268 171
213 269 172
212 269 173
211 269 174
211 270 175
210 270 176
209 270 177
209 271 178
208 271 179
207 272 180
206 272 181
205 273 182
205 274 182
204 275 183
203 276 184
202 277 185
201 278 186
200 278 186
199 279 187
199 280 188
198 281 188
197 282 189
197 283 190
196 283 191
195 283 191
194 284 192
193 285 193
192 286 194
191 287 195
190 287 196
190 288 197
189 289 198
188 290 199
187 290 199
186 290 199
185 290 200
184 291 201
183 292 202
183 293 203
182 294 204
181 294 205
180 295 206
179 296 207
178 297 208
177 297 208
176 298 208
175 299 209
174 299 209
173 299 209
172 299 209
171 300 210
170 300 210
169 301 211
168 302 211
167 302 212
166 303 212
165 304 212
164 305 212
163 306 212
162 307 213
161 308 213
160 308 213
159 309 213
158 308 214
157 308 214
156 309 214
155 310 214
154 311 215
153 312 215
152 312 215
151 312 215
150 312 215
149 312 215
148 312 215
143 318 214
137 323 211
136 323 210
135 323 210
127 327 201
224
249 251 25
249 251 26
248 251 27
248 251 28
248 251 29
249 250 30
249 250 31
248 251 32
248 250 33
248 250 34
248 250 35
248 250 36
248 250 37
248 250 38
247 250 39
247 250 40
247 250 41
247 250 42
247 250 43
247 250 44
247 250 45
247 249 46
247 249 47
247 249 48
247 249 49
246 250 50
246 249 51
246 249 52
246 249 53
246 249 54
246 249 55
246 249 56
246 249 57
245 249 58
245 249 59
245 249 60
245 249 61
245 248 62
245 248 63
245 248 64
245 248 65
244 249 66
244 248 67
244 248 68
244 248 69
244 248 70
243 249 71
244 249 72
243 248 73
243 248 74
243 248 75
243 247 76
243 247 77
243 247 78
243 247 79
243 247 80
243 247 81
243 247 82
243 247 83
243 247 84
243 247 85
243 247 86
243 247 87
243 247 88
242 246 89
242 246 90
242 246 91
241 246 92
241 247 93
241 247 94
241 247 95
241 247 96
241 247 97
240 247 98
240 247 99
239 247 100
238 246 101
239 247 102
239 247 103
238 246 104
237 245 105
236 245 106
235 244 107
234 245 108
234 246 109
234 247 110
235 248 111
236 249 112
237 250 113
237 250 114
237 250 115
236 250 116
236 250 117
236 250 118
236 251 119
236 251 120
237 251 121
237 251 122
236 251 123
236 252 124
236 252 125
235 252 126
234 252 127
234 253 128
233 253 129
232 253 130
232 254 131
231 254 132
230 254 133
230 254 134
231 255 135
230 255 136
229 255 137
229 255 138
229 256 139
229 256 140
228 256 141
228 256 142
227 256 143
227 257 144
227 258 145
226 258 146
225 258 147
225 259 148
224 259 149
224 259 150
224 259 151
223 259 152
223 259 153
223 260 154
222 260 155
222 261 156
222 261 157
221 262 158
220 262 159
220 263 160
219 264 161
218 264 162
218 265 163
217 266 164
216 266 165
215 266 166
215 267 167
214 267 168
213 267 169
213 268 170
213 268 171
213 269 172
212 269 173
211 269 174
211 270 175
210 270 176
209 270 177
209 271 178
208 271 179
207 272 180
206 272 181
205 273 182
205 274 182
204 275 183
203 276 184
202 277 185
201 278 186
200 278 186
199 279 187
199 280 188
198 281 188
197 282 189
197 283 190
196 283 191
195 283 191
194 284 192
193 285 193
192 286 194
191 287 195
190 287 196
190 288 197
189 289 198
188 290 199
187 290 199
186 290 199
185 290 200
184 291 201
183 292 202
183 293 203
182 294 204
181 294 205
180 295 206
179 296 207
178 297 208
177 297 208
176 298 208
175 299 209
174 299 209
173 299 209
172 299 209
171 300 210
170 300 210
169 301 211
168 302 211
167 302 212
166 303 212
165 304 212
164 305 212
163 306 212
162 307 213
161 308 213
160 308 213
159 309 213
158 308 214
157 308 214
156 309 214
155 310 214
154 311 215
153 312 215
152 312 215
151 312 215
150 312 215
149 312 215
148 312 215
143 318 214
137 323 211
136 323 210
135 323 210
222
249 251 25
249 251 26
248 251 27
248 251 28
248 251 29
249 250 30
249 250 31
248 251 32
248 250 33
248 250 34
248 250 35
248 250 36
248 250 37
248 250 38
247 250 39
247 250 40
247 250 41
247 250 42
247 250 43
247 250 44
247 250 45
247 249 46
247 249 47
247 249 48
247 249 49
246 250 50
246 249 51
246 249 52
246 249 53
246 249 54
246 249 55
246 249 56
246 249 57
245 249 58
245 249 59
245 249 60
245 249 61
245 248 62
245 248 63
245 248 64
245 248 65
244 249 66
244 248 67
244 248 68
244 248 69
244 248 70
243 249 71
244 249 72
243 248 73
243 248 74
243 248 75
243 247 76
243 247 77
243 247 78
243 247 79
243 247 80
243 247 81
243 247 82
243 247 83
243 247 84
243 247 85
243 247 86
243 247 87
243 247 88
242 246 89
242 246 90
242 246 91
241 246 92
241 247 93
241 247 94
241 247 95
241 247 96
241 247 97
240 247 98
240 247 99
239 247 100
238 246 101
239 247 102
239 247 103
238 246 104
237 245 105
236 245 106
235 244 107
234 245 108
234 246 109
234 247 110
235 248 111
236 249 112
237 250 113
237 250 114
237 250 115
236 250 116
236 250 117
236 250 118
236 251 119
236 251 120
237 251 121
237 251 122
236 251 123
236 252 124
236 252 125
235 252 126
234 252 127
234 253 128
233 253 129
232 253 130
232 254 131
231 254 132
230 254 133
230 254 134
231 255 135
230 255 136
229 255 137
229 255 138
229 256 139
229 256 140
228 256 141
228 256 142
227 256 143
227 257 144
227 258 145
226 258 146
225 258 147
225 259 148
224 259 149
224 259 150
224 259 151
223 259 152
223 259 153
223 260 154
222 260 155
222 261 156
222 261 157
221 262 158
220 262 159
220 263 160
219 264 161
218 264 162
218 265 163
217 266 164
216 266 165
215 266 166
215 267 167
214 267 168
213 267 169
213 268 170
213 268 171
213 269 172
212 269 173
211 269 174
211 270 175
210 270 176
209 270 177
209 271 178
208 271 179
207 272 180
206 272 181
205 273 182
205 274 182
204 275 183
203 276 184
202 277 185
201 278 186
200 278 186
199 279 187
199 280 188
198 281 188
197 282 189
197 283 190
196 283 191
195 283 191
194 284 192
193 285 193
192 286 194
191 287 195
190 287 196
190 288 197
189 289 198
188 290 199
187 290 199
186 290 199
185 290 200
184 291 201
183 292 202
183 293 203
182 294 204
181 294 205
180 295 206
179 296 207
178 297 208
177 297 208
176 298 208
175 299 209
174 299 209
173 299 209
172 299 209
171 300 210
170 300 210
169 301 211
168 302 211
167 302 212
166 303 212
165 304 212
164 305 212
163 306 212
162 307 213
161 308 213
160 308 213
159 309 213
158 308 214
157 308 214
156 309 214
155 310 214
154 311 215
153 312 215
152 312 215
151 312 215
150 312 215
149 312 215
148 312 215
143 318 214
137 323 211
221
249 251 25
249 251 26
248 251 27
248 251 28
248 251 29
249 250 30
249 250 31
248 251 32
248 250 33
248 250 34
248 250 35
248 250 36
248 250 37
248 250 38
247 250 39
247 250 40
247 250 41
247 250 42
247 250 43
247 250 44
247 250 45
247 249 46
247 249 47
247 249 48
247 249 49
246 250 50
246 249 51
246 249 52
246 249 53
246 249 54
246 249 55
246 249 56
246 249 57
245 249 58
245 249 59
245 249 60
245 249 61
245 248 62
245 248 63
245 248 64
245 248 65
244 249 66
244 248 67
244 248 68
244 248 69
244 248 70
243 249 71
244 249 72
243 248 73
243 248 74
243 248 75
243 247 76
243 247 77
243 247 78
243 247 79
243 247 80
243 247 81
243 247 82
243 247 83
243 247 84
243 247 85
243 247 86
243 247 87
243 247 88
242 246 89
242 246 90
242 246 91
241 246 92
241 247 93
241 247 94
241 247 95
241 247 96
241 247 97
240 247 98
240 247 99
239 247 100
238 246 101
239 247 102
239 247 103
238 246 104
237 245 105
236 245 106
235 244 107
234 245 108
234 246 109
234 247 110
235 248 111
236 249 112
237 250 113
237 250 114
237 250 115
236 250 116
236 250 117
236 250 118
236 251 119
236 251 120
237 251 121
237 251 122
236 251 123
236 252 124
236 252 125
235 252 126
234 252 127
234 253 128
233 253 129
232 253 130
232 254 131
231 254 132
230 254 133
230 254 134
231 255 135
230 255 136
229 255 137
229 255 138
229 256 139
229 256 140
228 256 141
228 256 142
227 256 143
227 257 144
227 258 145
226 258 146
225 258 147
225 259 148
224 259 149
224 259 150
224 259 151
223 259 152
223 259 153
223 260 154
222 260 155
222 261 156
222 261 157
221 262 158
220 262 159
220 263 160
219 264 161
218 264 162
218 265 163
217 266 164
216 266 165
215 266 166
215 267 167
214 267 168
213 267 169
213 268 170
213 268 171
213 269 172
212 269 173
211 269 174
211 270 175
210 270 176
209 270 177
209 271 178
208 271 179
207 272 180
206 272 181
205 273 182
205 274 182
204 275 183
203 276 184
202 277 185
201 278 186
200 278 186
199 279 187
199 280 188
198 281 188
197 282 189
197 283 190
196 283 191
195 283 191
194 284 192
193 285 193
192 286 194
191 287 195
190 287 196
190 288 197
189 289 198
188 290 199
187 290 199
186 290 199
185 290 200
184 291 201
183 292 202
183 293 203
182 294 204
181 294 205
180 295 206
179 296 207
178 297 208
177 297 208
176 298 208
175 299 209
174 299 209
173 299 209
172 299 209
171 300 210
170 300 210
169 301 211
168 302 211
167 302 212
166 303 212
165 304 212
164 305 212
163 306 212
162 307 213
161 308 213
160 308 213
159 309 213
158 308 214
157 308 214
156 309 214
155 310 214
154 311 215
153 312 215
152 312 215
151 312 215
150 312 215
149 312 215
148 312 215
143 318 214
221
249 251 25
249 251 26
248 251 27
248 251 28
248 251 29
249 250 30
249 250 31
248 251 32
248 250 33
248 250 34
248 250 35
248 250 36
248 250 37
248 250 38
247 250 39
247 250 40
247 250 41
247 250 42
247 250 43
247 250 44
247 250 45
247 249 46
247 249 47
247 249 48
247 249 49
246 250 50
246 249 51
246 249 52
246 249 53
246 249 54
246 249 55
246 249 56
246 249 57
245 249 58
245 249 59
245 249 60
245 249 61
245 248 62
245 248 63
245 248 64
245 248 65
244 249 66
244 248 67
244 248 68
244 248 69
244 248 70
243 249 71
244 249 72
243 248 73
243 248 74
243 248 75
243 247 76
243 247 77
243 247 78
243 247 79
243 247 80
243 247 81
243 247 82
243 247 83
243 247 84
243 247 85
243 247 86
243 247 87
243 247 88
242 246 89
242 246 90
242 246 91
241 246 92
241 247 93
241 247 94
241 247 95
241 247 96
241 247 97
240 247 98
240 247 99
239 247 100
238 246 101
239 247 102
239 247 103
238 246 104
237 245 105
236 245 106
235 244 107
234 245 108
234 246 109
234 247 110
235 248 111
236 249 112
237 250 113
237 250 114
237 250 115
236 250 116
236 250 117
236 250 118
236 251 119
236 251 120
237 251 121
237 251 122
236 251 123
236 252 124
236 252 125
235 252 126
234 252 127
234 253 128
233 253 129
232 253 130
232 254 131
231 254 132
230 254 133
230 254 134
231 255 135
230 255 136
229 255 137
229 255 138
229 256 139
229 256 140
228 256 141
228 256 142
227 256 143
227 257 144
227 258 145
226 258 146
225 258 147
225 259 148
224 259 149
224 259 150
224 259 151
223 259 152
223 259 153
223 260 154
222 260 155
222 261 156
222 261 157
221 262 158
220 262 159
220 263 160
219 264 161
218 264 162
218 265 163
217 266 164
216 266 165
215 266 166
215 267 167
214 267 168
213 267 169
213 268 170
213 268 171
213 269 172
212 269 173
211 269 174
211 270 175
210 270 176
209 270 177
209 271 178
208 271 179
207 272 180
206 272 181
205 273 182
205 274 182
204 275 183
203 276 184
202 277 185
201 278 186
200 278 186
199 279 187
199 280 188
198 281 188
197 282 189
197 283 190
196 283 191
195 283 191
194 284 192
193 285 193
192 286 194
191 287 195
190 287 196
190 288 197
189 289 198
188 290 199
187 290 199
186 290 199
185 290 200
184 291 201
183 292 202
183 293 203
182 294 204
181 294 205
180 295 206
179 296 207
178 297 208
177 297 208
176 298 208
175 299 209
174 299 209
173 299 209
172 299 209
171 300 210
170 300 210
169 301 211
168 302 211
167 302 212
166 303 212
165 304 212
164 305 212
163 306 212
162 307 213
161 308 213
160 308 213
159 309 213
158 308 214
157 308 214
156 309 214
155 310 214
154 311 215
153 312 215
152 312 215
151 312 215
150 312 215
149 312 215
148 312 215
145 320 214
221
249 251 25
249 251 26
248 251 27
248 251 28
248 251 29
249 250 30
249 250 31
248 251 32
248 250 33
248 250 34
248 250 35
248 250 36
248 250 37
248 250 38
247 250 39
247 250 40
247 250 41
247 250 42
247 250 43
247 250 44
247 250 45
247 249 46
247 249 47
247 249 48
247 249 49
246 250 50
246 249 51
246 249 52
246 249 53
246 249 54
246 249 55
246 249 56
246 249 57
245 249 58
245 249 59
245 249 60
245 249 61
245 248 62
245 248 63
245 248 64
245 248 65
244 249 66
244 248 67
244 248 68
244 248 69
244 248 70
243 249 71
244 249 72
243 248 73
243 248 74
243 248 75
243 247 76
243 247 77
243 247 78
243 247 79
243 247 80
243 247 81
243 247 82
243 247 83
243 247 84
243 247 85
243 247 86
243 247 87
243 247 88
242 246 89
242 246 90
242 246 91
241 246 92
241 247 93
241 247 94
241 247 95
241 247 96
241 247 97
240 247 98
240 247 99
239 247 100
238 246 101
239 247 102
239 247 103
238 246 104
237 245 105
236 245 106
235 244 107
234 245 108
234 246 109
234 247 110
235 248 111
236 249 112
237 250 113
237 250 114
237 250 115
236 250 116
236 250 117
236 250 118
236 251 119
236 251 120
237 251 121
237 251 122
236 251 123
236 252 124
236 252 125
235 252 126
234 252 127
234 253 128
233 253 129
232 253 130
232 254 131
231 254 132
230 254 133
230 254 134
231 255 135
230 255 136
229 255 137
229 255 138
229 256 139
229 256 140
228 256 141
228 256 142
227 256 143
227 257 144
227 258 145
226 258 146
225 258 147
225 259 148
224 259 149
224 259 150
224 259 151
223 259 152
223 259 153
223 260 154
222 260 155
222 261 156
222 261 157
221 262 158
220 262 159
220 263 160
219 264 161
218 264 162
218 265 163
217 266 164
216 266 165
215 266 166
215 267 167
214 267 168
213 267 169
213 268 170
213 268 171
213 269 172
212 269 173
211 269 174
211 270 175
210 270 176
209 270 177
209 271 178
208 271 179
207 272 180
206 272 181
205 273 182
205 274 182
204 275 183
203 276 184
202 277 185
201 278 186
200 278 186
199 279 187
199 280 188
198 281 188
197 282 189
197 283 190
196 283 191
195 283 191
194 284 192
193 285 193
192 286 194
191 287 195
190 287 196
190 288 197
189 289 198
188 290 199
187 290 199
186 290 199
185 290 200
184 291 201
183 292 202
183 293 203
182 294 204
181 294 205
180 295 206
179 296 207
178 297 208
177 297 208
176 298 208
175 299 209
174 299 209
173 299 209
172 299 209
171 300 210
170 300 210
169 301 211
168 302 211
167 302 212
166 303 212
165 304 212
164 305 212
163 306 212
162 307 213
161 308 213
160 308 213
159 309 213
158 308 214
157 308 214
156 309 214
155 310 214
154 311 215
153 312 215
152 312 215
151 312 215
150 312 215
149 312 215
148 312 215
146 321 214
221
249 251 25
249 251 26
248 251 27
248 251 28
248 251 29
249 250 30
249 250 31
248 251 32
248 250 33
248 250 34
248 250 35
248 250 36
248 250 37
248 250 38
247 250 39
247 250 40
247 250 41
247 250 42
247 250 43
247 250 44
247 250 45
247 249 46
247 249 47
247 249 48
247 249 49
246 250 50
246 249 51
246 249 52
246 249 53
246 249 54
246 249 55
246 249 56
246 249 57
245 249 58
245 249 59
245 249 60
245 249 61
245 248 62
245 248 63
245 248 64
245 248 65
244 249 66
244 248 67
244 248 68
244 248 69
244 248 70
243 249 71
244 249 72
243 248 73
243 248 74
243 248 75
243 247 76
243 247 77
243 247 78
243 247 79
243 247 80
243 247 81
243 247 82
243 247 83
243 247 84
243 247 85
243 247 86
243 247 87
243 247 88
242 246 89
242 246 90
242 246 91
241 246 92
241 247 93
241 247 94
241 247 95
241 247 96
241 247 97
240 247 98
240 247 99
239 247 100
238 246 101
239 247 102
239 247 103
238 246 104
237 245 105
236 245 106
235 244 107
234 245 108
234 246 109
234 247 110
235 248 111
236 249 112
237 250 113
237 250 114
237 250 115
236 250 116
236 250 117
236 250 118
236 251 119
236 251 120
237 251 121
237 251 122
236 251 123
236 252 124
236 252 125
235 252 126
234 252 127
234 253 128
233 253 129
232 253 130
232 254 131
231 254 132
230 254 133
230 254 134
231 255 135
230 255 136
229 255 137
229 255 138
229 256 139
229 256 140
228 256 141
228 256 142
227 256 143
227 257 144
227 258 145
226 258 146
225 258 147
225 259 148
224 259 149
224 259 150
224 259 151
223 259 152
223 259 153
223 260 154
222 260 155
222 261 156
222 261 157
221 262 158
220 262 159
220 263 160
219 264 161
218 264 162
218 265 163
217 266 164
216 266 165
215 266 166
215 267 167
214 267 168
213 267 169
213 268 170
213 268 171
213 269 172
212 269 173
211 269 174
211 270 175
210 270 176
209 270 177
209 271 178
208 271 179
207 272 180
206 272 181
205 273 182
205 274 182
204 275 183
203 276 184
202 277 185
201 278 186
200 278 186
199 279 187
199 280 188
198 281 188
197 282 189
197 283 190
196 283 191
195 283 191
194 284 192
193 285 193
192 286 194
191 287 195
190 287 196
190 288 197
189 289 198
188 290 199
187 290 199
186 290 199
185 290 200
184 291 201
183 292 202
183 293 203
182 294 204
181 294 205
180 295 206
179 296 207
178 297 208
177 297 208
176 298 208
175 299 209
174 299 209
173 299 209
172 299 209
171 300 210
170 300 210
169 301 211
168 302 211
167 302 212
166 303 212
165 304 212
164 305 212
163 306 212
162 307 213
161 308 213
160 308 213
159 309 213
158 308 214
157 308 214
156 309 214
155 310 214
154 311 215
153 312 215
152 312 215
151 312 215
150 312 215
149 312 215
148 312 215
144 319 214
220
249 251 25
249 251 26
248 251 27
248 251 28
248 251 29
249 250 30
249 250 31
248 251 32
248 250 33
248 250 34
248 250 35
248 250 36
248 250 37
248 250 38
247 250 39
247 250 40
247 250 41
247 250 42
247 250 43
247 250 44
247 250 45
247 249 46
247 249 47
247 249 48
247 249 49
246 250 50
246 249 51
246 249 52
246 249 53
246 249 54
246 249 55
246 249 56
246 249 57
245 249 58
245 249 59
245 249 60
245 249 61
245 248 62
245 248 63
245 248 64
245 248 65
244 249 66
244 248 67
244 248 68
244 248 69
244 248 70
243 249 71
244 249 72
243 248 73
243 248 74
243 248 75
243 247 76
243 247 77
243 247 78
243 247 79
243 247 80
243 247 81
243 247 82
243 247 83
243 247 84
243 247 85
243 247 86
243 247 87
243 247 88
242 246 89
242 246 90
242 246 91
241 246 92
241 247 93
241 247 94
241 247 95
241 247 96
241 247 97
240 247 98
240 247 99
239 247 100
238 246 101
239 247 102
239 247 103
238 246 104
237 245 105
236 245 106
235 244 107
234 245 108
234 246 109
234 247 110
235 248 111
236 249 112
237 250 113
237 250 114
237 250 115
236 250 116
236 250 117
236 250 118
236 251 119
236 251 120
237 251 121
237 251 122
236 251 123
236 252 124
236 252 125
235 252 126
234 252 127
234 253 128
233 253 129
232 253 130
232 254 131
231 254 132
230 254 133
230 254 134
231 255 135
230 255 136
229 255 137
229 255 138
229 256 139
229 256 140
228 256 141
228 256 142
227 256 143
227 257 144
227 258 145
226 258 146
225 258 147
225 259 148
224 259 149
224 259 150
224 259 151
223 259 152
223 259 153
223 260 154
222 260 155
222 261 156
222 261 157
221 262 158
220 262 159
220 263 160
219 264 161
218 264 162
218 265 163
217 266 164
216 266 165
215 266 166
215 267 167
214 267 168
213 267 169
213 268 170
213 268 171
213 269 172
212 269 173
211 269 174
211 270 175
210 270 176
209 270 177
209 271 178
208 271 179
207 272 180
206 272 181
205 273 182
205 274 182
204 275 183
203 276 184
202 277 185
201 278 186
200 278 186
199 279 187
199 280 188
198 281 188
197 282 189
197 283 190
196 283 191
195 283 191
194 284 192
193 285 193
192 286 194
191 287 195
190 287 196
190 288 197
189 289 198
188 290 199
187 290 199
186 290 199
185 290 200
184 291 201
183 292 202
183 293 203
182 294 204
181 294 205
180 295 206
179 296 207
178 297 208
177 297 208
176 298 208
175 299 209
174 299 209
173 299 209
172 299 209
171 300 210
170 300 210
169 301 211
168 302 211
167 302 212
166 303 212
165 304 212
164 305 212
163 306 212
162 307 213
161 308 213
160 308 213
159 309 213
158 308 214
157 308 214
156 309 214
155 310 214
154 311 215
153 312 215
152 312 215
151 312 215
150 312 215
149 312 215
148 312 215
220
249 251 25
249 251 26
248 251 27
248 251 28
248 251 29
249 250 30
249 250 31
248 251 32
248 250 33
248 250 34
248 250 35
248 250 36
248 250 37
248 250 38
247 250 39
247 250 40
247 250 41
247 250 42
247 250 43
247 250 44
247 250 45
247 249 46
247 249 47
247 249 48
247 249 49
246 250 50
246 249 51
246 249 52
246 249 53
246 249 54
246 249 55
246 249 56
246 249 57
245 249 58
245 249 59
245 249 60
245 249 61
245 248 62
245 248 63
245 248 64
245 248 65
244 249 66
244 248 67
244 248 68
244 248 69
244 248 70
243 249 71
244 249 72
243 248 73
243 248 74
243 248 75
243 247 76
243 247 77
243 247 78
243 247 79
243 247 80
243 247 81
243 247 82
243 247 83
243 247 84
243 247 85
243 247 86
243 247 87
243 247 88
242 246 89
242 246 90
242 246 91
241 246 92
241 247 93
241 247 94
241 247 95
241 247 96
241 247 97
240 247 98
240 247 99
239 247 100
238 246 101
239 247 102
239 247 103
238 246 104
237 245 105
236 245 106
235 244 107
234 245 108
235 245 109
236 245 110
237 245 111
238 246 112
239 246 113
240 246 114
239 245 115
239 245 116
239 245 117
239 245 118
239 244 119
239 244 120
238 244 121
238 244 122
238 244 123
238 244 124
238 244 125
238 243 126
238 243 127
238 243 128
238 243 129
238 243 130
238 243 131
239 243 132
238 243 133
238 243 134
238 243 135
238 243 136
238 243 137
237 242 138
238 242 139
238 242 140
237 242 141
237 242 142
237 242 143
237 242 144
237 241 145
237 241 146
236 241 147
235 240 147
235 239 147
235 238 147
236 237 148
235 236 148
235 235 149
235 235 150
235 234 151
235 234 152
235 234 153
235 233 154
235 233 155
236 233 156
235 232 157
235 232 158
235 232 159
235 231 160
235 231 161
235 230 162
236 230 163
235 229 164
235 229 165
235 228 166
234 227 167
234 227 168
234 226 169
233 226 170
234 225 171
233 225 172
233 224 173
233 224 174
233 224 175
233 224 176
232 224 177
232 223 178
232 223 179
232 223 180
232 222 181
232 221 182
231 221 183
231 221 184
231 220 185
231 220 186
231 219 187
231 219 188
231 218 189
230 218 190
230 218 191
230 217 192
230 217 193
230 216 194
230 216 195
230 215 196
229 215 197
229 215 198
228 215 199
229 214 200
229 214 201
228 214 202
228 213 203
228 213 204
228 213 205
228 212 206
228 212 207
227 212 208
226 211 209
227 210 210
226 210 211
225 210 212
226 209 213
226 208 214
225 208 215
225 208 216
225 207 217
226 206 218
226 205 219
225 206 220
225 205 221
225 204 222
224 204 223
224 203 224
224 202 225
223 202 226
223 202 227
223 202 228
223 201 229
222 201 230
222 201 231
222 200 232
223 200 233
222 199 234
222 199 235
223 198 236
222 197 237
222 197 238
222 196 239
223 196 240
199
249 251 25
249 251 26
248 251 27
248 251 28
248 251 29
249 250 30
249 250 31
248 251 32
248 250 33
248 250 34
248 250 35
248 250 36
248 250 37
248 250 38
247 250 39
247 250 40
247 250 41
247 250 42
247 250 43
247 250 44
247 250 45
247 249 46
247 249 47
247 249 48
247 249 49
246 250 50
246 249 51
246 249 52
246 249 53
246 249 54
246 249 55
246 249 56
246 249 57
245 249 58
245 249 59
245 249 60
245 249 61
245 248 62
245 248 63
245 248 64
245 248 65
244 249 66
244 248 67
244 248 68
244 248 69
244 248 70
243 249 71
244 249 72
243 248 73
243 248 74
243 248 75
243 247 76
243 247 77
243 247 78
243 247 79
243 247 80
243 247 81
243 247 82
243 247 83
243 247 84
243 247 85
243 247 86
243 247 87
243 247 88
242 246 89
242 246 90
242 246 91
241 246 92
240 245 92
240 244 92
241 243 93
242 242 94
242 241 95
242 241 96
241 240 97
242 239 98
242 239 99
242 238 100
242 238 101
242 237 102
242 236 103
242 236 104
242 236 105
242 235 106
242 235 107
241 234 108
241 233 109
240 233 110
240 232 111
240 231 112
240 230 113
240 229 114
240 228 115
239 228 116
239 227 117
239 226 118
239 225 119
239 224 120
239 223 121
238 222 121
238 221 122
238 221 123
238 220 124
238 219 125
237 218 126
237 217 127
237 216 128
237 215 129
237 214 130
236 213 131
236 212 132
236 211 133
236 210 133
236 209 134
236 208 134
235 207 135
235 206 136
235 205 136
235 204 136
234 203 137
234 202 138
234 201 138
234 200 139
234 199 140
234 198 140
234 197 141
233 196 142
233 195 142
233 194 143
233 193 144
233 192 144
233 191 145
232 190 145
232 189 146
232 188 146
232 187 147
232 186 147
232 185 147
232 184 148
231 183 148
231 182 149
231 181 149
230 180 149
231 179 150
231 178 150
231 177 150
230 176 150
230 175 150
230 174 151
230 173 151
230 172 152
230 171 152
230 170 153
229 169 153
230 168 153
229 167 153
228 166 153
227 165 152
227 164 152
227 163 152
227 162 153
226 161 153
226 160 153
227 159 154
227 158 153
228 157 153
227 156 153
227 155 154
227 154 153
227 153 153
226 152 153
226 151 153
226 150 153
226 149 153
226 148 152
226 147 152
226 146 152
226 145 152
226 144 152
227 143 152
227 142 152
227 141 152
227 140 152
226 139 152
225 138 152
224 137 152
223 136 151
222 135 151
223 134 151
224 133 151
223 132 151
222 131 150
222 130 150
221 129 149
221 128 149
222 127 148
221 126 147
221 125 146
220 118 140
198
249 251 25
249 251 26
248 251 27
248 251 28
248 251 29
249 250 30
249 250 31
248 251 32
248 250 33
248 250 34
248 250 35
248 250 36
248 250 37
248 250 38
247 250 39
247 250 40
247 250 41
247 250 42
247 250 43
247 250 44
247 250 45
247 249 46
247 249 47
247 249 48
247 249 49
246 250 50
246 249 51
246 249 52
246 249 53
246 249 54
246 249 55
246 249 56
246 249 57
245 249 58
245 249 59
245 249 60
245 249 61
245 248 62
245 248 63
245 248 64
245 248 65
244 249 66
244 248 67
244 248 68
244 248 69
244 248 70
243 249 71
244 249 72
243 248 73
243 248 74
243 248 75
243 247 76
243 247 77
243 247 78
243 247 79
243 247 80
243 247 81
243 247 82
243 247 83
243 247 84
243 247 85
243 247 86
243 247 87
243 247 88
242 246 89
242 246 90
242 246 91
241 246 92
240 245 92
240 244 92
241 243 93
242 242 94
242 241 95
242 241 96
241 240 97
242 239 98
242 239 99
242 238 100
242 238 101
242 237 102
242 236 103
242 236 104
242 236 105
242 235 106
242 235 107
241 234 108
241 233 109
240 233 110
240 232 111
240 231 112
240 230 113
240 229 114
240 228 115
239 228 116
239 227 117
239 226 118
239 225 119
239 224 120
239 223 121
238 222 121
238 221 122
238 221 123
238 220 124
238 219 125
237 218 126
237 217 127
237 216 128
237 215 129
237 214 130
236 213 131
236 212 132
236 211 133
236 210 133
236 209 134
236 208 134
235 207 135
235 206 136
235 205 136
235 204 136
234 203 137
234 202 138
234 201 138
234 200 139
234 199 140
234 198 140
234 197 141
233 196 142
233 195 142
233 194 143
233 193 144
233 192 144
233 191 145
232 190 145
232 189 146
232 188 146
232 187 147
232 186 147
232 185 147
232 184 148
231 183 148
231 182 149
231 181 149
230 180 149
231 179 150
231 178 150
231 177 150
230 176 150
230 175 150
230 174 151
230 173 151
230 172 152
230 171 152
230 170 153
229 169 153
230 168 153
229 167 153
228 166 153
227 165 152
227 164 152
227 163 152
227 162 153
226 161 153
226 160 153
227 159 154
227 158 153
228 157 153
227 156 153
227 155 154
227 154 153
227 153 153
226 152 153
226 151 153
226 150 153
226 149 153
226 148 152
226 147 152
226 146 152
226 145 152
226 144 152
227 143 152
227 142 152
227 141 152
227 140 152
226 139 152
225 138 152
224 137 152
223 136 151
222 135 151
223 134 151
224 133 151
223 132 151
222 131 150
222 130 150
221 129 149
221 128 149
222 127 148
221 126 147
221 125 146
197
249 251 25
249 251 26
248 251 27
248 251 28
248 251 29
249 250 30
249 250 31
248 251 32
248 250 33
248 250 34
248 250 35
248 250 36
248 250 37
248 250 38
247 250 39
247 250 40
247 250 41
247 250 42
247 250 43
247 250 44
247 250 45
247 249 46
247 249 47
247 249 48
247 249 49
246 250 50
246 249 51
246 249 52
246 249 53
246 249 54
246 249 55
246 249 56
246 249 57
245 249 58
245 249 59
245 249 60
245 249 61
245 248 62
245 248 63
245 248 64
245 248 65
244 249 66
244 248 67
244 248 68
244 248 69
244 248 70
243 249 71
244 249 72
243 248 73
243 248 74
243 248 75
243 247 76
243 247 77
243 247 78
243 247 79
243 247 80
243 247 81
243 247 82
243 247 83
243 247 84
243 247 85
243 247 86
243 247 87
243 247 88
242 246 89
242 246 90
242 246 91
241 246 92
241 247 93
241 247 94
241 247 95
241 247 96
241 247 97
240 247 98
240 247 99
239 247 100
238 246 101
239 247 102
239 247 103
238 246 104
237 245 105
236 245 106
235 244 107
234 245 108
235 245 109
236 245 110
237 245 111
238 246 112
239 246 113
240 246 114
239 245 115
239 245 116
239 245 117
239 245 118
239 244 119
239 244 120
238 244 121
238 244 122
238 244 123
238 244 124
238 244 125
238 243 126
238 243 127
238 243 128
238 243 129
238 243 130
238 243 131
239 243 132
238 243 133
238 243 134
238 243 135
238 243 136
238 243 137
237 242 138
238 242 139
238 242 140
237 242 141
237 242 142
237 242 143
237 242 144
237 241 145
237 241 146
236 241 147
235 240 147
235 239 147
235 238 147
236 237 148
235 236 148
235 235 149
235 235 150
235 234 151
235 234 152
235 234 153
235 233 154
235 233 155
236 233 156
235 232 157
235 232 158
235 232 159
235 231 160
235 231 161
235 230 162
236 230 163
235 229 164
235 229 165
235 228 166
234 227 167
234 227 168
234 226 169
233 226 170
234 225 171
233 225 172
233 224 173
233 224 174
233 224 175
233 224 176
232 224 177
232 223 178
232 223 179
232 223 180
232 222 181
232 221 182
231 221 183
231 221 184
231 220 185
231 220 186
231 219 187
231 219 188
231 218 189
230 218 190
230 218 191
230 217 192
230 217 193
230 216 194
230 216 195
230 215 196
229 215 197
229 215 198
228 215 199
229 214 200
229 214 201
228 214 202
228 213 203
228 213 204
228 213 205
228 212 206
228 212 207
227 212 208
226 211 209
225 212 209
224 212 210
223 212 210
222 213 210
221 213 210
220 213 209
219 213 208
218 213 207
194
249 251 25
249 251 26
248 251 27
248 251 28
248 251 29
249 250 30
249 250 31
248 251 32
248 250 33
248 250 34
248 250 35
248 250 36
248 250 37
248 250 38
247 250 39
247 250 40
247 250 41
247 250 42
247 250 43
247 250 44
247 250 45
247 249 46
247 249 47
247 249 48
247 249 49
246 250 50
246 249 51
246 249 52
246 249 53
246 249 54
246 249 55
246 249 56
246 249 57
245 249 58
245 249 59
245 249 60
245 249 61
245 248 62
245 248 63
245 248 64
245 248 65
244 249 66
244 248 67
244 248 68
244 248 69
244 248 70
243 249 71
244 249 72
243 248 73
243 248 74
243 248 75
243 247 76
243 247 77
243 247 78
243 247 79
243 247 80
243 247 81
243 247 82
243 247 83
243 247 84
243 247 85
243 247 86
243 247 87
243 247 88
242 246 89
242 246 90
242 246 91
241 246 92
240 245 92
240 244 92
241 243 93
242 242 94
242 241 95
242 241 96
241 240 97
242 239 98
242 239 99
242 238 100
242 238 101
242 237 102
242 236 103
242 236 104
242 236 105
242 235 106
242 235 107
241 234 108
241 233 109
240 233 110
240 232 111
240 231 112
240 230 113
240 229 114
240 228 115
239 228 116
239 227 117
239 226 118
239 225 119
239 224 120
239 223 121
238 222 121
238 221 122
238 221 123
238 220 124
238 219 125
237 218 126
237 217 127
237 216 128
237 215 129
237 214 130
236 213 131
236 212 132
236 211 133
236 210 133
236 209 134
236 208 134
235 207 135
235 206 136
235 205 136
235 204 136
234 203 137
234 202 138
234 201 138
234 200 139
234 199 140
234 198 140
234 197 141
233 196 142
233 195 142
233 194 143
233 193 144
233 192 144
233 191 145
232 190 145
232 189 146
232 188 146
232 187 147
232 186 147
232 185 147
232 184 148
231 183 148
231 182 149
231 181 149
230 180 149
231 179 150
231 178 150
231 177 150
230 176 150
230 175 150
230 174 151
230 173 151
230 172 152
230 171 152
230 170 153
229 169 153
230 168 153
229 167 153
228 166 153
227 165 152
227 164 152
227 163 152
227 162 153
226 161 153
226 160 153
227 159 154
227 158 153
228 157 153
227 156 153
227 155 154
227 154 153
227 153 153
226 152 153
226 151 153
226 150 153
226 149 153
226 148 152
226 147 152
226 146 152
226 145 152
226 144 152
227 143 152
227 142 152
227 141 152
227 140 152
226 139 152
225 138 152
224 137 152
223 136 151
222 135 151
223 134 151
224 133 151
225 132 151
225 131 151
224 130 150
225 129 150
193
249 251 25
249 251 26
248 251 27
248 251 28
248 251 29
249 250 30
249 250 31
248 251 32
248 250 33
248 250 34
248 250 35
248 250 36
248 250 37
248 250 38
247 250 39
247 250 40
247 250 41
247 250 42
247 250 43
247 250 44
247 250 45
247 249 46
247 249 47
247 249 48
247 249 49
246 250 50
246 249 51
246 249 52
246 249 53
246 249 54
246 249 55
246 249 56
246 249 57
245 249 58
245 249 59
245 249 60
245 249 61
245 248 62
245 248 63
245 248 64
245 248 65
244 249 66
244 248 67
244 248 68
244 248 69
244 248 70
243 249 71
244 249 72
243 248 73
243 248 74
243 248 75
243 247 76
243 247 77
243 247 78
243 247 79
243 247 80
243 247 81
243 247 82
243 247 83
243 247 84
243 247 85
243 247 86
243 247 87
243 247 88
242 246 89
242 246 90
242 246 91
241 246 92
241 247 93
241 247 94
241 247 95
241 247 96
241 247 97
240 247 98
240 247 99
239 247 100
238 246 101
239 247 102
239 247 103
238 246 104
237 245 105
236 245 106
235 244 107
234 245 108
235 245 109
236 245 110
237 245 111
238 246 112
239 246 113
240 246 114
239 245 115
239 245 116
239 245 117
239 245 118
239 244 119
239 244 120
238 244 121
238 244 122
238 244 123
238 244 124
238 244 125
238 243 126
238 243 127
238 243 128
238 243 129
238 243 130
238 243 131
239 243 132
238 243 133
238 243 134
238 243 135
238 243 136
238 243 137
237 242 138
238 242 139
238 242 140
237 242 141
237 242 142
237 242 143
237 242 144
237 241 145
237 241 146
236 241 147
235 241 148
235 242 149
235 242 150
235 242 151
235 242 152
234 242 153
234 242 154
235 243 155
235 243 156
234 242 157
234 242 158
234 242 159
234 242 160
234 242 161
235 243 162
235 243 163
235 243 164
235 243 165
234 242 166
235 242 167
234 241 168
235 241 169
235 241 170
235 240 171
235 240 172
235 240 173
235 240 174
236 240 175
236 240 176
235 239 177
235 239 178
234 239 179
234 239 180
234 239 181
233 238 182
233 238 183
233 238 184
232 238 185
232 238 186
232 238 187
233 238 188
233 238 189
233 238 190
233 238 191
233 238 192
233 238 193
233 238 194
232 237 195
232 237 196
232 237 197
233 237 198
232 237 199
233 237 200
233 237 201
232 236 202
231 236 203
232 236 204
232 236 205
232 236 206
232 236 207
233 236 208
233 236 209
233 236 210
233 236 211
233 236 212
233 236 213
232 235 214
232 235 215
232 235 216
233 235 217
193
249 251 25
249 251 26
248 251 27
248 251 28
248 251 29
249 250 30
249 250 31
248 251 32
248 250 33
248 250 34
248 250 35
248 250 36
248 250 37
248 250 38
247 250 39
247 250 40
247 250 41
247 250 42
247 250 43
247 250 44
247 250 45
247 249 46
247 249 47
247 249 48
247 249 49
246 250 50
246 249 51
246 249 52
246 249 53
246 249 54
246 249 55
246 249 56
246 249 57
245 249 58
245 249 59
245 249 60
245 249 61
245 248 62
245 248 63
245 248 64
245 248 65
244 249 66
244 248 67
244 248 68
244 248 69
244 248 70
243 249 71
244 249 72
243 248 73
243 248 74
243 248 75
243 247 76
243 247 77
243 247 78
243 247 79
243 247 80
243 247 81
243 247 82
243 247 83
243 247 84
243 247 85
243 247 86
243 247 87
243 247 88
242 246 89
242 246 90
242 246 91
241 246 92
241 247 93
241 247 94
241 247 95
241 247 96
241 247 97
240 247 98
240 247 99
239 247 100
238 246 101
239 247 102
239 247 103
238 246 104
237 245 105
236 245 106
235 244 107
234 245 108
235 245 109
236 245 110
237 245 111
238 246 112
239 246 113
240 246 114
239 245 115
239 245 116
239 245 117
239 245 118
239 244 119
239 244 120
238 244 121
238 244 122
238 244 123
238 244 124
238 244 125
238 243 126
238 243 127
238 243 128
238 243 129
238 243 130
238 243 131
239 243 132
238 243 133
238 243 134
238 243 135
238 243 136
238 243 137
237 242 138
238 242 139
238 242 140
237 242 141
237 242 142
237 242 143
237 242 144
237 241 145
237 241 146
236 241 147
235 241 148
235 242 149
235 242 150
235 242 151
235 242 152
234 242 153
234 242 154
235 243 155
235 243 156
234 242 157
234 242 158
234 242 159
234 242 160
234 242 161
235 243 162
235 243 163
235 243 164
235 243 165
234 242 166
234 243 167
234 244 168
233 245 169
233 245 170
232 245 171
232 245 172
232 245 173
232 246 174
231 246 175
231 246 176
230 246 177
230 246 178
230 247 179
230 247 180
229 247 181
229 247 182
229 247 183
228 246 184
228 247 185
228 247 186
228 247 187
228 247 188
228 247 189
228 247 190
228 247 191
227 247 192
227 247 193
227 247 194
227 247 195
227 247 196
226 247 197
225 246 198
224 246 198
223 246 198
222 246 198
221 246 197
220 245 196
219 244 195
219 243 196
218 243 197
219 242 198
219 242 199
219 242 200
219 242 201
219 242 202
219 242 203
219 242 204
219 242 205
220 242 206
220 242 207
219 241 208
193
249 251 25
249 251 26
248 251 27
248 251 28
248 251 29
249 250 30
249 250 31
248 251 32
248 250 33
248 250 34
248 250 35
248 250 36
248 250 37
248 250 38
247 250 39
247 250 40
247 250 41
247 250 42
247 250 43
247 250 44
247 250 45
247 249 46
247 249 47
247 249 48
247 249 49
246 250 50
246 249 51
246 249 52
246 249 53
246 249 54
246 249 55
246 249 56
246 249 57
245 249 58
245 249 59
245 249 60
245 249 61
245 248 62
245 248 63
245 248 64
245 248 65
244 249 66
244 248 67
244 248 68
244 248 69
244 248 70
243 249 71
244 249 72
243 248 73
243 248 74
243 248 75
243 247 76
243 247 77
243 247 78
243 247 79
243 247 80
243 247 81
243 247 82
243 247 83
243 247 84
243 247 85
243 247 86
243 247 87
243 247 88
242 246 89
242 246 90
242 246 91
241 246 92
240 245 92
240 244 92
241 243 93
242 242 94
242 241 95
242 241 96
241 240 97
242 239 98
242 239 99
242 238 100
242 238 101
242 237 102
242 236 103
242 236 104
242 236 105
242 235 106
242 235 107
241 234 108
241 233 109
240 233 110
240 232 111
240 231 112
240 230 113
240 229 114
240 228 115
239 228 116
239 227 117
239 226 118
239 225 119
239 224 120
239 223 121
238 222 121
238 221 122
238 221 123
238 220 124
238 219 125
237 218 126
237 217 127
237 216 128
237 215 129
237 214 130
236 213 131
236 212 132
236 211 133
236 210 133
236 209 134
236 208 134
235 207 135
235 206 136
235 205 136
235 204 136
234 203 137
234 202 138
234 201 138
234 200 139
234 199 140
234 198 140
234 197 141
233 196 142
233 195 142
233 194 143
233 193 144
233 192 144
233 191 145
232 190 145
232 189 146
232 188 146
232 187 147
232 186 147
232 185 147
232 184 148
231 183 148
231 182 149
231 181 149
230 180 149
231 179 150
231 178 150
231 177 150
230 176 150
230 175 150
230 174 151
230 173 151
230 172 152
230 171 152
230 170 153
229 169 153
230 168 153
229 167 153
228 166 153
227 165 152
227 164 152
227 163 152
227 162 153
226 161 153
226 160 153
227 159 154
227 158 153
228 157 153
227 156 153
227 155 154
227 154 153
227 153 153
226 152 153
226 151 153
226 150 153
226 149 153
226 148 152
226 147 152
226 146 152
226 145 152
226 144 152
227 143 152
227 142 152
227 141 152
227 140 152
226 139 152
225 138 152
224 137 152
223 136 151
222 135 151
223 134 151
224 133 151
225 132 151
225 131 151
226 130 151
191
249 251 25
249 251 26
248 251 27
248 251 28
248 251 29
249 250 30
249 250 31
248 251 32
248 250 33
248 250 34
248 250 35
248 250 36
248 250 37
248 250 38
247 250 39
247 250 40
247 250 41
247 250 42
247 250 43
247 250 44
247 250 45
247 249 46
247 249 47
247 249 48
247 249 49
246 250 50
246 249 51
246 249 52
246 249 53
246 249 54
246 249 55
246 249 56
246 249 57
245 249 58
245 249 59
245 249 60
245 249 61
245 248 62
245 248 63
245 248 64
245 248 65
244 249 66
244 248 67
244 248 68
244 248 69
244 248 70
243 249 71
244 249 72
243 248 73
243 248 74
243 248 75
243 247 76
243 247 77
243 247 78
243 247 79
243 247 80
243 247 81
243 247 82
243 247 83
243 247 84
243 247 85
243 247 86
243 247 87
243 247 88
242 246 89
242 246 90
242 246 91
241 246 92
241 247 93
241 247 94
241 247 95
241 247 96
241 247 97
240 247 98
240 247 99
239 247 100
238 246 101
239 247 102
239 247 103
238 246 104
237 245 105
236 245 106
235 244 107
234 245 108
235 245 109
236 245 110
237 245 111
238 246 112
239 246 113
240 246 114
239 245 115
239 245 116
239 245 117
239 245 118
239 244 119
239 244 120
238 244 121
238 244 122
238 244 123
238 244 124
238 244 125
238 243 126
238 243 127
238 243 128
238 243 129
238 243 130
238 243 131
239 243 132
238 243 133
238 243 134
238 243 135
238 243 136
238 243 137
237 242 138
238 242 139
238 242 140
237 242 141
237 242 142
237 242 143
237 242 144
237 241 145
237 241 146
236 241 147
235 241 148
235 242 149
235 242 150
235 242 151
235 242 152
234 242 153
234 242 154
235 243 155
235 243 156
234 242 157
234 242 158
234 242 159
234 242 160
234 242 161
235 243 162
235 243 163
235 243 164
235 243 165
234 242 166
234 243 167
234 244 168
233 245 169
233 245 170
232 245 171
232 245 172
232 245 173
232 246 174
231 246 175
231 246 176
230 246 177
230 246 178
230 247 179
230 247 180
229 247 181
229 247 182
229 247 183
228 246 184
228 247 185
228 247 186
228 247 187
228 247 188
228 247 189
228 247 190
228 247 191
227 247 192
227 247 193
227 247 194
227 247 195
227 247 196
226 247 197
225 246 198
224 246 198
223 246 198
222 246 198
221 246 197
220 245 196
219 244 195
219 243 196
218 243 197
219 242 198
219 242 199
219 242 200
219 242 201
219 242 202
219 242 203
219 242 204
218 242 205
217 243 206
189
249 251 25
249 251 26
248 251 27
248 251 28
248 251 29
249 250 30
249 250 31
248 251 32
248 250 33
248 250 34
248 250 35
248 250 36
248 250 37
248 250 38
247 250 39
247 250 40
247 250 41
247 250 42
247 250 43
247 250 44
247 250 45
247 249 46
247 249 47
247 249 48
247 249 49
246 250 50
246 249 51
246 249 52
246 249 53
246 249 54
246 249 55
246 249 56
246 249 57
245 249 58
245 249 59
245 249 60
245 249 61
245 248 62
245 248 63
245 248 64
245 248 65
244 249 66
244 248 67
244 248 68
244 248 69
244 248 70
243 249 71
244 249 72
243 248 73
243 248 74
243 248 75
243 247 76
243 247 77
243 247 78
243 247 79
243 247 80
243 247 81
243 247 82
243 247 83
243 247 84
243 247 85
243 247 86
243 247 87
243 247 88
242 246 89
242 246 90
242 246 91
241 246 92
240 245 92
240 244 92
241 243 93
242 242 94
242 241 95
242 241 96
241 240 97
242 239 98
242 239 99
242 238 100
242 238 101
242 237 102
242 236 103
242 236 104
242 236 105
242 235 106
242 235 107
241 234 108
241 233 109
240 233 110
240 232 111
240 231 112
240 230 113
240 229 114
240 228 115
239 228 116
239 227 117
239 226 118
239 225 119
239 224 120
239 223 121
238 222 121
238 221 122
238 221 123
238 220 124
238 219 125
237 218 126
237 217 127
237 216 128
237 215 129
237 214 130
236 213 131
236 212 132
236 211 133
236 210 133
236 209 134
236 208 134
235 207 135
235 206 136
235 205 136
235 204 136
234 203 137
234 202 138
234 201 138
234 200 139
234 199 140
234 198 140
234 197 141
233 196 142
233 195 142
233 194 143
233 193 144
233 192 144
233 191 145
232 190 145
232 189 146
232 188 146
232 187 147
232 186 147
232 185 147
232 184 148
231 183 148
231 182 149
231 181 149
230 180 149
231 179 150
231 178 150
231 177 150
230 176 150
230 175 150
230 174 151
230 173 151
230 172 152
230 171 152
230 170 153
229 169 153
230 168 153
229 167 153
228 166 153
227 165 152
227 164 152
227 163 152
227 162 153
226 161 153
226 160 153
227 159 154
227 158 153
228 157 153
227 156 153
227 155 154
227 154 153
227 153 153
226 152 153
226 151 153
226 150 153
226 149 153
226 148 152
226 147 152
226 146 152
226 145 152
226 144 152
227 143 152
227 142 152
227 141 152
227 140 152
226 139 152
225 138 152
224 137 152
223 136 151
222 137 151
221 138 151
188
249 251 25
249 251 26
248 251 27
248 251 28
248 251 29
249 250 30
249 250 31
248 251 32
248 250 33
248 250 34
248 250 35
248 250 36
248 250 37
248 250 38
247 250 39
247 250 40
247 250 41
247 250 42
247 250 43
247 250 44
247 250 45
247 249 46
247 249 47
247 249 48
247 249 49
246 250 50
246 249 51
246 249 52
246 249 53
246 249 54
246 249 55
246 249 56
246 249 57
245 249 58
245 249 59
245 249 60
245 249 61
245 248 62
245 248 63
245 248 64
245 248 65
244 249 66
244 248 67
244 248 68
244 248 69
244 248 70
243 249 71
244 249 72
243 248 73
243 248 74
243 248 75
243 247 76
243 247 77
243 247 78
243 247 79
243 247 80
243 247 81
243 247 82
243 247 83
243 247 84
243 247 85
243 247 86
243 247 87
243 247 88
242 246 89
242 246 90
242 246 91
241 246 92
240 245 92
240 244 92
241 243 93
242 242 94
242 241 95
242 241 96
241 240 97
242 239 98
242 239 99
242 238 100
242 238 101
242 237 102
242 236 103
242 236 104
242 236 105
242 235 106
242 235 107
241 234 108
241 233 109
240 233 110
240 232 111
240 231 112
240 230 113
240 229 114
240 228 115
239 228 116
239 227 117
239 226 118
239 225 119
239 224 120
239 223 121
238 222 121
238 221 122
238 221 123
238 220 124
238 219 125
237 218 126
237 217 127
237 216 128
237 215 129
237 214 130
236 213 131
236 212 132
236 211 133
236 210 133
236 209 134
236 208 134
235 207 135
235 206 136
235 205 136
235 204 136
234 203 137
234 202 138
234 201 138
234 200 139
234 199 140
234 198 140
234 197 141
233 196 142
233 195 142
233 194 143
233 193 144
233 192 144
233 191 145
232 190 145
232 189 146
232 188 146
232 187 147
232 186 147
232 185 147
232 184 148
231 183 148
231 182 149
231 181 149
230 180 149
231 179 150
231 178 150
231 177 150
230 176 150
230 175 150
230 174 151
230 173 151
230 172 152
230 171 152
230 170 153
229 169 153
230 168 153
229 167 153
228 166 153
227 165 152
227 164 152
227 163 152
227 162 153
226 161 153
226 160 153
227 159 154
227 158 153
228 157 153
227 156 153
227 155 154
227 154 153
227 153 153
226 152 153
226 151 153
226 150 153
226 149 153
226 148 152
226 147 152
226 146 152
226 145 152
226 144 152
227 143 152
227 142 152
227 141 152
227 140 152
226 139 152
225 138 152
224 138 152
223 139 152
222 139 152
183
249 251 25
249 251 26
248 251 27
248 251 28
248 251 29
249 250 30
249 250 31
248 251 32
248 250 33
248 250 34
248 250 35
248 250 36
248 250 37
248 250 38
247 250 39
247 250 40
247 250 41
247 250 42
247 250 43
247 250 44
247 250 45
247 249 46
247 249 47
247 249 48
247 249 49
246 250 50
246 249 51
246 249 52
246 249 53
246 249 54
246 249 55
246 249 56
246 249 57
245 249 58
245 249 59
245 249 60
245 249 61
245 248 62
245 248 63
245 248 64
245 248 65
244 249 66
244 248 67
244 248 68
244 248 69
244 248 70
243 249 71
244 249 72
243 248 73
243 248 74
243 248 75
243 247 76
243 247 77
243 247 78
243 247 79
243 247 80
243 247 81
243 247 82
243 247 83
243 247 84
243 247 85
243 247 86
243 247 87
243 247 88
242 246 89
242 246 90
242 246 91
241 246 92
241 247 93
241 247 94
241 247 95
241 247 96
241 247 97
240 247 98
240 247 99
239 247 100
238 246 101
239 247 102
239 247 103
238 246 104
237 245 105
236 245 106
235 244 107
234 245 108
235 245 109
236 245 110
237 245 111
238 246 112
239 246 113
240 246 114
239 245 115
239 245 116
239 245 117
239 245 118
239 244 119
239 244 120
238 244 121
238 244 122
238 244 123
238 244 124
238 244 125
238 243 126
238 243 127
238 243 128
238 243 129
238 243 130
238 243 131
239 243 132
238 243 133
238 243 134
238 243 135
238 243 136
238 243 137
237 242 138
238 242 139
238 242 140
237 242 141
237 242 142
237 242 143
237 242 144
237 241 145
237 241 146
236 241 147
235 241 148
235 242 149
235 242 150
235 242 151
235 242 152
234 242 153
234 242 154
235 243 155
235 243 156
234 242 157
234 242 158
234 242 159
234 242 160
234 242 161
235 243 162
235 243 163
235 243 164
235 243 165
234 242 166
235 242 167
234 241 168
235 241 169
235 241 170
235 240 171
235 240 172
235 240 173
235 240 174
236 240 175
236 240 176
235 239 177
235 239 178
234 239 179
234 239 180
234 239 181
233 238 182
233 238 183
233 238 184
232 238 185
232 238 186
232 238 187
233 238 188
233 238 189
233 238 190
233 238 191
233 238 192
233 238 193
233 238 194
232 237 195
232 237 196
232 237 197
233 237 198
232 237 199
233 237 200
233 237 201
232 236 202
231 236 203
230 236 204
229 236 205
228 236 206
227 236 207
181
249 251 25
249 251 26
248 251 27
248 251 28
248 251 29
249 250 30
249 250 31
248 251 32
248 250 33
248 250 34
248 250 35
248 250 36
248 250 37
248 250 38
247 250 39
247 250 40
247 250 41
247 250 42
247 250 43
247 250 44
247 250 45
247 249 46
247 249 47
247 249 48
247 249 49
246 250 50
246 249 51
246 249 52
246 249 53
246 249 54
246 249 55
246 249 56
246 249 57
245 249 58
245 249 59
245 249 60
245 249 61
245 248 62
245 248 63
245 248 64
245 248 65
244 249 66
244 248 67
244 248 68
244 248 69
244 248 70
243 249 71
244 249 72
243 248 73
243 248 74
243 248 75
243 247 76
243 247 77
243 247 78
243 247 79
243 247 80
243 247 81
243 247 82
243 247 83
243 247 84
243 247 85
243 247 86
243 247 87
243 247 88
242 246 89
242 246 90
242 246 91
241 246 92
241 247 93
241 247 94
241 247 95
241 247 96
241 247 97
240 247 98
240 247 99
239 247 100
238 246 101
239 247 102
239 247 103
238 246 104
237 245 105
236 245 106
235 244 107
234 245 108
235 245 109
236 245 110
237 245 111
238 246 112
239 246 113
240 246 114
239 245 115
239 245 116
239 245 117
239 245 118
239 244 119
239 244 120
238 244 121
238 244 122
238 244 123
238 244 124
238 244 125
238 243 126
238 243 127
238 243 128
238 243 129
238 243 130
238 243 131
239 243 132
238 243 133
238 243 134
238 243 135
238 243 136
238 243 137
237 242 138
238 242 139
238 242 140
237 242 141
237 242 142
237 242 143
237 242 144
237 241 145
237 241 146
236 241 147
235 241 148
235 242 149
235 242 150
235 242 151
235 242 152
234 242 153
234 242 154
235 243 155
235 243 156
234 242 157
234 242 158
234 242 159
234 242 160
234 242 161
235 243 162
235 243 163
235 243 164
235 243 165
234 242 166
235 242 167
234 241 168
235 241 169
235 241 170
235 240 171
235 240 172
235 240 173
235 240 174
236 240 175
236 240 176
235 239 177
235 239 178
234 239 179
234 239 180
234 239 181
233 238 182
233 238 183
233 238 184
232 238 185
232 238 186
232 238 187
233 238 188
233 238 189
233 238 190
233 238 191
233 238 192
233 238 193
233 238 194
232 237 195
232 237 196
232 237 197
233 237 198
232 237 199
233 237 200
234 237 200
235 237 200
236 238 201
237 239 202
236 240 203
166
249 251 25
249 251 26
248 251 27
248 251 28
248 251 29
249 250 30
249 250 31
248 251 32
248 250 33
248 250 34
248 250 35
248 250 36
248 250 37
248 250 38
247 250 39
247 250 40
247 250 41
247 250 42
247 250 43
247 250 44
247 250 45
247 249 46
247 249 47
247 249 48
247 249 49
246 250 50
246 249 51
246 249 52
246 249 53
246 249 54
246 249 55
246 249 56
246 249 57
245 249 58
245 249 59
245 249 60
245 249 61
245 248 62
245 248 63
245 248 64
245 248 65
244 249 66
244 248 67
244 248 68
244 248 69
244 248 70
243 249 71
244 249 72
243 248 73
243 248 74
243 248 75
243 247 76
243 247 77
243 247 78
243 247 79
243 247 80
243 247 81
243 247 82
243 247 83
243 247 84
243 247 85
243 247 86
243 247 87
243 247 88
242 246 89
242 246 90
242 246 91
241 246 92
240 245 92
240 244 92
241 243 93
242 242 94
242 241 95
242 241 96
241 240 97
242 239 98
242 239 99
242 238 100
242 238 101
242 237 102
242 236 103
242 236 104
242 236 105
242 235 106
242 235 107
241 234 108
241 233 109
240 233 110
240 232 111
240 231 112
240 230 113
240 229 114
240 228 115
239 228 116
239 227 117
239 226 118
239 225 119
239 224 120
239 223 121
238 222 121
238 221 122
238 221 123
238 220 124
238 219 125
237 218 126
237 217 127
237 216 128
237 215 129
237 214 130
236 213 131
236 212 132
236 211 133
236 210 133
236 209 134
236 208 134
235 207 135
235 206 136
235 205 136
235 204 136
234 203 137
234 202 138
234 201 138
234 200 139
234 199 140
234 198 140
234 197 141
233 196 142
233 195 142
233 194 143
233 193 144
233 192 144
233 191 145
232 190 145
232 189 146
232 188 146
232 187 147
232 186 147
232 185 147
232 184 148
231 183 148
231 182 149
231 181 149
230 180 149
231 179 150
231 178 150
231 177 150
230 176 150
230 175 150
230 174 151
230 173 151
230 172 152
230 171 152
230 170 153
229 169 153
230 168 153
231 167 153
232 166 154
233 165 154
233 164 154
233 163 153
232 162 153
231 161 153
232 160 153
231 159 153
230 158 153
229 157 153
163
249 251 25
249 251 26
248 251 27
248 251 28
248 251 29
249 250 30
249 250 31
248 251 32
248 250 33
248 250 34
248 250 35
248 250 36
248 250 37
248 250 38
247 250 39
247 250 40
247 250 41
247 250 42
247 250 43
247 250 44
247 250 45
247 249 46
247 249 47
247 249 48
247 249 49
246 250 50
246 249 51
246 249 52
246 249 53
246 249 54
246 249 55
246 249 56
246 249 57
245 249 58
245 249 59
245 249 60
245 249 61
245 248 62
245 248 63
245 248 64
245 248 65
244 249 66
244 248 67
244 248 68
244 248 69
244 248 70
243 249 71
244 249 72
243 248 73
243 248 74
243 248 75
243 247 76
243 247 77
243 247 78
243 247 79
243 247 80
243 247 81
243 247 82
243 247 83
243 247 84
243 247 85
243 247 86
243 247 87
243 247 88
242 246 89
242 246 90
242 246 91
241 246 92
241 247 93
241 247 94
241 247 95
241 247 96
241 247 97
240 247 98
240 247 99
239 247 100
238 246 101
239 247 102
239 247 103
238 246 104
237 245 105
236 245 106
235 244 107
234 245 108
235 245 109
236 245 110
237 245 111
238 246 112
239 246 113
240 246 114
239 245 115
239 245 116
239 245 117
239 245 118
239 244 119
239 244 120
238 244 121
238 244 122
238 244 123
238 244 124
238 244 125
238 243 126
238 243 127
238 243 128
238 243 129
238 243 130
238 243 131
239 243 132
238 243 133
238 243 134
238 243 135
238 243 136
238 243 137
237 242 138
238 242 139
238 242 140
237 242 141
237 242 142
237 242 143
237 242 144
237 241 145
237 241 146
236 241 147
235 240 147
235 239 147
235 238 147
236 237 148
235 236 148
235 235 149
235 235 150
235 234 151
235 234 152
235 234 153
235 233 154
235 233 155
236 233 156
235 232 157
235 232 158
235 232 159
235 231 160
235 231 161
235 230 162
236 230 163
237 230 163
238 230 163
239 231 163
240 231 163
241 230 163
242 231 163
242 232 163
242 233 164
243 233 165
243 233 166
242 233 167
243 233 168
243 233 169
243 233 170
244 232 171
244 233 172
244 233 173
244 233 174
244 233 175
245 233 176
163
249 251 25
249 251 26
248 251 27
248 251 28
248 251 29
249 250 30
249 250 31
248 251 32
248 250 33
248 250 34
248 250 35
248 250 36
248 250 37
248 250 38
247 250 39
247 250 40
247 250 41
247 250 42
247 250 43
247 250 44
247 250 45
247 249 46
247 249 47
247 249 48
247 249 49
246 250 50
246 249 51
246 249 52
246 249 53
246 249 54
246 249 55
246 249 56
246 249 57
245 249 58
245 249 59
245 249 60
245 249 61
245 248 62
245 248 63
245 248 64
245 248 65
244 249 66
244 248 67
244 248 68
244 248 69
244 248 70
243 249 71
244 249 72
243 248 73
243 248 74
243 248 75
243 247 76
243 247 77
243 247 78
243 247 79
243 247 80
243 247 81
243 247 82
243 247 83
243 247 84
243 247 85
243 247 86
243 247 87
243 247 88
242 246 89
242 246 90
242 246 91
241 246 92
240 245 92
240 244 92
241 243 93
242 242 94
242 241 95
242 241 96
241 240 97
242 239 98
242 239 99
242 238 100
242 238 101
242 237 102
242 236 103
242 236 104
242 236 105
242 235 106
242 235 107
241 234 108
241 233 109
240 233 110
240 232 111
240 231 112
240 230 113
240 229 114
240 228 115
239 228 116
239 227 117
239 226 118
239 225 119
239 224 120
239 223 121
238 222 121
238 221 122
238 221 123
238 220 124
238 219 125
237 218 126
237 217 127
237 216 128
237 215 129
237 214 130
236 213 131
236 212 132
236 211 133
236 210 133
236 209 134
236 208 134
235 207 135
235 206 136
235 205 136
235 204 136
234 203 137
234 202 138
234 201 138
234 200 139
234 199 140
234 198 140
234 197 141
233 196 142
233 195 142
233 194 143
233 193 144
233 192 144
233 191 145
232 190 145
232 189 146
232 188 146
232 187 147
232 186 147
232 185 147
232 184 148
231 183 148
231 182 149
231 181 149
230 180 149
231 179 150
231 178 150
231 177 150
230 176 150
230 175 150
230 174 151
230 173 151
230 172 152
230 171 152
230 170 153
229 169 153
230 168 153
229 167 153
228 166 153
227 165 152
227 164 152
227 163 152
228 162 153
229 162 153
230 162 153
149
249 251 25
249 251 26
248 251 27
248 251 28
248 251 29
249 250 30
249 250 31
248 251 32
248 250 33
248 250 34
248 250 35
248 250 36
248 250 37
248 250 38
247 250 39
247 250 40
247 250 41
247 250 42
247 250 43
247 250 44
247 250 45
247 249 46
247 249 47
247 249 48
247 249 49
246 250 50
246 249 51
246 249 52
246 249 53
246 249 54
246 249 55
246 249 56
246 249 57
245 249 58
245 249 59
245 249 60
245 249 61
245 248 62
245 248 63
245 248 64
245 248 65
244 249 66
244 248 67
244 248 68
244 248 69
244 248 70
243 249 71
243 250 71
243 251 72
243 251 73
242 252 74
242 252 75
241 252 76
241 253 77
241 253 78
240 253 79
240 254 80
241 254 81
240 254 82
239 255 83
239 255 84
239 255 85
238 256 86
238 256 87
238 257 88
237 257 89
237 257 90
237 257 91
237 258 92
236 258 93
236 259 94
236 260 95
235 260 96
235 261 97
234 261 98
234 261 99
233 262 100
233 262 101
233 263 102
232 263 103
232 264 104
231 265 105
230 265 106
230 266 107
230 267 108
229 267 109
229 268 110
228 268 111
228 269 112
227 270 113
227 270 114
226 271 115
226 272 116
225 272 117
224 273 118
223 274 119
223 275 119
223 276 120
222 276 121
221 277 121
221 278 122
220 279 123
219 280 124
218 281 125
218 282 125
217 283 126
216 284 127
215 285 128
214 286 129
213 287 130
213 288 130
212 289 131
211 290 132
210 291 132
209 291 132
208 292 132
207 293 132
206 294 132
205 295 132
205 296 132
204 297 133
203 298 133
203 299 133
202 300 133
201 301 133
200 302 132
199 303 132
198 304 132
197 304 132
196 305 131
195 306 130
194 306 130
193 307 130
192 308 130
191 309 129
191 310 129
190 311 128
189 312 127
188 313 126
187 314 125
188 315 124
187 316 123
186 315 123
185 315 122
184 316 121
184 316 120
184 316 119
185 317 118
183 317 114
148
249 251 25
249 251 26
248 251 27
248 251 28
248 251 29
249 250 30
249 250 31
248 251 32
248 250 33
248 250 34
248 250 35
248 250 36
248 250 37
248 250 38
247 250 39
247 250 40
247 250 41
247 250 42
247 250 43
247 250 44
247 250 45
247 249 46
247 249 47
247 249 48
247 249 49
246 250 50
246 249 51
246 249 52
246 249 53
246 249 54
246 249 55
246 249 56
246 249 57
245 249 58
245 249 59
245 249 60
245 249 61
245 248 62
245 248 63
245 248 64
245 248 65
244 249 66
244 248 67
244 248 68
244 248 69
244 248 70
243 249 71
243 250 71
243 251 72
243 251 73
242 252 74
242 252 75
241 252 76
241 253 77
241 253 78
240 253 79
240 254 80
241 254 81
240 254 82
239 255 83
239 255 84
239 255 85
238 256 86
238 256 87
238 257 88
237 257 89
237 257 90
237 257 91
237 258 92
236 258 93
236 259 94
236 260 95
235 260 96
235 261 97
234 261 98
234 261 99
233 262 100
233 262 101
233 263 102
232 263 103
232 264 104
231 265 105
230 265 106
230 266 107
230 267 108
229 267 109
229 268 110
228 268 111
228 269 112
227 270 113
227 270 114
226 271 115
226 272 116
225 272 117
224 273 118
223 274 119
223 275 119
223 276 120
222 276 121
221 277 121
221 278 122
220 279 123
219 280 124
218 281 125
218 282 125
217 283 126
216 284 127
215 285 128
214 286 129
213 287 130
213 288 130
212 289 131
211 290 132
210 291 132
209 291 132
208 292 132
207 293 132
206 294 132
205 295 132
205 296 132
204 297 133
203 298 133
203 299 133
202 300 133
201 301 133
200 302 132
199 303 132
198 304 132
197 304 132
196 305 131
195 306 130
194 306 130
193 307 130
192 308 130
191 309 129
191 310 129
190 311 128
189 312 127
188 313 126
187 314 125
188 315 124
187 316 123
186 315 123
185 315 122
184 316 121
184 316 120
184 316 119
185 317 118
145
249 251 25
249 251 26
248 251 27
248 251 28
248 251 29
249 250 30
249 250 31
248 251 32
248 250 33
248 250 34
248 250 35
248 250 36
248 250 37
248 250 38
247 250 39
247 250 40
247 250 41
247 250 42
247 250 43
247 250 44
247 250 45
247 249 46
247 249 47
247 249 48
247 249 49
246 250 50
246 249 51
246 249 52
246 249 53
246 249 54
246 249 55
246 249 56
246 249 57
245 249 58
245 249 59
245 249 60
245 249 61
245 248 62
245 248 63
245 248 64
245 248 65
244 249 66
244 248 67
244 248 68
244 248 69
244 248 70
243 249 71
244 249 72
243 248 73
243 248 74
243 248 75
243 247 76
243 247 77
243 247 78
243 247 79
243 247 80
243 247 81
243 247 82
243 247 83
243 247 84
243 247 85
243 247 86
243 247 87
243 247 88
242 246 89
242 246 90
242 246 91
241 246 92
241 247 93
241 247 94
241 247 95
241 247 96
241 247 97
240 247 98
240 247 99
239 247 100
238 246 101
239 247 102
239 247 103
238 246 104
237 245 105
236 245 106
235 244 107
234 245 108
235 245 109
236 245 110
237 245 111
238 246 112
239 246 113
240 246 114
239 245 115
239 245 116
239 245 117
239 245 118
239 244 119
239 244 120
238 244 121
238 244 122
238 244 123
238 244 124
238 244 125
238 243 126
238 243 127
238 243 128
238 243 129
238 243 130
238 243 131
239 243 132
238 243 133
238 243 134
238 243 135
238 243 136
238 243 137
237 242 138
238 242 139
238 242 140
237 242 141
237 242 142
237 242 143
237 242 144
237 241 145
237 241 146
236 241 147
235 241 148
235 242 149
235 242 150
235 242 151
235 242 152
234 242 153
234 242 154
235 243 155
235 243 156
234 242 157
234 242 158
234 242 159
234 242 160
233 242 161
232 242 161
231 241 161
230 240 161
229 240 161
228 239 161
228 238 161
227 237 162
226 236 163
143
249 251 25
249 251 26
248 251 27
248 251 28
248 251 29
249 250 30
249 250 31
248 251 32
248 250 33
248 250 34
248 250 35
248 250 36
248 250 37
248 250 38
247 250 39
247 250 40
247 250 41
247 250 42
247 250 43
247 250 44
247 250 45
247 249 46
247 249 47
247 249 48
247 249 49
246 250 50
246 249 51
246 249 52
246 249 53
246 249 54
246 249 55
246 249 56
246 249 57
245 249 58
245 249 59
245 249 60
245 249 61
245 248 62
245 248 63
245 248 64
245 248 65
244 249 66
244 248 67
244 248 68
244 248 69
244 248 70
243 249 71
243 250 71
243 251 72
243 251 73
242 252 74
242 252 75
241 252 76
241 253 77
241 253 78
240 253 79
240 254 80
241 254 81
240 254 82
239 255 83
239 255 84
239 255 85
238 256 86
238 256 87
238 257 88
237 257 89
237 257 90
237 257 91
237 258 92
236 258 93
236 259 94
236 260 95
235 260 96
235 261 97
234 261 98
234 261 99
233 262 100
233 262 101
233 263 102
232 263 103
232 264 104
231 265 105
230 265 106
230 266 107
230 267 108
229 267 109
229 268 110
228 268 111
228 269 112
227 270 113
227 270 114
226 271 115
226 272 116
225 272 117
224 273 118
223 274 119
223 275 119
223 276 120
222 276 121
221 277 121
221 278 122
220 279 123
219 280 124
218 281 125
218 282 125
217 283 126
216 284 127
215 285 128
214 286 129
213 287 130
213 288 130
212 289 131
211 290 132
210 291 132
209 291 132
208 292 132
207 293 132
206 294 132
205 295 132
205 296 132
204 297 133
203 298 133
203 299 133
202 300 133
201 301 133
200 302 132
199 303 132
198 304 132
197 304 132
196 305 131
195 306 130
194 306 130
193 307 130
192 308 130
191 309 129
191 310 129
190 311 128
189 312 127
188 313 126
187 314 125
188 315 124
187 316 123
188 317 123
142
249 251 25
249 251 26
248 251 27
248 251 28
248 251 29
249 250 30
249 250 31
248 251 32
248 250 33
248 250 34
248 250 35
248 250 36
248 250 37
248 250 38
247 250 39
247 250 40
247 250 41
247 250 42
247 250 43
247 250 44
247 250 45
247 249 46
247 249 47
247 249 48
247 249 49
246 250 50
246 249 51
246 249 52
246 249 53
246 249 54
246 249 55
246 249 56
246 249 57
245 249 58
245 249 59
245 249 60
245 249 61
245 248 62
245 248 63
245 248 64
245 248 65
244 249 66
244 248 67
244 248 68
244 248 69
244 248 70
243 249 71
243 250 71
243 251 72
243 251 73
242 252 74
242 252 75
241 252 76
241 253 77
241 253 78
240 253 79
240 254 80
241 254 81
240 254 82
239 255 83
239 255 84
239 255 85
238 256 86
238 256 87
238 257 88
237 257 89
237 257 90
237 257 91
237 258 92
236 258 93
236 259 94
236 260 95
235 260 96
235 261 97
234 261 98
234 261 99
233 262 100
233 262 101
233 263 102
232 263 103
232 264 104
231 265 105
230 265 106
230 266 107
230 267 108
229 267 109
229 268 110
228 268 111
228 269 112
227 270 113
227 270 114
226 271 115
226 272 116
225 272 117
224 273 118
223 274 119
223 275 119
223 276 120
222 276 121
221 277 121
221 278 122
220 279 123
219 280 124
218 281 125
218 282 125
217 283 126
216 284 127
215 285 128
214 286 129
213 287 130
213 288 130
212 289 131
211 290 132
210 291 132
209 291 132
208 292 132
207 293 132
206 294 132
205 295 132
205 296 132
204 297 133
203 298 133
203 299 133
202 300 133
201 301 133
200 302 132
199 303 132
198 304 132
197 304 132
196 305 131
195 306 130
194 306 130
193 307 130
192 308 130
191 309 129
191 310 129
190 311 128
189 312 127
188 313 126
187 314 125
188 315 124
189 316 124
138
249 251 25
249 251 26
248 251 27
248 251 28
248 251 29
249 250 30
249 250 31
248 251 32
248 250 33
248 250 34
248 250 35
248 250 36
248 250 37
248 250 38
247 250 39
247 250 40
247 250 41
247 250 42
247 250 43
247 250 44
247 250 45
247 249 46
247 249 47
247 249 48
247 249 49
246 250 50
246 249 51
246 249 52
246 249 53
246 249 54
246 249 55
246 249 56
246 249 57
245 249 58
245 249 59
245 249 60
245 249 61
245 248 62
245 248 63
245 248 64
245 248 65
244 249 66
244 248 67
244 248 68
244 248 69
244 248 70
243 249 71
243 250 71
243 251 72
243 251 73
242 252 74
242 252 75
241 252 76
241 253 77
241 253 78
240 253 79
240 254 80
241 254 81
240 254 82
239 255 83
239 255 84
239 255 85
238 256 86
238 256 87
238 257 88
237 257 89
237 257 90
237 257 91
237 258 92
236 258 93
236 259 94
236 260 95
235 260 96
235 261 97
234 261 98
234 261 99
233 262 100
233 262 101
233 263 102
232 263 103
232 264 104
231 265 105
230 265 106
230 266 107
230 267 108
229 267 109
229 268 110
228 268 111
228 269 112
227 270 113
227 270 114
226 271 115
226 272 116
225 272 117
224 273 118
223 274 119
223 275 119
223 276 120
222 276 121
221 277 121
221 278 122
220 279 123
219 280 124
218 281 125
218 282 125
217 283 126
216 284 127
215 285 128
214 286 129
213 287 130
213 288 130
212 289 131
211 290 132
210 291 132
209 291 132
208 292 132
207 293 132
206 294 132
205 295 132
205 296 132
204 297 133
203 298 133
203 299 133
202 300 133
201 301 133
200 302 132
199 303 132
198 304 132
197 304 132
196 305 131
195 306 130
194 306 130
193 307 130
192 308 130
191 309 129
191 310 129
190 311 128
191 312 128
132
249 251 25
249 251 26
248 251 27
248 251 28
248 251 29
249 250 30
249 250 31
248 251 32
248 250 33
248 250 34
248 250 35
248 250 36
248 250 37
248 250 38
247 250 39
247 250 40
247 250 41
247 250 42
247 250 43
247 250 44
247 250 45
247 249 46
247 249 47
247 249 48
247 249 49
246 250 50
246 249 51
246 249 52
246 249 53
246 249 54
246 249 55
246 249 56
246 249 57
245 249 58
245 249 59
245 249 60
245 249 61
245 248 62
245 248 63
245 248 64
245 248 65
244 249 66
244 248 67
244 248 68
244 248 69
244 248 70
243 249 71
243 250 71
243 251 72
243 251 73
242 252 74
242 252 75
241 252 76
241 253 77
241 253 78
240 253 79
240 254 80
241 254 81
240 254 82
239 255 83
239 255 84
239 255 85
238 256 86
238 256 87
238 257 88
237 257 89
237 257 90
237 257 91
237 258 92
236 258 93
236 259 94
236 260 95
235 260 96
235 261 97
234 261 98
234 261 99
233 262 100
233 262 101
233 263 102
232 263 103
232 264 104
231 265 105
230 265 106
230 266 107
230 267 108
229 267 109
229 268 110
228 268 111
228 269 112
227 270 113
227 270 114
226 271 115
226 272 116
225 272 117
224 273 118
223 274 119
223 275 119
223 276 120
222 276 121
221 277 121
221 278 122
220 279 123
219 280 124
218 281 125
218 282 125
217 283 126
216 284 127
215 285 128
214 286 129
213 287 130
213 288 130
212 289 131
211 290 132
210 291 132
209 291 132
208 292 132
207 293 132
206 294 132
205 295 132
205 296 132
204 297 133
203 298 133
203 299 133
202 300 133
201 301 133
200 302 132
199 303 132
198 304 132
197 304 132
196 305 131
195 306 130
195 307 130
121
249 251 25
249 251 26
248 251 27
248 251 28
248 251 29
249 250 30
249 250 31
248 251 32
248 250 33
248 250 34
248 250 35
248 250 36
248 250 37
248 250 38
247 250 39
247 250 40
247 250 41
247 250 42
247 250 43
247 250 44
247 250 45
247 249 46
247 249 47
247 249 48
247 249 49
246 250 50
246 249 51
246 249 52
246 249 53
246 249 54
246 249 55
246 249 56
246 249 57
245 249 58
245 249 59
245 249 60
245 249 61
245 248 62
245 248 63
245 248 64
245 248 65
244 249 66
244 248 67
244 248 68
244 248 69
244 248 70
243 249 71
243 250 71
243 251 72
243 251 73
242 252 74
242 252 75
241 252 76
241 253 77
241 253 78
240 253 79
240 254 80
241 254 81
240 254 82
239 255 83
239 255 84
239 255 85
238 256 86
238 256 87
238 257 88
237 257 89
237 257 90
237 257 91
237 258 92
236 258 93
236 259 94
236 260 95
235 260 96
235 261 97
234 261 98
234 261 99
233 262 100
233 262 101
233 263 102
232 263 103
232 264 104
231 265 105
230 265 106
230 266 107
230 267 108
229 267 109
229 268 110
228 268 111
228 269 112
227 270 113
227 270 114
226 271 115
226 272 116
225 272 117
224 273 118
223 274 119
223 275 119
223 276 120
222 276 121
221 277 121
221 278 122
220 279 123
219 280 124
218 281 125
218 282 125
217 283 126
216 284 127
215 285 128
214 286 129
213 287 130
213 288 130
212 289 131
211 290 132
210 291 132
209 291 132
208 292 132
207 293 132
206 294 132
205 295 132
205 296 132
209 299 132
121
249 251 25
249 251 26
248 251 27
248 251 28
248 251 29
249 250 30
249 250 31
248 251 32
248 250 33
248 250 34
248 250 35
248 250 36
248 250 37
248 250 38
247 250 39
247 250 40
247 250 41
247 250 42
247 250 43
247 250 44
247 250 45
247 249 46
247 249 47
247 249 48
247 249 49
246 250 50
246 249 51
246 249 52
246 249 53
246 249 54
246 249 55
246 249 56
246 249 57
245 249 58
245 249 59
245 249 60
245 249 61
245 248 62
245 248 63
245 248 64
245 248 65
244 249 66
244 248 67
244 248 68
244 248 69
244 248 70
243 249 71
244 249 72
243 248 73
243 248 74
243 248 75
243 247 76
243 247 77
243 247 78
243 247 79
243 247 80
243 247 81
243 247 82
243 247 83
243 247 84
243 247 85
243 247 86
243 247 87
243 247 88
242 246 89
242 246 90
242 246 91
241 246 92
241 247 93
241 247 94
241 247 95
241 247 96
241 247 97
240 247 98
240 247 99
239 247 100
238 246 101
239 247 102
239 247 103
238 246 104
237 245 105
236 245 106
235 244 107
234 245 108
235 245 109
236 245 110
237 245 111
238 246 112
239 246 113
240 246 114
239 245 115
239 245 116
239 245 117
239 245 118
239 244 119
239 244 120
238 244 121
238 244 122
238 244 123
238 244 124
238 244 125
238 243 126
238 243 127
238 243 128
238 243 129
238 243 130
238 243 131
239 243 132
238 243 133
238 243 134
238 243 135
238 243 136
238 243 137
237 242 138
238 242 139
239 243 140
239 244 140
239 245 140
240 246 140
241 246 140
242 247 140
121
249 251 25
249 251 26
248 251 27
248 251 28
248 251 29
249 250 30
249 250 31
248 251 32
248 250 33
248 250 34
248 250 35
248 250 36
248 250 37
248 250 38
247 250 39
247 250 40
247 250 41
247 250 42
247 250 43
247 250 44
247 250 45
247 249 46
247 249 47
247 249 48
247 249 49
246 250 50
246 249 51
246 249 52
246 249 53
246 249 54
246 249 55
246 249 56
246 249 57
245 249 58
245 249 59
245 249 60
245 249 61
245 248 62
245 248 63
245 248 64
245 248 65
244 249 66
244 248 67
244 248 68
244 248 69
244 248 70
243 249 71
244 249 72
243 248 73
243 248 74
243 248 75
243 247 76
243 247 77
243 247 78
243 247 79
243 247 80
243 247 81
243 247 82
243 247 83
243 247 84
243 247 85
243 247 86
243 247 87
243 247 88
242 246 89
242 246 90
242 246 91
241 246 92
241 247 93
241 247 94
241 247 95
241 247 96
241 247 97
240 247 98
240 247 99
239 247 100
238 246 101
239 247 102
239 247 103
238 246 104
237 245 105
236 245 106
235 244 107
234 245 108
235 245 109
236 245 110
237 245 111
238 246 112
239 246 113
240 246 114
239 245 115
239 245 116
239 245 117
239 245 118
239 244 119
239 244 120
238 244 121
238 244 122
238 244 123
238 244 124
238 244 125
238 243 126
238 243 127
238 243 128
238 243 129
238 243 130
238 243 131
239 243 132
238 243 133
238 243 134
238 243 135
238 243 136
238 243 137
237 242 138
238 242 139
239 243 140
239 244 140
239 245 140
240 246 140
240 247 140
241 248 140
120
249 251 25
249 251 26
248 251 27
248 251 28
248 251 29
249 250 30
249 250 31
248 251 32
248 250 33
248 250 34
248 250 35
248 250 36
248 250 37
248 250 38
247 250 39
247 250 40
247 250 41
247 250 42
247 250 43
247 250 44
247 250 45
247 249 46
247 249 47
247 249 48
247 249 49
246 250 50
246 249 51
246 249 52
246 249 53
246 249 54
246 249 55
246 249 56
246 249 57
245 249 58
245 249 59
245 249 60
245 249 61
245 248 62
245 248 63
245 248 64
245 248 65
244 249 66
244 248 67
244 248 68
244 248 69
244 248 70
243 249 71
244 249 72
243 248 73
243 248 74
243 248 75
243 247 76
243 247 77
243 247 78
243 247 79
243 247 80
243 247 81
243 247 82
243 247 83
243 247 84
243 247 85
243 247 86
243 247 87
243 247 88
242 246 89
242 246 90
242 246 91
241 246 92
241 247 93
241 247 94
241 247 95
241 247 96
241 247 97
240 247 98
240 247 99
239 247 100
238 246 101
239 247 102
239 247 103
238 246 104
237 245 105
236 245 106
235 244 107
234 245 108
234 246 109
234 247 110
235 248 111
236 249 112
237 250 113
237 250 114
237 250 115
236 250 116
236 250 117
236 250 118
236 251 119
236 251 120
237 251 121
237 251 122
236 251 123
236 252 124
236 252 125
235 252 126
234 252 127
234 253 128
233 253 129
232 253 130
232 254 131
231 254 132
230 254 133
230 254 134
231 255 135
230 255 136
229 255 137
229 255 138
229 256 139
229 256 140
228 256 141
228 256 142
227 256 143
219 252 145
116
249 251 25
249 251 26
248 251 27
248 251 28
248 251 29
249 250 30
249 250 31
248 251 32
248 250 33
248 250 34
248 250 35
248 250 36
248 250 37
248 250 38
247 250 39
247 250 40
247 250 41
247 250 42
247 250 43
247 250 44
247 250 45
247 249 46
247 249 47
247 249 48
247 249 49
246 250 50
246 249 51
246 249 52
246 249 53
246 249 54
246 249 55
246 249 56
246 249 57
245 249 58
245 249 59
245 249 60
245 249 61
245 248 62
245 248 63
245 248 64
245 248 65
244 249 66
244 248 67
244 248 68
244 248 69
244 248 70
243 249 71
244 249 72
243 248 73
243 248 74
243 248 75
243 247 76
243 247 77
243 247 78
243 247 79
243 247 80
243 247 81
243 247 82
243 247 83
243 247 84
243 247 85
243 247 86
243 247 87
243 247 88
242 246 89
242 246 90
242 246 91
241 246 92
241 247 93
241 247 94
241 247 95
241 247 96
241 247 97
240 247 98
240 247 99
239 247 100
238 246 101
239 247 102
239 247 103
238 246 104
237 245 105
236 245 106
235 244 107
234 245 108
235 245 109
236 245 110
237 245 111
238 246 112
239 246 113
240 246 114
239 245 115
239 245 116
239 245 117
239 245 118
239 244 119
239 244 120
238 244 121
238 244 122
238 244 123
238 244 124
238 244 125
238 243 126
238 243 127
238 243 128
238 243 129
238 243 130
238 243 131
239 243 132
238 243 133
238 243 134
238 243 135
238 243 136
238 244 137
238 245 137
238 246 137
239 247 137
116
249 251 25
249 251 26
248 251 27
248 251 28
248 251 29
249 250 30
249 250 31
248 251 32
248 250 33
248 250 34
248 250 35
248 250 36
248 250 37
248 250 38
247 250 39
247 250 40
247 250 41
247 250 42
247 250 43
247 250 44
247 250 45
247 249 46
247 249 47
247 249 48
247 249 49
246 250 50
246 249 51
246 249 52
246 249 53
246 249 54
246 249 55
246 249 56
246 249 57
245 249 58
245 249 59
245 249 60
245 249 61
245 248 62
245 248 63
245 248 64
245 248 65
244 249 66
244 248 67
244 248 68
244 248 69
244 248 70
243 249 71
244 249 72
243 248 73
243 248 74
243 248 75
243 247 76
243 247 77
243 247 78
243 247 79
243 247 80
243 247 81
243 247 82
243 247 83
243 247 84
243 247 85
243 247 86
243 247 87
243 247 88
242 246 89
242 246 90
242 246 91
241 246 92
241 247 93
241 247 94
241 247 95
241 247 96
241 247 97
240 247 98
240 247 99
239 247 100
238 246 101
239 247 102
239 247 103
238 246 104
237 245 105
236 245 106
235 244 107
234 245 108
235 245 109
236 245 110
237 245 111
238 246 112
239 246 113
240 246 114
239 245 115
239 245 116
239 245 117
239 245 118
239 244 119
239 244 120
238 244 121
238 244 122
238 244 123
238 244 124
238 244 125
238 243 126
238 243 127
238 243 128
238 243 129
238 243 130
238 243 131
239 243 132
240 243 132
241 244 132
241 245 132
241 246 132
242 247 133
241 248 134
241 248 135
240 248 136
115
249 251 25
249 251 26
248 251 27
248 251 28
248 251 29
249 250 30
249 250 31
248 251 32
248 250 33
248 250 34
248 250 35
248 250 36
248 250 37
248 250 38
247 250 39
247 250 40
247 250 41
247 250 42
247 250 43
247 250 44
247 250 45
247 249 46
247 249 47
247 249 48
247 249 49
246 250 50
246 249 51
246 249 52
246 249 53
246 249 54
246 249 55
246 249 56
246 249 57
245 249 58
245 249 59
245 249 60
245 249 61
245 248 62
245 248 63
245 248 64
245 248 65
244 249 66
244 248 67
244 248 68
244 248 69
244 248 70
243 249 71
244 249 72
243 248 73
243 248 74
243 248 75
243 247 76
243 247 77
243 247 78
243 247 79
243 247 80
243 247 81
243 247 82
243 247 83
243 247 84
243 247 85
243 247 86
243 247 87
243 247 88
242 246 89
242 246 90
242 246 91
241 246 92
241 247 93
241 247 94
241 247 95
241 247 96
241 247 97
240 247 98
240 247 99
239 247 100
238 246 101
239 247 102
239 247 103
238 246 104
237 245 105
236 245 106
235 244 107
234 245 108
234 246 109
234 247 110
235 248 111
236 249 112
237 250 113
237 250 114
237 250 115
236 250 116
236 250 117
236 250 118
236 251 119
236 251 120
237 251 121
237 251 122
236 251 123
236 252 124
236 252 125
235 252 126
234 252 127
234 253 128
233 253 129
232 253 130
232 254 131
231 254 132
230 254 133
230 254 134
231 255 135
230 255 136
229 255 137
229 255 138
222 251 138
93
249 251 25
249 251 26
248 251 27
248 251 28
248 251 29
249 250 30
249 250 31
248 251 32
248 250 33
248 250 34
248 250 35
248 250 36
248 250 37
248 250 38
247 250 39
247 250 40
247 250 41
247 250 42
247 250 43
247 250 44
247 250 45
247 249 46
247 249 47
247 249 48
247 249 49
246 250 50
246 249 51
246 249 52
246 249 53
246 249 54
246 249 55
246 249 56
246 249 57
245 249 58
245 249 59
245 249 60
245 249 61
245 248 62
245 248 63
245 248 64
245 248 65
244 249 66
244 248 67
244 248 68
244 248 69
244 248 70
243 249 71
244 249 72
243 248 73
243 248 74
243 248 75
243 247 76
243 247 77
243 247 78
243 247 79
243 247 80
243 247 81
243 247 82
243 247 83
243 247 84
243 247 85
243 247 86
243 247 87
243 247 88
242 246 89
242 246 90
242 246 91
241 246 92
241 247 93
241 247 94
241 247 95
241 247 96
241 247 97
240 247 98
240 247 99
239 247 100
238 246 101
239 247 102
239 247 103
238 246 104
237 245 105
236 245 106
235 244 107
234 245 108
233 246 108
232 246 109
232 246 110
232 246 111
231 245 112
230 245 113
230 245 114
230 245 115
228 246 120
92
249 251 25
249 251 26
248 251 27
248 251 28
248 251 29
249 250 30
249 250 31
248 251 32
248 250 33
248 250 34
248 250 35
248 250 36
248 250 37
248 250 38
247 250 39
247 250 40
247 250 41
247 250 42
247 250 43
247 250 44
247 250 45
247 249 46
247 249 47
247 249 48
247 249 49
246 250 50
246 249 51
246 249 52
246 249 53
246 249 54
246 249 55
246 249 56
246 249 57
245 249 58
245 249 59
245 249 60
245 249 61
245 248 62
245 248 63
245 248 64
245 248 65
244 249 66
244 248 67
244 248 68
244 248 69
244 248 70
243 249 71
244 249 72
243 248 73
243 248 74
243 248 75
243 247 76
243 247 77
243 247 78
243 247 79
243 247 80
243 247 81
243 247 82
243 247 83
243 247 84
243 247 85
243 247 86
243 247 87
243 247 88
242 246 89
242 246 90
242 246 91
241 246 92
241 247 93
241 247 94
241 247 95
241 247 96
241 247 97
240 247 98
240 247 99
239 247 100
238 246 101
239 247 102
239 247 103
238 246 104
237 245 105
236 245 106
235 244 107
234 245 108
233 246 108
232 246 109
232 246 110
232 246 111
231 245 112
230 245 113
230 245 114
230 245 115
90
249 251 25
249 251 26
248 251 27
248 251 28
248 251 29
249 250 30
249 250 31
248 251 32
248 250 33
248 250 34
248 250 35
248 250 36
248 250 37
248 250 38
247 250 39
247 250 40
247 250 41
247 250 42
247 250 43
247 250 44
247 250 45
247 249 46
247 249 47
247 249 48
247 249 49
246 250 50
246 249 51
246 249 52
246 249 53
246 249 54
246 249 55
246 249 56
246 249 57
245 249 58
245 249 59
245 249 60
245 249 61
245 248 62
245 248 63
245 248 64
245 248 65
244 249 66
244 248 67
244 248 68
244 248 69
244 248 70
243 249 71
244 249 72
243 248 73
243 248 74
243 248 75
243 247 76
243 247 77
243 247 78
243 247 79
243 247 80
243 247 81
243 247 82
243 247 83
243 247 84
243 247 85
243 247 86
243 247 87
243 247 88
242 246 89
242 246 90
242 246 91
241 246 92
241 247 93
241 247 94
241 247 95
241 247 96
241 247 97
240 247 98
240 247 99
239 247 100
238 246 101
239 247 102
239 247 103
238 246 104
237 245 105
236 245 106
235 244 107
234 245 108
233 246 108
232 246 109
232 246 110
232 246 111
232 246 112
233 246 113
87
249 251 25
249 251 26
248 251 27
248 251 28
248 251 29
249 250 30
249 250 31
248 251 32
248 250 33
248 250 34
248 250 35
248 250 36
248 250 37
248 250 38
247 250 39
247 250 40
247 250 41
247 250 42
247 250 43
247 250 44
247 250 45
247 249 46
247 249 47
247 249 48
247 249 49
246 250 50
246 249 51
246 249 52
246 249 53
246 249 54
246 249 55
246 249 56
246 249 57
245 249 58
245 249 59
245 249 60
245 249 61
245 248 62
245 248 63
245 248 64
245 248 65
244 249 66
244 248 67
244 248 68
244 248 69
244 248 70
243 249 71
244 249 72
243 248 73
243 248 74
243 248 75
243 247 76
243 247 77
243 247 78
243 247 79
243 247 80
243 247 81
243 247 82
243 247 83
243 247 84
243 247 85
243 247 86
243 247 87
243 247 88
242 246 89
242 246 90
242 246 91
241 246 92
241 247 93
241 247 94
241 247 95
241 247 96
241 247 97
240 247 98
240 247 99
239 247 100
238 246 101
237 246 101
236 246 101
235 245 101
235 244 101
234 243 101
234 242 102
235 241 103
234 240 104
235 240 105
235 239 106
87
249 251 25
249 251 26
248 251 27
248 251 28
248 251 29
249 250 30
249 250 31
248 251 32
248 250 33
248 250 34
248 250 35
248 250 36
248 250 37
248 250 38
247 250 39
247 250 40
247 250 41
247 250 42
247 250 43
247 250 44
247 250 45
247 249 46
247 249 47
247 249 48
247 249 49
246 250 50
246 249 51
246 249 52
246 249 53
246 249 54
246 249 55
246 249 56
246 249 57
245 249 58
245 249 59
245 249 60
245 249 61
245 248 62
245 248 63
245 248 64
245 248 65
244 249 66
244 248 67
244 248 68
244 248 69
244 248 70
243 249 71
244 249 72
243 248 73
243 248 74
243 248 75
243 247 76
243 247 77
243 247 78
243 247 79
243 247 80
243 247 81
243 247 82
243 247 83
243 247 84
243 247 85
243 247 86
243 247 87
243 247 88
242 246 89
242 246 90
242 246 91
241 246 92
241 247 93
241 247 94
241 247 95
241 247 96
241 247 97
240 247 98
240 247 99
239 247 100
238 246 101
239 247 102
239 247 103
239 246 104
240 246 105
241 245 106
242 245 107
243 244 108
244 244 109
244 243 110
244 243 111
87
249 251 25
249 251 26
248 251 27
248 251 28
248 251 29
249 250 30
249 250 31
248 251 32
248 250 33
248 250 34
248 250 35
248 250 36
248 250 37
248 250 38
247 250 39
247 250 40
247 250 41
247 250 42
247 250 43
247 250 44
247 250 45
247 249 46
247 249 47
247 249 48
247 249 49
246 250 50
246 249 51
246 249 52
246 249 53
246 249 54
246 249 55
246 249 56
246 249 57
245 249 58
245 249 59
245 249 60
245 249 61
245 248 62
245 248 63
245 248 64
245 248 65
244 249 66
244 248 67
244 248 68
244 248 69
244 248 70
243 249 71
244 249 72
243 248 73
243 248 74
243 248 75
243 247 76
243 247 77
243 247 78
243 247 79
243 247 80
243 247 81
243 247 82
243 247 83
243 247 84
243 247 85
243 247 86
243 247 87
243 247 88
242 246 89
242 246 90
242 246 91
241 246 92
241 247 93
241 247 94
241 247 95
241 247 96
241 247 97
240 247 98
240 247 99
239 247 100
238 246 101
239 247 102
239 247 103
238 246 104
237 245 105
236 245 106
235 244 106
234 244 106
233 245 105
232 244 104
231 243 103
87
249 251 25
249 251 26
248 251 27
248 251 28
248 251 29
249 250 30
249 250 31
248 251 32
248 250 33
248 250 34
248 250 35
248 250 36
248 250 37
248 250 38
247 250 39
247 250 40
247 250 41
247 250 42
247 250 43
247 250 44
247 250 45
247 249 46
247 249 47
247 249 48
247 249 49
246 250 50
246 249 51
246 249 52
246 249 53
246 249 54
246 249 55
246 249 56
246 249 57
245 249 58
245 249 59
245 249 60
245 249 61
245 248 62
245 248 63
245 248 64
245 248 65
244 249 66
244 248 67
244 248 68
244 248 69
244 248 70
243 249 71
244 249 72
243 248 73
243 248 74
243 248 75
243 247 76
243 247 77
243 247 78
243 247 79
243 247 80
243 247 81
243 247 82
243 247 83
243 247 84
243 247 85
243 247 86
243 247 87
243 247 88
242 246 89
242 246 90
242 246 91
241 246 92
241 247 93
241 247 94
241 247 95
241 247 96
241 247 97
240 247 98
240 247 99
239 247 100
238 246 101
239 247 102
239 247 103
238 246 104
237 245 105
236 245 106
235 244 106
234 243 106
233 242 105
233 241 104
232 242 103
87
249 251 25
249 251 26
248 251 27
248 251 28
248 251 29
249 250 30
249 250 31
248 251 32
248 250 33
248 250 34
248 250 35
248 250 36
248 250 37
248 250 38
247 250 39
247 250 40
247 250 41
247 250 42
247 250 43
247 250 44
247 250 45
247 249 46
247 249 47
247 249 48
247 249 49
246 250 50
246 249 51
246 249 52
246 249 53
246 249 54
246 249 55
246 249 56
246 249 57
245 249 58
245 249 59
245 249 60
245 249 61
245 248 62
245 248 63
245 248 64
245 248 65
244 249 66
244 248 67
244 248 68
244 248 69
244 248 70
243 249 71
244 249 72
243 248 73
243 248 74
243 248 75
243 247 76
243 247 77
243 247 78
243 247 79
243 247 80
243 247 81
243 247 82
243 247 83
243 247 84
243 247 85
243 247 86
243 247 87
243 247 88
242 246 89
242 246 90
242 246 91
241 246 92
241 247 93
241 247 94
241 247 95
241 247 96
241 247 97
240 247 98
240 247 99
239 247 100
238 246 101
237 246 101
236 246 101
235 245 101
235 244 101
234 243 101
234 242 102
235 241 103
236 240 104
237 240 103
238 241 103
86
249 251 25
249 251 26
248 251 27
248 251 28
248 251 29
249 250 30
249 250 31
248 251 32
248 250 33
248 250 34
248 250 35
248 250 36
248 250 37
248 250 38
247 250 39
247 250 40
247 250 41
247 250 42
247 250 43
247 250 44
247 250 45
247 249 46
247 249 47
247 249 48
247 249 49
246 250 50
246 249 51
246 249 52
246 249 53
246 249 54
246 249 55
246 249 56
246 249 57
245 249 58
245 249 59
245 249 60
245 249 61
245 248 62
245 248 63
245 248 64
245 248 65
244 249 66
244 248 67
244 248 68
244 248 69
244 248 70
243 249 71
244 249 72
243 248 73
243 248 74
243 248 75
243 247 76
243 247 77
243 247 78
243 247 79
243 247 80
243 247 81
243 247 82
243 247 83
243 247 84
243 247 85
243 247 86
243 247 87
243 247 88
242 246 89
242 246 90
242 246 91
241 246 92
241 247 93
241 247 94
241 247 95
241 247 96
241 247 97
240 247 98
240 247 99
239 247 100
238 246 101
239 247 102
239 247 103
239 246 104
240 246 105
241 245 105
241 244 105
241 243 104
240 242 103
239 241 102
84
249 251 25
249 251 26
248 251 27
248 251 28
248 251 29
249 250 30
249 250 31
248 251 32
248 250 33
248 250 34
248 250 35
248 250 36
248 250 37
248 250 38
247 250 39
247 250 40
247 250 41
247 250 42
247 250 43
247 250 44
247 250 45
247 249 46
247 249 47
247 249 48
247 249 49
246 250 50
246 249 51
246 249 52
246 249 53
246 249 54
246 249 55
246 249 56
246 249 57
245 249 58
245 249 59
245 249 60
245 249 61
245 248 62
245 248 63
245 248 64
245 248 65
244 249 66
244 248 67
244 248 68
244 248 69
244 248 70
243 249 71
244 249 72
243 248 73
243 248 74
243 248 75
243 247 76
243 247 77
243 247 78
243 247 79
243 247 80
243 247 81
243 247 82
243 247 83
243 247 84
243 247 85
243 247 86
243 247 87
243 247 88
242 246 89
242 246 90
242 246 91
241 246 92
241 247 93
241 247 94
241 247 95
241 247 96
241 247 97
240 247 98
240 247 99
239 247 100
238 246 101
239 247 102
239 247 103
238 246 104
239 245 104
238 244 103
237 243 103
236 242 103
