8
105
277 262 27
277 262 28
277 262 29
277 262 30
277 262 31
277 262 32
277 262 33
277 262 34
277 262 35
277 262 36
278 263 37
278 263 38
278 263 39
278 263 40
278 263 41
278 263 42
278 263 43
278 263 44
278 263 45
279 263 46
279 263 47
278 263 48
278 264 49
278 264 50
278 264 51
278 264 52
278 264 53
278 264 54
278 264 55
278 264 56
278 264 57
278 264 58
278 264 59
278 264 60
279 265 61
278 265 62
279 265 63
280 265 64
280 265 65
281 265 66
282 265 67
283 265 68
284 265 69
285 265 70
285 265 71
285 265 72
285 264 73
284 263 74
284 264 75
285 264 76
286 264 77
287 265 78
288 266 79
288 265 80
289 266 81
290 267 82
291 267 83
292 267 84
292 268 85
293 268 86
294 268 87
294 268 88
295 268 89
295 269 90
296 269 91
296 269 92
297 269 93
297 269 94
298 269 95
299 269 96
299 270 97
300 270 98
301 270 99
302 270 100
303 270 101
303 270 102
304 270 103
305 270 104
305 271 105
306 271 106
307 271 107
307 271 108
308 272 109
308 271 110
309 271 111
310 271 112
311 272 113
311 271 114
312 271 115
313 271 116
314 271 117
314 271 118
315 272 119
315 272 120
316 272 121
317 272 122
318 272 123
319 272 124
320 272 125
321 272 126
322 272 126
323 272 127
324 272 128
324 272 129
325 272 130
87
277 262 27
277 262 28
277 262 29
277 262 30
277 262 31
277 262 32
277 262 33
277 262 34
277 262 35
277 262 36
278 263 37
278 263 38
278 263 39
278 263 40
278 263 41
278 263 42
278 263 43
278 263 44
278 263 45
279 263 46
279 263 47
278 263 48
278 264 49
278 264 50
278 264 51
278 264 52
278 264 53
278 264 54
278 264 55
278 264 56
278 264 57
278 264 58
278 264 59
278 264 60
279 265 61
278 265 62
279 265 63
280 265 64
280 265 65
279 265 66
278 265 67
278 265 68
279 265 69
278 265 70
279 265 71
279 265 72
280 265 73
280 266 74
279 266 75
278 266 76
278 266 77
279 266 78
279 267 79
278 267 80
278 267 81
278 267 82
277 266 83
276 266 84
275 265 85
275 265 86
275 265 87
275 265 88
275 265 89
274 264 90
274 265 91
274 265 92
274 265 93
274 266 94
274 266 95
273 265 96
273 265 97
273 266 98
273 266 99
273 266 100
272 266 101
272 266 102
272 267 103
271 266 104
271 267 105
271 268 106
271 268 107
270 267 108
270 267 109
270 267 110
270 267 111
270 267 112
270 267 113
59
277 262 27
277 262 28
277 262 29
277 262 30
277 262 31
277 262 32
277 262 33
277 262 34
277 262 35
277 262 36
278 263 37
278 263 38
278 263 39
278 263 40
278 263 41
278 263 42
278 263 43
278 263 44
278 263 45
279 263 46
279 263 47
278 263 48
278 264 49
278 264 50
278 264 51
278 264 52
278 264 53
278 264 54
278 264 55
278 264 56
278 264 57
278 264 58
278 264 59
278 264 60
279 265 61
278 265 62
279 265 63
280 265 64
280 265 65
279 265 66
278 265 67
278 265 68
279 265 69
278 265 70
279 265 71
279 265 72
280 265 73
280 266 74
279 266 75
278 266 76
278 266 77
279 266 78
279 267 79
278 267 80
278 267 81
278 267 82
279 268 83
280 269 84
278 273 88
59
277 262 27
277 262 28
277 262 29
277 262 30
277 262 31
277 262 32
277 262 33
277 262 34
277 262 35
277 262 36
278 263 37
278 263 38
278 263 39
278 263 40
278 263 41
278 263 42
278 263 43
278 263 44
278 263 45
279 263 46
279 263 47
278 263 48
278 264 49
278 264 50
278 264 51
278 264 52
278 264 53
278 264 54
278 264 55
278 264 56
278 264 57
278 264 58
278 264 59
278 264 60
279 265 61
278 265 62
279 265 63
280 265 64
280 265 65
281 265 66
282 265 67
283 265 68
284 265 69
285 265 70
285 265 71
285 265 72
285 264 73
284 263 74
284 264 75
285 264 76
286 264 77
287 265 78
288 266 79
288 265 80
288 264 81
288 263 81
288 262 82
287 261 83
287 262 84
58
277 262 27
277 262 28
277 262 29
277 262 30
277 262 31
277 262 32
277 262 33
277 262 34
277 262 35
277 262 36
278 263 37
278 263 38
278 263 39
278 263 40
278 263 41
278 263 42
278 263 43
278 263 44
278 263 45
279 263 46
279 263 47
278 263 48
278 264 49
278 264 50
278 264 51
278 264 52
278 264 53
278 264 54
278 264 55
278 264 56
278 264 57
278 264 58
278 264 59
278 264 60
279 265 61
278 265 62
279 265 63
280 265 64
280 265 65
279 265 66
278 265 67
278 265 68
279 265 69
278 265 70
279 265 71
279 265 72
280 265 73
280 266 74
279 266 75
278 266 76
278 266 77
279 266 78
279 267 79
278 267 80
278 267 81
278 267 82
279 268 83
280 269 84
57
277 262 27
277 262 28
277 262 29
277 262 30
277 262 31
277 262 32
277 262 33
277 262 34
277 262 35
277 262 36
278 263 37
278 263 38
278 263 39
278 263 40
278 263 41
278 263 42
278 263 43
278 263 44
278 263 45
279 263 46
279 263 47
278 263 48
278 264 49
278 264 50
278 264 51
278 264 52
278 264 53
278 264 54
278 264 55
278 264 56
278 264 57
278 264 58
278 264 59
278 264 60
279 265 61
278 265 62
279 265 63
280 265 64
280 265 65
279 265 66
278 265 67
278 265 68
279 265 69
278 265 70
279 265 71
279 265 72
280 265 73
280 266 74
279 266 75
280 265 76
281 264 77
282 264 78
282 263 79
282 263 80
282 263 81
282 262 82
282 262 83
44
277 262 27
277 262 28
277 262 29
277 262 30
277 262 31
277 262 32
277 262 33
277 262 34
277 262 35
277 262 36
278 263 37
278 263 38
278 263 39
278 263 40
278 263 41
278 263 42
278 263 43
278 263 44
278 263 45
279 263 46
279 263 47
278 263 48
278 264 49
278 264 50
278 264 51
278 264 52
278 264 53
278 264 54
278 264 55
278 264 56
278 264 57
278 264 58
278 264 59
278 264 60
279 265 61
278 265 62
277 264 62
276 264 62
275 265 62
274 265 63
273 265 64
273 265 65
274 265 66
275 265 67
43
277 262 27
277 262 28
277 262 29
277 262 30
277 262 31
277 262 32
277 262 33
277 262 34
277 262 35
277 262 36
278 263 37
278 263 38
278 263 39
278 263 40
278 263 41
278 263 42
278 263 43
278 263 44
278 263 45
279 263 46
279 263 47
278 263 48
278 264 49
278 264 50
278 264 51
278 264 52
278 264 53
278 264 54
278 264 55
278 264 56
278 264 57
278 264 58
278 264 59
278 264 60
279 265 61
278 265 62
279 265 63
280 265 64
280 265 65
279 265 66
278 265 67
277 265 67
276 265 67
