49
183
246 235 24
247 235 25
248 235 26
248 235 27
249 236 28
249 236 29
249 236 30
249 236 31
249 236 32
249 236 33
250 236 34
249 236 35
248 236 36
248 236 37
247 236 38
247 236 39
247 236 40
247 237 41
247 237 42
247 237 43
247 237 44
247 237 45
247 237 46
247 237 47
247 237 48
246 237 49
246 236 50
245 236 51
245 236 52
245 235 53
245 235 54
246 235 55
246 235 56
246 235 57
245 236 58
245 236 59
246 237 60
247 238 61
248 237 62
248 237 63
248 238 64
248 238 65
248 238 66
248 238 67
248 238 68
248 238 69
248 238 70
248 238 71
248 238 72
248 238 73
248 238 74
249 238 75
248 238 76
249 239 77
250 238 78
251 238 79
251 239 80
250 239 81
250 239 82
250 239 83
249 239 84
248 238 85
248 239 86
248 239 87
248 240 88
248 241 89
248 240 90
248 240 91
247 239 92
247 238 93
247 238 94
247 237 95
247 237 96
247 237 97
247 237 98
247 237 99
247 238 100
248 239 101
248 238 102
248 238 103
247 238 104
246 238 105
247 238 106
248 238 107
248 238 108
249 239 109
249 239 110
249 239 111
249 239 112
249 239 113
249 239 114
249 238 115
249 238 116
250 239 117
250 239 118
250 239 119
250 239 120
250 238 121
251 239 122
251 239 123
252 239 124
252 239 125
252 239 126
252 238 127
253 238 128
253 238 129
253 239 130
254 240 131
255 240 132
256 240 133
257 240 134
258 241 135
258 240 136
259 240 137
259 241 138
260 241 139
260 242 140
261 242 141
262 243 142
262 242 143
263 242 144
263 242 145
264 242 146
264 242 147
265 242 148
266 242 149
267 243 150
267 243 151
268 243 152
269 243 152
270 242 153
271 242 154
272 242 155
273 243 156
274 242 157
275 242 158
276 242 159
277 242 159
278 242 160
279 241 161
280 242 161
281 241 162
282 241 163
283 241 163
284 241 164
285 241 165
286 241 165
287 241 166
288 241 167
289 240 168
290 240 168
291 240 169
292 239 170
293 239 171
294 238 172
295 238 173
296 238 173
297 238 173
298 237 174
299 237 175
300 237 175
301 237 176
302 236 176
303 236 177
303 235 178
304 234 179
305 234 179
306 233 180
307 233 180
308 233 180
309 232 181
310 232 181
311 231 182
312 231 182
313 231 182
314 231 182
315 230 183
315 229 183
316 228 183
317 227 183
318 226 183
319 226 183
320 225 182
158
246 235 24
247 235 25
248 235 26
248 235 27
249 236 28
249 236 29
249 236 30
249 236 31
249 236 32
249 236 33
250 236 34
249 236 35
248 236 36
248 236 37
247 236 38
247 236 39
247 236 40
247 237 41
247 237 42
247 237 43
247 237 44
247 237 45
247 237 46
247 237 47
247 237 48
246 237 49
246 236 50
245 236 51
245 236 52
245 235 53
245 235 54
246 235 55
246 235 56
246 235 57
245 236 58
245 236 59
246 237 60
247 238 61
248 237 62
248 237 63
248 238 64
248 238 65
248 238 66
248 238 67
248 238 68
248 238 69
248 238 70
248 238 71
248 238 72
248 238 73
248 238 74
249 238 75
248 238 76
247 238 76
246 238 77
245 239 76
244 239 77
243 240 78
242 241 79
242 242 80
241 242 81
241 243 82
240 243 83
240 244 84
239 243 85
239 244 86
239 244 87
238 245 88
238 245 89
237 245 90
237 246 91
236 246 92
235 246 93
234 247 94
233 247 95
233 247 96
232 248 97
231 248 98
231 248 99
231 249 100
230 249 101
230 249 102
229 249 103
229 250 104
229 250 105
229 251 106
228 252 107
227 252 108
226 252 108
225 252 109
224 253 110
223 253 111
222 254 112
221 255 113
220 255 113
219 255 114
218 256 115
217 257 116
216 257 116
215 257 117
215 258 118
214 259 119
213 260 120
212 260 121
211 261 122
210 261 122
209 262 123
208 263 124
208 263 125
207 264 126
206 265 127
205 265 128
204 266 129
203 266 130
202 267 131
201 268 132
200 269 132
199 269 132
198 270 133
197 270 133
196 271 134
196 272 134
195 273 135
194 274 136
193 274 136
192 275 136
191 275 136
190 276 136
189 277 136
188 278 137
187 279 137
186 280 137
185 281 137
185 282 137
184 283 137
183 284 137
182 285 137
181 286 137
180 287 137
179 288 137
178 289 136
177 290 136
176 291 136
175 292 136
175 293 136
174 294 136
173 295 136
172 296 136
171 297 135
170 298 135
169 299 135
169 300 136
168 301 136
167 302 136
166 303 135
165 304 134
164 305 134
159 310 130
157
246 235 24
247 235 25
248 235 26
248 235 27
249 236 28
249 236 29
249 236 30
249 236 31
249 236 32
249 236 33
250 236 34
249 236 35
248 236 36
248 236 37
247 236 38
247 236 39
247 236 40
247 237 41
247 237 42
247 237 43
247 237 44
247 237 45
247 237 46
247 237 47
247 237 48
246 237 49
246 236 50
245 236 51
245 236 52
245 235 53
245 235 54
246 235 55
246 235 56
246 235 57
245 236 58
245 236 59
246 237 60
247 238 61
248 237 62
248 237 63
248 238 64
248 238 65
248 238 66
248 238 67
248 238 68
248 238 69
248 238 70
248 238 71
248 238 72
248 238 73
248 238 74
249 238 75
248 238 76
247 238 76
246 238 77
245 239 76
244 239 77
243 240 78
242 241 79
242 242 80
241 242 81
241 243 82
240 243 83
240 244 84
239 243 85
239 244 86
239 244 87
238 245 88
238 245 89
237 245 90
237 246 91
236 246 92
235 246 93
234 247 94
233 247 95
233 247 96
232 248 97
231 248 98
231 248 99
231 249 100
230 249 101
230 249 102
229 249 103
229 250 104
229 250 105
229 251 106
228 252 107
227 252 108
226 252 108
225 252 109
224 253 110
223 253 111
222 254 112
221 255 113
220 255 113
219 255 114
218 256 115
217 257 116
216 257 116
215 257 117
215 258 118
214 259 119
213 260 120
212 260 121
211 261 122
210 261 122
209 262 123
208 263 124
208 263 125
207 264 126
206 265 127
205 265 128
204 266 129
203 266 130
202 267 131
201 268 132
200 269 132
199 269 132
198 270 133
197 270 133
196 271 134
196 272 134
195 273 135
194 274 136
193 274 136
192 275 136
191 275 136
190 276 136
189 277 136
188 278 137
187 279 137
186 280 137
185 281 137
185 282 137
184 283 137
183 284 137
182 285 137
181 286 137
180 287 137
179 288 137
178 289 136
177 290 136
176 291 136
175 292 136
175 293 136
174 294 136
173 295 136
172 296 136
171 297 135
170 298 135
169 299 135
169 300 136
168 301 136
167 302 136
166 303 135
165 304 134
164 305 134
150
246 235 24
247 235 25
248 235 26
248 235 27
249 236 28
249 236 29
249 236 30
249 236 31
249 236 32
249 236 33
250 236 34
249 236 35
248 236 36
248 236 37
247 236 38
247 236 39
247 236 40
247 237 41
247 237 42
247 237 43
247 237 44
247 237 45
247 237 46
247 237 47
247 237 48
246 237 49
246 236 50
245 236 51
245 236 52
245 235 53
245 235 54
246 235 55
246 235 56
246 235 57
245 236 58
245 236 59
246 237 60
247 238 61
248 237 62
248 237 63
248 238 64
248 238 65
248 238 66
248 238 67
248 238 68
248 238 69
248 238 70
248 238 71
248 238 72
248 238 73
248 238 74
249 238 75
248 238 76
249 239 77
250 238 78
251 238 79
251 239 80
250 239 81
250 239 82
250 239 83
249 239 84
248 238 85
248 239 86
248 239 87
248 240 88
248 241 89
248 240 90
248 240 91
247 239 92
247 238 93
247 238 94
247 237 95
247 237 96
247 237 97
247 237 98
247 237 99
247 238 100
248 239 101
248 238 102
248 238 103
247 238 104
246 238 105
247 238 106
248 238 107
248 238 108
249 239 109
249 239 110
249 239 111
249 239 112
249 239 113
249 239 114
249 238 115
249 238 116
250 239 117
250 239 118
250 239 119
250 239 120
250 238 121
251 239 122
251 239 123
252 239 124
252 239 125
252 239 126
252 238 127
253 238 128
253 238 129
253 239 130
253 239 131
252 239 132
252 240 133
252 239 134
251 239 135
252 238 136
251 237 137
251 237 138
251 237 139
251 236 140
252 236 141
251 235 142
252 234 143
252 234 144
252 234 145
252 233 146
252 233 147
253 232 148
253 232 149
253 232 150
252 232 151
253 232 152
253 232 153
253 231 154
253 231 155
254 231 156
254 231 157
254 231 158
254 230 159
255 230 160
255 230 161
255 230 162
255 230 163
255 230 164
256 229 165
256 229 166
257 229 167
257 229 168
257 229 169
258 229 170
258 229 171
258 229 172
258 229 173
148
246 235 24
247 235 25
248 235 26
248 235 27
249 236 28
249 236 29
249 236 30
249 236 31
249 236 32
249 236 33
250 236 34
249 236 35
248 236 36
248 236 37
247 236 38
247 236 39
247 236 40
247 237 41
247 237 42
247 237 43
247 237 44
247 237 45
247 237 46
247 237 47
247 237 48
246 237 49
246 236 50
245 236 51
245 236 52
245 235 53
245 235 54
246 235 55
246 235 56
246 235 57
245 236 58
245 236 59
246 237 60
247 238 61
248 237 62
248 237 63
248 238 64
248 238 65
248 238 66
248 238 67
248 238 68
248 238 69
248 238 70
248 238 71
248 238 72
248 238 73
248 238 74
249 238 75
248 238 76
249 239 77
250 238 78
251 238 79
251 239 80
250 239 81
250 239 82
250 239 83
249 239 84
248 238 85
248 239 86
248 239 87
248 240 88
248 241 89
248 240 90
248 240 91
247 239 92
247 238 93
247 238 94
247 237 95
247 237 96
247 237 97
247 237 98
247 237 99
247 238 100
248 239 101
248 238 102
248 238 103
247 238 104
246 238 105
245 238 106
244 238 107
244 237 108
243 237 109
242 236 110
242 236 111
241 236 112
240 235 113
240 235 114
240 234 115
240 234 116
239 234 117
239 234 118
239 234 119
239 235 120
239 235 121
238 235 122
237 235 123
236 234 124
235 234 125
234 234 126
233 234 127
232 233 128
231 233 129
230 233 130
230 233 131
230 232 132
229 232 133
229 232 134
228 232 135
228 232 136
227 232 137
227 232 138
226 232 139
226 231 140
225 231 141
224 231 142
224 230 143
224 229 144
223 229 145
222 229 146
222 229 147
221 228 148
220 228 149
219 228 150
218 228 151
218 227 152
218 226 153
218 225 154
217 225 155
217 225 156
216 225 157
216 224 158
215 225 159
215 224 160
215 224 161
215 223 162
215 223 163
214 223 164
214 223 165
214 222 166
213 222 167
214 222 168
213 221 169
213 221 170
212 221 171
135
246 235 24
247 235 25
248 235 26
248 235 27
249 236 28
249 236 29
249 236 30
249 236 31
249 236 32
249 236 33
250 236 34
249 236 35
248 236 36
248 236 37
247 236 38
247 236 39
247 236 40
247 237 41
247 237 42
247 237 43
247 237 44
247 237 45
247 237 46
247 237 47
247 237 48
246 237 49
246 236 50
245 236 51
245 236 52
245 235 53
245 235 54
246 235 55
246 235 56
246 235 57
245 236 58
245 236 59
246 237 60
247 238 61
248 237 62
248 237 63
248 238 64
248 238 65
248 238 66
248 238 67
248 238 68
248 238 69
248 238 70
248 238 71
248 238 72
248 238 73
248 238 74
249 238 75
248 238 76
249 239 77
250 238 78
251 238 79
252 239 80
253 238 81
254 239 82
255 239 83
256 239 84
256 238 85
257 238 86
257 238 87
258 238 88
258 238 89
259 239 90
260 239 91
260 238 92
261 237 93
262 237 93
263 237 94
264 237 95
265 237 96
266 238 97
267 238 98
268 239 99
269 238 100
270 238 101
271 237 102
272 236 103
273 235 104
274 235 105
275 235 106
276 236 105
277 237 105
278 238 105
279 238 106
280 239 107
281 240 108
282 241 108
283 242 109
284 242 110
285 241 110
286 242 111
287 243 111
288 242 112
289 242 113
290 242 113
291 243 114
292 242 115
293 243 115
294 242 115
295 243 115
296 243 115
297 244 115
298 245 116
298 246 116
298 247 117
298 248 117
298 249 118
299 249 119
300 250 120
301 250 121
302 250 122
303 250 123
304 249 122
305 249 122
306 248 122
307 247 122
308 247 122
309 247 123
310 247 123
311 247 123
312 248 123
313 248 124
314 248 124
315 249 125
316 248 125
317 247 125
318 248 125
319 249 126
320 249 126
321 248 126
321 246 124
134
246 235 24
247 235 25
248 235 26
248 235 27
249 236 28
249 236 29
249 236 30
249 236 31
249 236 32
249 236 33
250 236 34
249 236 35
248 236 36
248 236 37
247 236 38
247 236 39
247 236 40
247 237 41
247 237 42
247 237 43
247 237 44
247 237 45
247 237 46
247 237 47
247 237 48
246 237 49
246 236 50
245 236 51
245 236 52
245 235 53
245 235 54
246 235 55
246 235 56
246 235 57
245 236 58
245 236 59
246 237 60
247 238 61
248 237 62
248 237 63
248 238 64
248 238 65
248 238 66
248 238 67
248 238 68
248 238 69
248 238 70
248 238 71
248 238 72
248 238 73
248 238 74
249 238 75
248 238 76
249 239 77
250 238 78
251 238 79
252 239 80
253 238 81
254 239 82
255 239 83
256 239 84
256 238 85
257 238 86
257 238 87
258 238 88
258 238 89
259 239 90
260 239 91
260 238 92
261 237 93
262 237 93
263 237 94
264 237 95
265 237 96
266 238 97
267 238 98
268 239 99
269 238 100
270 238 101
271 237 102
272 236 103
273 235 104
274 235 105
275 235 106
276 236 105
277 237 105
278 238 105
279 238 106
280 239 107
281 240 108
282 241 108
283 242 109
284 242 110
285 241 110
286 242 111
287 243 111
288 242 112
289 242 113
290 242 113
291 243 114
292 242 115
293 243 115
294 242 115
295 243 115
296 243 115
297 244 115
298 245 116
298 246 116
298 247 117
298 248 117
298 249 118
299 249 119
300 250 120
301 250 121
302 250 122
303 250 123
304 249 122
305 249 122
306 248 122
307 247 122
308 247 122
309 247 123
310 247 123
311 247 123
312 248 123
313 248 124
314 248 124
315 249 125
316 248 125
317 247 125
318 248 125
319 249 126
320 249 126
321 248 126
131
246 235 24
247 235 25
248 235 26
248 235 27
249 236 28
249 236 29
249 236 30
249 236 31
249 236 32
249 236 33
250 236 34
249 236 35
248 236 36
248 236 37
247 236 38
247 236 39
247 236 40
247 237 41
247 237 42
247 237 43
247 237 44
247 237 45
247 237 46
247 237 47
247 237 48
246 237 49
246 236 50
245 236 51
245 236 52
245 235 53
245 235 54
246 235 55
246 235 56
246 235 57
245 236 58
245 236 59
246 237 60
247 238 61
248 237 62
248 237 63
248 238 64
248 238 65
248 238 66
248 238 67
248 238 68
248 238 69
248 238 70
248 238 71
248 238 72
248 238 73
248 238 74
249 238 75
248 238 76
249 239 77
250 238 78
251 238 79
252 239 80
253 238 81
254 239 82
255 239 83
256 239 84
256 238 85
257 238 86
257 238 87
258 238 88
258 238 89
259 239 90
260 239 91
260 238 92
261 237 93
262 237 93
263 237 94
264 237 95
265 237 96
266 238 97
267 238 98
268 239 99
269 238 100
270 238 101
271 237 102
272 236 103
273 235 104
274 235 105
275 235 106
276 236 105
277 237 105
278 238 105
279 238 106
280 239 107
281 240 108
282 241 108
283 242 109
284 242 110
285 241 110
286 242 111
287 243 111
288 242 112
289 242 113
290 242 113
291 243 114
292 242 115
293 243 115
294 242 115
295 243 115
296 243 115
297 244 115
298 245 116
298 246 116
298 247 117
298 248 117
298 249 118
299 249 119
300 250 120
301 250 121
302 250 122
303 250 123
304 249 122
305 249 122
306 248 122
307 247 122
308 247 122
309 247 123
310 247 123
311 247 123
312 248 123
313 248 124
314 248 124
315 249 125
316 248 125
317 247 125
319 246 123
129
246 235 24
247 235 25
248 235 26
248 235 27
249 236 28
249 236 29
249 236 30
249 236 31
249 236 32
249 236 33
250 236 34
249 236 35
248 236 36
248 236 37
247 236 38
247 236 39
247 236 40
247 237 41
247 237 42
247 237 43
247 237 44
247 237 45
247 237 46
247 237 47
247 237 48
246 237 49
246 236 50
245 236 51
245 236 52
245 235 53
245 235 54
246 235 55
246 235 56
246 235 57
245 236 58
245 236 59
246 237 60
247 238 61
248 237 62
248 237 63
248 238 64
248 238 65
248 238 66
248 238 67
248 238 68
248 238 69
248 238 70
248 238 71
248 238 72
248 238 73
248 238 74
249 238 75
248 238 76
249 239 77
250 238 78
251 238 79
252 239 80
253 238 81
254 239 82
255 239 83
256 239 84
256 238 85
257 238 86
257 238 87
258 238 88
258 238 89
259 239 90
260 239 91
260 238 92
261 237 93
262 237 93
263 237 94
264 237 95
265 237 96
266 238 97
267 238 98
268 239 99
269 238 100
270 238 101
271 237 102
272 236 103
273 235 104
274 235 105
275 235 106
276 236 105
277 237 105
278 238 105
279 238 106
280 239 107
281 240 108
282 241 108
283 242 109
284 242 110
285 241 110
286 242 111
287 243 111
288 242 112
289 242 113
290 242 113
291 243 114
292 242 115
293 243 115
294 242 115
295 243 115
296 243 115
297 244 115
298 245 116
298 246 116
298 247 117
298 248 117
298 249 118
299 249 119
300 250 120
301 250 121
302 250 122
303 250 123
304 249 122
305 249 122
306 248 122
307 247 122
308 247 122
309 247 123
310 247 123
311 247 123
312 248 123
313 248 124
314 248 124
314 245 121
313 245 120
128
246 235 24
247 235 25
248 235 26
248 235 27
249 236 28
249 236 29
249 236 30
249 236 31
249 236 32
249 236 33
250 236 34
249 236 35
248 236 36
248 236 37
247 236 38
247 236 39
247 236 40
247 237 41
247 237 42
247 237 43
247 237 44
247 237 45
247 237 46
247 237 47
247 237 48
246 237 49
246 236 50
245 236 51
245 236 52
245 235 53
245 235 54
246 235 55
246 235 56
246 235 57
245 236 58
245 236 59
246 237 60
247 238 61
248 237 62
248 237 63
248 238 64
248 238 65
248 238 66
248 238 67
248 238 68
248 238 69
248 238 70
248 238 71
248 238 72
248 238 73
248 238 74
249 238 75
248 238 76
249 239 77
250 238 78
251 238 79
252 239 80
253 238 81
254 239 82
255 239 83
256 239 84
256 238 85
257 238 86
257 238 87
258 238 88
258 238 89
259 239 90
260 239 91
260 238 92
261 237 93
262 237 93
263 237 94
264 237 95
265 237 96
266 238 97
267 238 98
268 239 99
269 238 100
270 238 101
271 237 102
272 236 103
273 235 104
274 235 105
275 235 106
276 236 105
277 237 105
278 238 105
279 238 106
280 239 107
281 240 108
282 241 108
283 242 109
284 242 110
285 241 110
286 242 111
287 243 111
288 242 112
289 242 113
290 242 113
291 243 114
292 242 115
293 243 115
294 242 115
295 243 115
296 243 115
297 244 115
298 245 116
298 246 116
298 247 117
298 248 117
298 249 118
299 249 119
300 250 120
301 250 121
302 250 122
303 250 123
304 249 122
305 249 122
306 248 122
307 247 122
308 247 122
309 247 123
310 247 123
311 247 123
312 248 123
313 248 124
314 248 124
314 245 121
125
246 235 24
247 235 25
248 235 26
248 235 27
249 236 28
249 236 29
249 236 30
249 236 31
249 236 32
249 236 33
250 236 34
249 236 35
248 236 36
248 236 37
247 236 38
247 236 39
247 236 40
247 237 41
247 237 42
247 237 43
247 237 44
247 237 45
247 237 46
247 237 47
247 237 48
246 237 49
246 236 50
245 236 51
245 236 52
245 235 53
245 235 54
246 235 55
246 235 56
246 235 57
245 236 58
245 236 59
246 237 60
247 238 61
248 237 62
248 237 63
248 238 64
248 238 65
248 238 66
248 238 67
248 238 68
248 238 69
248 238 70
248 238 71
248 238 72
248 238 73
248 238 74
249 238 75
248 238 76
249 239 77
250 238 78
251 238 79
251 239 80
250 239 81
250 239 82
250 239 83
249 239 84
248 238 85
248 239 86
248 239 87
248 240 88
248 241 89
248 240 90
248 240 91
247 239 92
247 238 93
247 238 94
247 237 95
247 237 96
247 237 97
247 237 98
247 237 99
247 238 100
248 239 101
248 238 102
248 238 103
247 238 104
246 238 105
247 238 106
248 238 107
248 238 108
249 239 109
249 239 110
249 239 111
249 239 112
249 239 113
249 239 114
249 238 115
249 238 116
250 239 117
250 239 118
250 239 119
250 239 120
250 238 121
251 239 122
251 239 123
252 239 124
252 239 125
252 239 126
252 238 127
253 238 128
253 238 129
253 239 130
254 240 131
255 240 132
256 240 133
257 240 134
258 241 135
258 240 136
258 239 137
258 238 137
258 237 138
258 236 138
258 235 139
258 234 140
259 234 141
259 234 142
260 234 143
261 235 144
261 236 143
261 237 143
124
246 235 24
247 235 25
248 235 26
248 235 27
249 236 28
249 236 29
249 236 30
249 236 31
249 236 32
249 236 33
250 236 34
249 236 35
248 236 36
248 236 37
247 236 38
247 236 39
247 236 40
247 237 41
247 237 42
247 237 43
247 237 44
247 237 45
247 237 46
247 237 47
247 237 48
246 237 49
246 236 50
245 236 51
245 236 52
245 235 53
245 235 54
246 235 55
246 235 56
246 235 57
245 236 58
245 236 59
246 237 60
247 238 61
248 237 62
248 237 63
248 238 64
248 238 65
248 238 66
248 238 67
248 238 68
248 238 69
248 238 70
248 238 71
248 238 72
248 238 73
248 238 74
249 238 75
248 238 76
249 239 77
250 238 78
251 238 79
251 239 80
250 239 81
250 239 82
250 239 83
249 239 84
248 238 85
248 239 86
248 239 87
248 240 88
248 241 89
248 240 90
248 240 91
247 239 92
247 238 93
247 238 94
247 237 95
247 237 96
247 237 97
247 237 98
247 237 99
247 238 100
248 239 101
248 238 102
248 238 103
247 238 104
246 238 105
247 238 106
248 238 107
248 238 108
249 239 109
249 239 110
249 239 111
249 239 112
249 239 113
249 239 114
249 238 115
249 238 116
250 239 117
250 239 118
250 239 119
250 239 120
250 238 121
251 239 122
251 239 123
252 239 124
252 239 125
252 239 126
252 238 127
253 238 128
253 238 129
253 239 130
254 240 131
255 240 132
256 240 133
257 240 134
258 241 135
258 240 136
259 240 137
259 241 138
260 241 139
260 242 140
261 242 141
262 243 142
262 242 143
262 241 143
262 240 143
261 239 143
261 238 143
112
246 235 24
247 235 25
248 235 26
248 235 27
249 236 28
249 236 29
249 236 30
249 236 31
249 236 32
249 236 33
250 236 34
249 236 35
248 236 36
248 236 37
247 236 38
247 236 39
247 236 40
247 237 41
247 237 42
247 237 43
247 237 44
247 237 45
247 237 46
247 237 47
247 237 48
246 237 49
246 236 50
245 236 51
245 236 52
245 235 53
245 235 54
246 235 55
246 235 56
246 235 57
245 236 58
245 236 59
246 237 60
247 238 61
248 237 62
248 237 63
248 238 64
248 238 65
248 238 66
248 238 67
248 238 68
248 238 69
248 238 70
248 238 71
248 238 72
248 238 73
248 238 74
249 238 75
248 238 76
249 239 77
250 238 78
251 238 79
251 239 80
250 239 81
250 239 82
250 239 83
249 239 84
248 238 85
248 239 86
248 239 87
248 240 88
248 241 89
248 240 90
248 240 91
247 239 92
247 238 93
247 238 94
247 237 95
247 237 96
247 237 97
247 237 98
247 237 99
247 238 100
248 239 101
248 238 102
248 238 103
247 238 104
246 238 105
247 238 106
248 238 107
248 238 108
249 239 109
249 239 110
249 239 111
249 239 112
249 239 113
249 239 114
249 238 115
249 238 116
250 239 117
250 239 118
250 239 119
250 239 120
250 238 121
251 239 122
251 239 123
252 239 124
252 239 125
252 239 126
252 238 127
253 238 128
252 237 129
252 236 129
251 235 128
251 234 128
251 233 128
251 232 128
253 230 134
111
246 235 24
247 235 25
248 235 26
248 235 27
249 236 28
249 236 29
249 236 30
249 236 31
249 236 32
249 236 33
250 236 34
249 236 35
248 236 36
248 236 37
247 236 38
247 236 39
247 236 40
247 237 41
247 237 42
247 237 43
247 237 44
247 237 45
247 237 46
247 237 47
247 237 48
246 237 49
246 236 50
245 236 51
245 236 52
245 235 53
245 235 54
246 235 55
246 235 56
246 235 57
245 236 58
245 236 59
246 237 60
247 238 61
248 237 62
248 237 63
248 238 64
248 238 65
248 238 66
248 238 67
248 238 68
248 238 69
248 238 70
248 238 71
248 238 72
248 238 73
248 238 74
249 238 75
248 238 76
249 239 77
250 238 78
251 238 79
252 239 80
253 238 81
254 239 82
255 239 83
256 239 84
256 238 85
257 238 86
257 238 87
258 238 88
258 238 89
259 239 90
260 239 91
260 238 92
261 237 93
262 237 93
263 237 94
264 237 95
265 237 96
266 238 97
267 238 98
268 239 99
269 238 100
270 238 101
271 237 102
272 236 103
273 235 104
274 235 105
275 235 106
276 236 105
277 237 105
278 238 105
279 238 106
280 239 107
281 240 108
282 241 108
283 242 109
284 242 110
285 241 110
286 242 111
287 243 111
288 242 112
289 242 113
290 242 113
291 243 114
292 242 115
293 243 115
294 242 115
295 243 115
296 243 115
297 242 116
298 241 116
299 241 116
300 241 117
301 240 116
302 240 117
111
246 235 24
247 235 25
248 235 26
248 235 27
249 236 28
249 236 29
249 236 30
249 236 31
249 236 32
249 236 33
250 236 34
249 236 35
248 236 36
248 236 37
247 236 38
247 236 39
247 236 40
247 237 41
247 237 42
247 237 43
247 237 44
247 237 45
247 237 46
247 237 47
247 237 48
246 237 49
246 236 50
245 236 51
245 236 52
245 235 53
245 235 54
246 235 55
246 235 56
246 235 57
245 236 58
245 236 59
246 237 60
247 238 61
248 237 62
248 237 63
248 238 64
248 238 65
248 238 66
248 238 67
248 238 68
248 238 69
248 238 70
248 238 71
248 238 72
248 238 73
248 238 74
249 238 75
248 238 76
249 239 77
250 238 78
251 238 79
251 239 80
250 239 81
250 239 82
250 239 83
249 239 84
248 238 85
248 239 86
248 239 87
248 240 88
248 241 89
248 240 90
248 240 91
247 239 92
247 238 93
247 238 94
247 237 95
247 237 96
247 237 97
247 237 98
247 237 99
247 238 100
248 239 101
248 238 102
248 238 103
247 238 104
246 238 105
247 238 106
248 238 107
248 238 108
249 239 109
249 239 110
249 239 111
249 239 112
249 239 113
249 239 114
249 238 115
249 238 116
250 239 117
250 239 118
250 239 119
250 239 120
250 238 121
251 239 122
251 239 123
252 239 124
252 239 125
252 239 126
252 238 127
253 238 128
252 237 129
252 236 129
251 235 128
251 234 128
251 233 128
251 232 128
110
246 235 24
247 235 25
248 235 26
248 235 27
249 236 28
249 236 29
249 236 30
249 236 31
249 236 32
249 236 33
250 236 34
249 236 35
248 236 36
248 236 37
247 236 38
247 236 39
247 236 40
247 237 41
247 237 42
247 237 43
247 237 44
247 237 45
247 237 46
247 237 47
247 237 48
246 237 49
246 236 50
245 236 51
245 236 52
245 235 53
245 235 54
246 235 55
246 235 56
246 235 57
245 236 58
245 236 59
246 237 60
247 238 61
248 237 62
248 237 63
248 238 64
248 238 65
248 238 66
248 238 67
248 238 68
248 238 69
248 238 70
248 238 71
248 238 72
248 238 73
248 238 74
249 238 75
248 238 76
249 239 77
250 238 78
251 238 79
252 239 80
253 238 81
254 239 82
255 239 83
256 239 84
256 238 85
257 238 86
257 238 87
258 238 88
258 238 89
259 239 90
260 239 91
260 238 92
261 237 93
262 237 93
263 237 94
264 237 95
265 237 96
266 238 97
267 238 98
268 239 99
269 238 100
270 238 101
271 237 102
272 236 103
273 235 104
274 235 105
275 235 106
276 236 105
277 237 105
278 238 105
279 238 106
280 239 107
281 240 108
282 241 108
283 242 109
284 242 110
285 241 110
286 242 111
287 243 111
288 242 112
289 242 113
290 242 113
291 243 114
292 242 115
293 243 115
294 242 115
295 243 115
296 243 115
297 244 115
298 245 116
299 244 116
300 244 117
301 245 117
108
246 235 24
247 235 25
248 235 26
248 235 27
249 236 28
249 236 29
249 236 30
249 236 31
249 236 32
249 236 33
250 236 34
251 237 35
252 238 36
252 238 37
252 238 38
253 239 39
254 240 40
253 240 41
254 240 42
253 240 43
253 240 44
253 240 45
253 241 46
253 241 47
254 241 48
254 241 49
254 241 50
254 241 51
254 242 52
254 242 53
255 242 54
255 242 55
254 242 56
254 242 57
255 243 58
255 243 59
256 243 60
256 244 61
257 244 62
257 244 63
257 245 64
257 246 65
258 246 66
258 246 67
259 246 68
259 247 69
259 247 70
259 248 71
260 248 72
260 249 73
260 249 74
261 250 75
261 251 76
262 250 77
262 251 78
263 251 79
264 252 80
264 253 81
265 253 82
265 254 83
266 254 84
266 255 85
266 256 86
267 256 87
268 256 88
268 257 89
269 257 90
270 257 91
270 258 92
270 259 93
271 259 94
272 260 95
273 260 95
274 261 96
275 262 97
276 263 98
277 264 99
278 264 100
279 265 101
280 266 102
281 266 103
282 267 104
283 268 105
284 269 105
285 270 105
285 271 105
286 272 105
287 273 106
288 274 107
289 274 108
290 275 108
290 276 107
291 277 108
292 277 108
293 277 109
294 278 109
295 279 110
298 282 111
298 290 117
297 291 118
298 292 118
297 293 118
298 294 118
298 295 118
299 296 118
300 297 118
301 298 119
305 302 119
107
246 235 24
247 235 25
248 235 26
248 235 27
249 236 28
249 236 29
249 236 30
249 236 31
249 236 32
249 236 33
250 236 34
251 237 35
252 238 36
252 238 37
252 238 38
253 239 39
254 240 40
253 240 41
254 240 42
253 240 43
253 240 44
253 240 45
253 241 46
253 241 47
254 241 48
254 241 49
254 241 50
254 241 51
254 242 52
254 242 53
255 242 54
255 242 55
254 242 56
254 242 57
255 243 58
255 243 59
256 243 60
256 244 61
257 244 62
257 244 63
257 245 64
257 246 65
258 246 66
258 246 67
259 246 68
259 247 69
259 247 70
259 248 71
260 248 72
260 249 73
260 249 74
261 250 75
261 251 76
262 250 77
262 251 78
263 251 79
264 252 80
264 253 81
265 253 82
265 254 83
266 254 84
266 255 85
266 256 86
267 256 87
268 256 88
268 257 89
269 257 90
270 257 91
270 258 92
270 259 93
271 259 94
272 260 95
273 260 95
274 261 96
275 262 97
276 263 98
277 264 99
278 264 100
279 265 101
280 266 102
281 266 103
282 267 104
283 268 105
284 269 105
285 270 105
285 271 105
286 272 105
287 273 106
288 274 107
289 274 108
290 275 108
290 276 107
291 277 108
292 277 108
293 277 109
294 278 109
295 279 110
298 282 111
298 290 117
297 291 118
298 292 118
297 293 118
298 294 118
298 295 118
299 296 118
300 297 118
301 298 119
100
246 235 24
247 235 25
248 235 26
248 235 27
249 236 28
249 236 29
249 236 30
249 236 31
249 236 32
249 236 33
250 236 34
251 237 35
252 238 36
252 238 37
252 238 38
253 239 39
254 240 40
253 240 41
254 240 42
253 240 43
253 240 44
253 240 45
253 241 46
253 241 47
254 241 48
254 241 49
254 241 50
254 241 51
254 242 52
254 242 53
255 242 54
255 242 55
254 242 56
254 242 57
255 243 58
255 243 59
256 243 60
256 244 61
257 244 62
257 244 63
257 245 64
257 246 65
258 246 66
258 246 67
259 246 68
259 247 69
259 247 70
259 248 71
260 248 72
260 249 73
260 249 74
261 250 75
261 251 76
262 250 77
262 251 78
263 251 79
264 252 80
264 253 81
265 253 82
265 254 83
266 254 84
266 255 85
266 256 86
267 256 87
268 256 88
268 257 89
269 257 90
270 257 91
270 258 92
270 259 93
271 259 94
272 260 95
273 260 95
274 261 96
275 262 97
276 263 98
277 264 99
278 264 100
279 265 101
280 266 102
281 266 103
282 267 104
283 268 105
284 269 105
285 270 105
285 271 105
286 272 105
287 273 106
288 274 107
289 274 108
290 275 108
290 276 107
291 277 108
292 277 108
293 277 109
294 278 109
295 279 110
298 282 111
298 290 117
299 291 117
98
246 235 24
247 235 25
248 235 26
248 235 27
249 236 28
249 236 29
249 236 30
249 236 31
249 236 32
249 236 33
250 236 34
251 237 35
252 238 36
252 238 37
252 238 38
253 239 39
254 240 40
253 240 41
254 240 42
253 240 43
253 240 44
253 240 45
253 241 46
253 241 47
254 241 48
254 241 49
254 241 50
254 241 51
254 242 52
254 242 53
255 242 54
255 242 55
254 242 56
254 242 57
255 243 58
255 243 59
256 243 60
256 244 61
257 244 62
257 244 63
257 245 64
257 246 65
258 246 66
258 246 67
259 246 68
259 247 69
259 247 70
259 248 71
260 248 72
260 249 73
260 249 74
261 250 75
261 251 76
262 250 77
262 251 78
263 251 79
264 252 80
264 253 81
265 253 82
265 254 83
266 254 84
266 255 85
266 256 86
267 256 87
268 256 88
268 257 89
269 257 90
270 257 91
270 258 92
270 259 93
271 259 94
272 260 95
273 260 95
274 261 96
275 262 97
276 263 98
277 264 99
278 264 100
279 265 101
280 266 102
281 266 103
282 267 104
283 268 105
284 269 105
285 270 105
285 271 105
286 272 105
287 273 106
288 274 107
289 274 108
290 275 108
290 276 107
291 277 108
292 277 108
293 277 109
294 278 109
295 279 110
298 282 111
97
246 235 24
247 235 25
248 235 26
248 235 27
249 236 28
249 236 29
249 236 30
249 236 31
249 236 32
249 236 33
250 236 34
251 237 35
252 238 36
252 238 37
252 238 38
253 239 39
254 240 40
253 240 41
254 240 42
253 240 43
253 240 44
253 240 45
253 241 46
253 241 47
254 241 48
254 241 49
254 241 50
254 241 51
254 242 52
254 242 53
255 242 54
255 242 55
254 242 56
254 242 57
255 243 58
255 243 59
256 243 60
256 244 61
257 244 62
257 244 63
257 245 64
257 246 65
258 246 66
258 246 67
259 246 68
259 247 69
259 247 70
259 248 71
260 248 72
260 249 73
260 249 74
261 250 75
261 251 76
262 250 77
262 251 78
263 251 79
264 252 80
264 253 81
265 253 82
265 254 83
266 254 84
266 255 85
266 256 86
267 256 87
268 256 88
268 257 89
269 257 90
270 257 91
270 258 92
270 259 93
271 259 94
272 260 95
273 260 95
274 261 96
275 262 97
276 263 98
277 264 99
278 264 100
279 265 101
280 266 102
281 266 103
282 267 104
283 268 105
284 269 105
285 270 105
285 271 105
286 272 105
287 273 106
288 274 107
289 274 108
290 275 108
290 276 107
291 277 108
291 286 114
292 287 114
293 288 115
293 289 114
97
246 235 24
247 235 25
248 235 26
248 235 27
249 236 28
249 236 29
249 236 30
249 236 31
249 236 32
249 236 33
250 236 34
251 237 35
252 238 36
252 238 37
252 238 38
253 239 39
254 240 40
253 240 41
254 240 42
253 240 43
253 240 44
253 240 45
253 241 46
253 241 47
254 241 48
254 241 49
254 241 50
254 241 51
254 242 52
254 242 53
255 242 54
255 242 55
254 242 56
254 242 57
255 243 58
255 243 59
256 243 60
256 244 61
257 244 62
257 244 63
257 245 64
257 246 65
258 246 66
258 246 67
259 246 68
259 247 69
259 247 70
259 248 71
260 248 72
260 249 73
260 249 74
261 250 75
261 251 76
262 250 77
262 251 78
263 251 79
264 252 80
264 253 81
265 253 82
265 254 83
266 254 84
266 255 85
266 256 86
267 256 87
268 256 88
268 257 89
269 257 90
270 257 91
270 258 92
270 259 93
271 259 94
272 260 95
273 260 95
274 261 96
275 262 97
276 263 98
277 264 99
278 264 100
279 265 101
280 266 102
281 266 103
282 267 104
283 268 105
284 269 105
285 270 105
285 271 105
286 272 105
287 273 106
288 274 107
289 274 108
290 275 108
290 276 107
291 277 108
292 277 108
293 277 109
294 278 109
295 279 110
94
246 235 24
247 235 25
248 235 26
248 235 27
249 236 28
249 236 29
249 236 30
249 236 31
249 236 32
249 236 33
250 236 34
251 237 35
252 238 36
252 238 37
252 238 38
253 239 39
254 240 40
253 240 41
254 240 42
253 240 43
253 240 44
253 240 45
253 241 46
253 241 47
254 241 48
254 241 49
254 241 50
254 241 51
254 242 52
254 242 53
255 242 54
255 242 55
254 242 56
254 242 57
255 243 58
255 243 59
256 243 60
256 244 61
257 244 62
257 244 63
257 245 64
257 246 65
258 246 66
258 246 67
259 246 68
259 247 69
259 247 70
259 248 71
260 248 72
260 249 73
260 249 74
261 250 75
261 251 76
262 250 77
262 251 78
263 251 79
264 252 80
264 253 81
265 253 82
265 254 83
266 254 84
266 255 85
266 256 86
267 256 87
268 256 88
268 257 89
269 257 90
270 257 91
270 258 92
270 259 93
271 259 94
272 260 95
273 260 95
274 261 96
275 262 97
276 263 98
277 264 99
278 264 100
279 265 101
280 266 102
281 266 103
282 267 104
283 268 105
284 269 105
285 270 105
285 271 105
286 272 105
287 273 106
288 274 107
289 274 108
290 275 108
290 276 107
291 277 108
291 286 114
92
246 235 24
247 235 25
248 235 26
248 235 27
249 236 28
249 236 29
249 236 30
249 236 31
249 236 32
249 236 33
250 236 34
249 236 35
248 236 36
248 236 37
247 236 38
247 236 39
247 236 40
247 237 41
247 237 42
247 237 43
247 237 44
247 237 45
247 237 46
247 237 47
247 237 48
246 237 49
246 236 50
245 236 51
245 236 52
245 235 53
245 235 54
246 235 55
246 235 56
246 235 57
245 236 58
245 236 59
246 237 60
247 238 61
248 237 62
248 237 63
248 238 64
248 238 65
248 238 66
248 238 67
248 238 68
248 238 69
248 238 70
248 238 71
248 238 72
248 238 73
248 238 74
249 238 75
248 238 76
249 239 77
250 238 78
251 238 79
251 239 80
250 239 81
250 239 82
250 239 83
249 239 84
248 238 85
248 239 86
248 239 87
248 240 88
248 241 89
248 240 90
248 240 91
247 239 92
247 238 93
247 238 94
247 237 95
247 237 96
247 237 97
247 237 98
247 237 99
247 238 100
248 239 101
248 238 102
248 238 103
247 238 104
246 238 105
247 238 106
248 238 107
248 238 108
249 239 109
249 239 110
249 239 111
249 239 112
249 239 113
249 239 114
253 233 114
92
246 235 24
247 235 25
248 235 26
248 235 27
249 236 28
249 236 29
249 236 30
249 236 31
249 236 32
249 236 33
250 236 34
251 237 35
252 238 36
252 238 37
252 238 38
253 239 39
254 240 40
253 240 41
254 240 42
253 240 43
253 240 44
253 240 45
253 241 46
253 241 47
254 241 48
254 241 49
254 241 50
254 241 51
254 242 52
254 242 53
255 242 54
255 242 55
254 242 56
254 242 57
255 243 58
255 243 59
256 243 60
256 244 61
257 244 62
257 244 63
257 245 64
257 246 65
258 246 66
258 246 67
259 246 68
259 247 69
259 247 70
259 248 71
260 248 72
260 249 73
260 249 74
261 250 75
261 251 76
262 250 77
262 251 78
263 251 79
264 252 80
264 253 81
265 253 82
265 254 83
266 254 84
266 255 85
266 256 86
267 256 87
268 256 88
268 257 89
269 257 90
270 257 91
270 258 92
270 259 93
271 259 94
272 260 95
273 260 95
274 261 96
275 262 97
276 263 98
277 264 99
278 264 100
279 265 101
280 266 102
281 266 103
282 267 104
283 268 105
284 269 105
285 270 105
285 271 105
286 272 105
287 273 106
288 274 107
289 274 108
290 273 109
291 274 109
91
246 235 24
247 235 25
248 235 26
248 235 27
249 236 28
249 236 29
249 236 30
249 236 31
249 236 32
249 236 33
250 236 34
249 236 35
248 236 36
248 236 37
247 236 38
247 236 39
247 236 40
247 237 41
247 237 42
247 237 43
247 237 44
247 237 45
247 237 46
247 237 47
247 237 48
246 237 49
246 236 50
245 236 51
245 236 52
245 235 53
245 235 54
246 235 55
246 235 56
246 235 57
245 236 58
245 236 59
246 237 60
247 238 61
248 237 62
248 237 63
248 238 64
248 238 65
248 238 66
248 238 67
248 238 68
248 238 69
248 238 70
248 238 71
248 238 72
248 238 73
248 238 74
249 238 75
248 238 76
249 239 77
250 238 78
251 238 79
251 239 80
250 239 81
250 239 82
250 239 83
249 239 84
248 238 85
248 239 86
248 239 87
248 240 88
248 241 89
248 240 90
248 240 91
247 239 92
247 238 93
247 238 94
247 237 95
247 237 96
247 237 97
247 237 98
247 237 99
247 238 100
248 239 101
248 238 102
248 238 103
247 238 104
246 238 105
245 238 106
244 238 107
244 237 108
243 237 109
242 236 110
242 236 111
241 236 112
240 235 113
230 233 112
91
246 235 24
247 235 25
248 235 26
248 235 27
249 236 28
249 236 29
249 236 30
249 236 31
249 236 32
249 236 33
250 236 34
249 236 35
248 236 36
248 236 37
247 236 38
247 236 39
247 236 40
247 237 41
247 237 42
247 237 43
247 237 44
247 237 45
247 237 46
247 237 47
247 237 48
246 237 49
246 236 50
245 236 51
245 236 52
245 235 53
245 235 54
246 235 55
246 235 56
246 235 57
245 236 58
245 236 59
246 237 60
247 238 61
248 237 62
248 237 63
248 238 64
248 238 65
248 238 66
248 238 67
248 238 68
248 238 69
248 238 70
248 238 71
248 238 72
248 238 73
248 238 74
249 238 75
248 238 76
249 239 77
250 238 78
251 238 79
251 239 80
250 239 81
250 239 82
250 239 83
249 239 84
248 238 85
248 239 86
248 239 87
248 240 88
248 241 89
248 240 90
248 240 91
247 239 92
247 238 93
247 238 94
247 237 95
247 237 96
247 237 97
247 237 98
247 237 99
247 238 100
248 239 101
248 238 102
248 238 103
247 238 104
246 238 105
245 238 106
244 239 107
243 240 108
243 241 109
243 241 110
243 241 111
243 241 112
243 241 113
242 242 114
90
246 235 24
247 235 25
248 235 26
248 235 27
249 236 28
249 236 29
249 236 30
249 236 31
249 236 32
249 236 33
250 236 34
251 237 35
252 238 36
252 238 37
252 238 38
253 239 39
254 240 40
253 240 41
254 240 42
253 240 43
253 240 44
253 240 45
253 241 46
253 241 47
254 241 48
254 241 49
254 241 50
254 241 51
254 242 52
254 242 53
255 242 54
255 242 55
254 242 56
254 242 57
255 243 58
255 243 59
256 243 60
256 244 61
257 244 62
257 244 63
257 245 64
257 246 65
258 246 66
258 246 67
259 246 68
259 247 69
259 247 70
259 248 71
260 248 72
260 249 73
260 249 74
261 250 75
261 251 76
262 250 77
262 251 78
263 251 79
264 252 80
264 253 81
265 253 82
265 254 83
266 254 84
266 255 85
266 256 86
267 256 87
268 256 88
268 257 89
269 257 90
270 257 91
270 258 92
270 259 93
271 259 94
272 260 95
273 260 95
274 261 96
275 262 97
276 263 98
277 264 99
278 264 100
279 265 101
280 266 102
281 266 103
282 267 104
283 268 105
284 269 105
285 270 105
285 271 105
286 272 105
287 273 106
288 274 107
277 274 107
88
246 235 24
247 235 25
248 235 26
248 235 27
249 236 28
249 236 29
249 236 30
249 236 31
249 236 32
249 236 33
250 236 34
249 236 35
248 236 36
248 236 37
247 236 38
247 236 39
247 236 40
247 237 41
247 237 42
247 237 43
247 237 44
247 237 45
247 237 46
247 237 47
247 237 48
246 237 49
246 236 50
245 236 51
245 236 52
245 235 53
245 235 54
246 235 55
246 235 56
246 235 57
245 236 58
245 236 59
246 237 60
247 238 61
248 237 62
248 237 63
248 238 64
248 238 65
248 238 66
248 238 67
248 238 68
248 238 69
248 238 70
248 238 71
248 238 72
248 238 73
248 238 74
249 238 75
248 238 76
249 239 77
250 238 78
251 238 79
252 239 80
253 238 81
254 239 82
255 239 83
256 239 84
256 238 85
257 238 86
257 238 87
258 238 88
258 238 89
259 239 90
260 239 91
260 238 92
261 237 93
262 237 93
263 237 94
264 237 95
265 237 96
266 238 97
266 239 98
267 240 99
267 241 100
268 242 101
269 243 101
270 244 101
271 245 101
272 246 102
272 247 103
271 248 104
271 249 105
271 250 106
272 250 107
88
246 235 24
247 235 25
248 235 26
248 235 27
249 236 28
249 236 29
249 236 30
249 236 31
249 236 32
249 236 33
250 236 34
249 236 35
248 236 36
248 236 37
247 236 38
247 236 39
247 236 40
247 237 41
247 237 42
247 237 43
247 237 44
247 237 45
247 237 46
247 237 47
247 237 48
246 237 49
246 236 50
245 236 51
245 236 52
245 235 53
245 235 54
246 235 55
246 235 56
246 235 57
245 236 58
245 236 59
246 237 60
247 238 61
248 237 62
248 237 63
248 238 64
248 238 65
248 238 66
248 238 67
248 238 68
248 238 69
248 238 70
248 238 71
248 238 72
248 238 73
248 238 74
249 238 75
248 238 76
249 239 77
250 238 78
251 238 79
252 239 80
253 238 81
254 239 82
255 239 83
256 239 84
256 238 85
257 238 86
257 238 87
258 238 88
258 238 89
259 239 90
260 239 91
260 238 92
261 237 93
262 237 93
263 237 94
264 237 95
265 237 96
266 238 97
266 239 98
267 240 99
267 241 100
268 240 101
269 241 102
270 242 103
271 243 103
272 244 103
273 245 104
273 246 105
273 247 106
273 248 107
273 249 108
85
246 235 24
247 235 25
248 235 26
248 235 27
249 236 28
249 236 29
249 236 30
249 236 31
249 236 32
249 236 33
250 236 34
251 237 35
252 238 36
252 238 37
252 238 38
253 239 39
254 240 40
253 240 41
254 240 42
253 240 43
253 240 44
253 240 45
253 241 46
253 241 47
254 241 48
254 241 49
254 241 50
254 241 51
254 242 52
254 242 53
255 242 54
255 242 55
254 242 56
254 242 57
255 243 58
255 243 59
256 243 60
256 244 61
257 244 62
257 244 63
257 245 64
257 246 65
258 246 66
258 246 67
259 246 68
259 247 69
259 247 70
259 248 71
260 248 72
260 249 73
260 249 74
261 250 75
261 251 76
262 250 77
262 251 78
263 251 79
264 252 80
264 253 81
265 253 82
265 254 83
266 254 84
266 255 85
266 256 86
267 256 87
268 256 88
268 257 89
269 257 90
270 257 91
270 258 92
270 259 93
271 259 94
272 260 95
273 260 95
274 261 96
275 262 97
276 263 98
277 264 99
278 264 100
279 265 101
280 266 102
281 266 103
282 267 104
283 268 105
273 269 106
273 270 107
85
246 235 24
247 235 25
248 235 26
248 235 27
249 236 28
249 236 29
249 236 30
249 236 31
249 236 32
249 236 33
250 236 34
249 236 35
248 236 36
248 236 37
247 236 38
247 236 39
247 236 40
247 237 41
247 237 42
247 237 43
247 237 44
247 237 45
247 237 46
247 237 47
247 237 48
246 237 49
246 236 50
245 236 51
245 236 52
245 235 53
245 235 54
246 235 55
246 235 56
246 235 57
245 236 58
245 236 59
246 237 60
247 238 61
248 237 62
248 237 63
248 238 64
248 238 65
248 238 66
248 238 67
248 238 68
248 238 69
248 238 70
248 238 71
248 238 72
248 238 73
248 238 74
249 238 75
248 238 76
249 239 77
250 238 78
251 238 79
251 239 80
250 239 81
250 239 82
250 239 83
249 239 84
248 238 85
248 239 86
248 239 87
248 240 88
248 241 89
248 240 90
248 240 91
247 239 92
247 238 93
247 238 94
247 237 95
247 237 96
247 237 97
247 237 98
247 237 99
247 238 100
248 239 101
249 240 100
249 241 101
250 242 102
251 242 103
251 242 104
252 243 105
252 244 106
85
246 235 24
247 235 25
248 235 26
248 235 27
249 236 28
249 236 29
249 236 30
249 236 31
249 236 32
249 236 33
250 236 34
249 236 35
248 236 36
248 236 37
247 236 38
247 236 39
247 236 40
247 237 41
247 237 42
247 237 43
247 237 44
247 237 45
247 237 46
247 237 47
247 237 48
246 237 49
246 236 50
245 236 51
245 236 52
245 235 53
245 235 54
246 235 55
246 235 56
246 235 57
245 236 58
245 236 59
246 237 60
247 238 61
248 237 62
248 237 63
248 238 64
248 238 65
248 238 66
248 238 67
248 238 68
248 238 69
248 238 70
248 238 71
248 238 72
248 238 73
248 238 74
249 238 75
248 238 76
249 239 77
250 238 78
251 238 79
252 239 80
253 238 81
254 239 82
255 239 83
256 239 84
256 238 85
257 238 86
257 238 87
258 238 88
258 238 89
259 239 90
260 239 91
260 238 92
261 237 93
262 237 93
263 237 94
264 237 95
265 237 96
266 238 97
266 239 98
267 240 99
267 241 100
268 242 101
267 243 102
267 244 103
266 243 104
266 242 105
267 243 106
268 244 106
84
246 235 24
247 235 25
248 235 26
248 235 27
249 236 28
249 236 29
249 236 30
249 236 31
249 236 32
249 236 33
250 236 34
251 237 35
252 238 36
252 238 37
252 238 38
253 239 39
254 240 40
253 240 41
254 240 42
253 240 43
253 240 44
253 240 45
253 241 46
253 241 47
254 241 48
254 241 49
254 241 50
254 241 51
254 242 52
254 242 53
255 242 54
255 242 55
254 242 56
254 242 57
255 243 58
255 243 59
256 243 60
256 244 61
257 244 62
257 244 63
257 245 64
257 246 65
258 246 66
258 246 67
259 246 68
259 247 69
259 247 70
259 248 71
260 248 72
260 249 73
260 249 74
261 250 75
261 251 76
262 250 77
262 251 78
263 251 79
264 252 80
264 253 81
265 253 82
265 254 83
266 254 84
266 255 85
266 256 86
267 256 87
268 256 88
268 257 89
269 257 90
270 257 91
270 258 92
270 259 93
271 259 94
272 260 95
273 260 95
274 261 96
275 262 97
276 263 98
277 264 99
278 264 100
279 265 101
280 266 102
281 266 103
282 267 104
283 268 105
273 269 106
84
246 235 24
247 235 25
248 235 26
248 235 27
249 236 28
249 236 29
249 236 30
249 236 31
249 236 32
249 236 33
250 236 34
249 236 35
248 236 36
248 236 37
247 236 38
247 236 39
247 236 40
247 237 41
247 237 42
247 237 43
247 237 44
247 237 45
247 237 46
247 237 47
247 237 48
246 237 49
246 236 50
245 236 51
245 236 52
245 235 53
245 235 54
246 235 55
246 235 56
246 235 57
245 236 58
245 236 59
246 237 60
247 238 61
248 237 62
248 237 63
248 238 64
248 238 65
248 238 66
248 238 67
248 238 68
248 238 69
248 238 70
248 238 71
248 238 72
248 238 73
248 238 74
249 238 75
248 238 76
249 239 77
250 238 78
251 238 79
252 239 80
253 238 81
254 239 82
255 239 83
256 239 84
256 238 85
257 238 86
257 238 87
258 238 88
258 238 89
259 239 90
260 239 91
260 238 92
261 237 93
262 237 93
263 237 94
264 237 95
265 237 96
266 238 97
266 239 97
266 240 98
266 241 99
267 242 100
268 243 100
269 244 101
269 254 101
264 255 102
265 256 103
83
246 235 24
247 235 25
248 235 26
248 235 27
249 236 28
249 236 29
249 236 30
249 236 31
249 236 32
249 236 33
250 236 34
251 237 35
252 238 36
252 238 37
252 238 38
253 239 39
254 240 40
253 240 41
254 240 42
253 240 43
253 240 44
253 240 45
253 241 46
253 241 47
254 241 48
254 241 49
254 241 50
254 241 51
254 242 52
254 242 53
255 242 54
255 242 55
254 242 56
254 242 57
255 243 58
255 243 59
256 243 60
256 244 61
257 244 62
257 244 63
257 245 64
257 246 65
258 246 66
258 246 67
259 246 68
259 247 69
259 247 70
259 248 71
260 248 72
260 249 73
260 249 74
261 250 75
261 251 76
262 250 77
262 251 78
263 251 79
264 252 80
264 253 81
265 253 82
265 254 83
266 254 84
266 255 85
266 256 86
267 256 87
268 256 88
268 257 89
269 257 90
270 257 91
270 258 92
270 259 93
271 259 94
272 260 95
273 260 95
274 261 96
275 262 97
276 263 98
277 264 99
278 264 100
279 265 101
280 266 102
281 266 103
282 267 104
275 271 104
83
246 235 24
247 235 25
248 235 26
248 235 27
249 236 28
249 236 29
249 236 30
249 236 31
249 236 32
249 236 33
250 236 34
249 236 35
248 236 36
248 236 37
247 236 38
247 236 39
247 236 40
247 237 41
247 237 42
247 237 43
247 237 44
247 237 45
247 237 46
247 237 47
247 237 48
246 237 49
246 236 50
245 236 51
245 236 52
245 235 53
245 235 54
246 235 55
246 235 56
246 235 57
245 236 58
245 236 59
246 237 60
247 238 61
248 237 62
248 237 63
248 238 64
248 238 65
248 238 66
248 238 67
248 238 68
248 238 69
248 238 70
248 238 71
248 238 72
248 238 73
248 238 74
249 238 75
248 238 76
249 239 77
250 238 78
251 238 79
252 239 80
253 238 81
254 239 82
255 239 83
256 239 84
256 238 85
257 238 86
257 238 87
258 238 88
258 238 89
259 239 90
260 239 91
260 238 92
261 237 93
262 237 93
263 237 94
264 237 95
265 237 96
266 238 97
266 239 97
266 240 98
266 241 99
267 242 100
268 243 100
269 244 101
269 254 101
264 255 102
82
246 235 24
247 235 25
248 235 26
248 235 27
249 236 28
249 236 29
249 236 30
249 236 31
249 236 32
249 236 33
250 236 34
249 236 35
248 236 36
248 236 37
247 236 38
247 236 39
247 236 40
247 237 41
247 237 42
247 237 43
247 237 44
247 237 45
247 237 46
247 237 47
247 237 48
246 237 49
246 236 50
245 236 51
245 236 52
245 235 53
245 235 54
246 235 55
246 235 56
246 235 57
245 236 58
245 236 59
246 237 60
247 238 61
248 237 62
248 237 63
248 238 64
248 238 65
248 238 66
248 238 67
248 238 68
248 238 69
248 238 70
248 238 71
248 238 72
248 238 73
248 238 74
249 238 75
248 238 76
249 239 77
250 238 78
251 238 79
252 239 80
253 238 81
254 239 82
255 239 83
256 239 84
256 238 85
257 238 86
257 238 87
258 238 88
258 238 89
259 239 90
260 239 91
260 238 92
261 237 93
262 237 93
263 237 94
264 237 95
265 237 96
266 238 97
266 239 97
266 240 98
266 241 99
267 242 100
268 243 100
269 244 101
269 254 101
82
246 235 24
247 235 25
248 235 26
248 235 27
249 236 28
249 236 29
249 236 30
249 236 31
249 236 32
249 236 33
250 236 34
249 236 35
248 236 36
248 236 37
247 236 38
247 236 39
247 236 40
247 237 41
247 237 42
247 237 43
247 237 44
247 237 45
247 237 46
247 237 47
247 237 48
246 237 49
246 236 50
245 236 51
245 236 52
245 235 53
245 235 54
246 235 55
246 235 56
246 235 57
245 236 58
245 236 59
246 237 60
247 238 61
248 237 62
248 237 63
248 238 64
248 238 65
248 238 66
248 238 67
248 238 68
248 238 69
248 238 70
248 238 71
248 238 72
248 238 73
248 238 74
249 238 75
248 238 76
249 239 77
250 238 78
251 238 79
252 239 80
253 238 81
254 239 82
255 239 83
256 239 84
256 238 85
257 238 86
257 238 87
258 238 88
258 238 89
259 239 90
260 240 90
260 241 90
260 242 90
260 243 90
260 244 90
260 245 90
260 246 90
260 247 91
261 248 92
262 249 93
263 249 93
264 249 92
265 248 92
266 247 92
266 246 93
82
246 235 24
247 235 25
248 235 26
248 235 27
249 236 28
249 236 29
249 236 30
249 236 31
249 236 32
249 236 33
250 236 34
249 236 35
248 236 36
248 236 37
247 236 38
247 236 39
247 236 40
247 237 41
247 237 42
247 237 43
247 237 44
247 237 45
247 237 46
247 237 47
247 237 48
246 237 49
246 236 50
245 236 51
245 236 52
245 235 53
245 235 54
246 235 55
246 235 56
246 235 57
245 236 58
245 236 59
246 237 60
247 238 61
248 237 62
248 237 63
248 238 64
248 238 65
248 238 66
248 238 67
248 238 68
248 238 69
248 238 70
248 238 71
248 238 72
248 238 73
248 238 74
249 238 75
248 238 76
249 239 77
250 238 78
251 238 79
252 239 80
253 238 81
254 239 82
255 239 83
256 239 84
256 238 85
257 238 86
257 238 87
258 238 88
258 238 89
259 239 90
260 239 91
260 238 92
261 237 93
262 237 93
263 237 94
264 237 95
265 237 96
266 238 97
266 239 96
265 240 96
266 241 95
267 242 95
266 243 94
266 244 93
266 245 93
78
246 235 24
247 235 25
248 235 26
248 235 27
249 236 28
249 236 29
249 236 30
249 236 31
249 236 32
249 236 33
250 236 34
249 236 35
248 236 36
248 236 37
247 236 38
247 236 39
247 236 40
247 237 41
247 237 42
247 237 43
247 237 44
247 237 45
247 237 46
247 237 47
247 237 48
246 237 49
246 236 50
245 236 51
245 236 52
245 235 53
245 235 54
246 235 55
246 235 56
246 235 57
245 236 58
245 236 59
246 237 60
247 238 61
248 237 62
248 237 63
248 238 64
248 238 65
248 238 66
248 238 67
248 238 68
248 238 69
248 238 70
248 238 71
248 238 72
248 238 73
248 238 74
249 238 75
248 238 76
249 239 77
250 238 78
251 238 79
251 239 80
250 239 81
250 239 82
250 239 83
249 239 84
248 238 85
248 239 86
248 239 87
248 240 88
248 241 89
249 242 88
249 243 89
250 244 90
250 244 91
251 245 92
250 245 93
251 246 94
250 246 95
251 247 96
250 247 97
251 247 98
251 248 99
77
246 235 24
247 235 25
248 235 26
248 235 27
249 236 28
249 236 29
249 236 30
249 236 31
249 236 32
249 236 33
250 236 34
249 236 35
248 236 36
248 236 37
247 236 38
247 236 39
247 236 40
247 237 41
247 237 42
247 237 43
247 237 44
247 237 45
247 237 46
247 237 47
247 237 48
246 237 49
246 236 50
245 236 51
245 236 52
245 235 53
245 235 54
246 235 55
246 235 56
246 235 57
245 236 58
245 236 59
246 237 60
247 238 61
248 237 62
248 237 63
248 238 64
248 238 65
248 238 66
248 238 67
248 238 68
248 238 69
248 238 70
248 238 71
248 238 72
248 238 73
248 238 74
249 238 75
248 238 76
249 239 77
250 238 78
251 238 79
251 239 80
250 239 81
250 239 82
250 239 83
249 239 84
248 238 85
249 237 85
248 236 85
249 235 86
249 235 87
249 234 88
249 234 89
250 234 90
251 234 91
251 233 92
251 233 93
251 233 94
251 232 95
251 232 96
251 231 97
251 231 98
76
246 235 24
247 235 25
248 235 26
248 235 27
249 236 28
249 236 29
249 236 30
249 236 31
249 236 32
249 236 33
250 236 34
249 236 35
248 236 36
248 236 37
247 236 38
247 236 39
247 236 40
247 237 41
247 237 42
247 237 43
247 237 44
247 237 45
247 237 46
247 237 47
247 237 48
246 237 49
246 236 50
245 236 51
245 236 52
245 235 53
245 235 54
246 235 55
246 235 56
246 235 57
245 236 58
245 236 59
246 237 60
247 238 61
248 237 62
248 237 63
248 238 64
248 238 65
248 238 66
248 238 67
248 238 68
248 238 69
248 238 70
248 238 71
248 238 72
248 238 73
248 238 74
249 238 75
248 238 76
249 239 77
250 238 78
251 238 79
252 239 80
253 238 81
254 239 82
255 239 83
256 239 84
257 240 85
256 241 85
256 242 85
255 243 85
255 244 85
256 245 86
255 246 87
255 247 88
256 248 89
256 248 90
256 249 91
257 250 92
257 250 93
258 251 94
259 252 95
73
246 235 24
247 235 25
248 235 26
248 235 27
249 236 28
249 236 29
249 236 30
249 236 31
249 236 32
249 236 33
250 236 34
251 237 35
252 238 36
252 238 37
252 238 38
253 239 39
254 240 40
253 240 41
254 240 42
253 240 43
253 240 44
253 240 45
253 241 46
253 241 47
254 241 48
254 241 49
254 241 50
254 241 51
254 242 52
254 242 53
255 242 54
255 242 55
254 242 56
254 242 57
255 243 58
255 243 59
256 243 60
256 244 61
257 244 62
257 244 63
257 245 64
257 246 65
258 246 66
258 246 67
259 246 68
259 247 69
259 247 70
259 248 71
260 248 72
260 249 73
260 249 74
261 250 75
261 251 76
262 250 77
262 251 78
263 251 79
264 252 80
264 253 81
265 253 82
265 254 83
266 254 84
266 255 85
266 256 86
267 256 87
268 256 88
268 257 89
269 257 90
270 257 91
270 258 92
270 259 93
271 259 94
272 260 95
265 260 95
73
246 235 24
247 235 25
248 235 26
248 235 27
249 236 28
249 236 29
249 236 30
249 236 31
249 236 32
249 236 33
250 236 34
251 237 35
252 238 36
252 238 37
252 238 38
253 239 39
254 240 40
253 240 41
254 240 42
253 240 43
253 240 44
253 240 45
253 241 46
253 241 47
254 241 48
254 241 49
254 241 50
254 241 51
254 242 52
254 242 53
255 242 54
255 242 55
254 242 56
254 242 57
255 243 58
255 243 59
256 243 60
256 244 61
257 244 62
257 244 63
257 245 64
257 246 65
258 246 66
258 246 67
259 246 68
259 247 69
259 247 70
259 248 71
260 248 72
260 249 73
260 249 74
261 250 75
261 251 76
262 250 77
262 251 78
263 251 79
264 252 80
264 253 81
265 253 82
265 254 83
266 254 84
266 255 85
266 256 86
267 256 87
268 256 88
268 257 89
269 257 90
270 257 91
270 258 92
270 259 93
271 259 94
272 260 95
268 264 96
70
246 235 24
247 235 25
248 235 26
248 235 27
249 236 28
249 236 29
249 236 30
249 236 31
249 236 32
249 236 33
250 236 34
249 236 35
248 236 36
248 236 37
247 236 38
247 236 39
247 236 40
247 237 41
247 237 42
247 237 43
247 237 44
247 237 45
247 237 46
247 237 47
247 237 48
246 237 49
246 236 50
245 236 51
245 236 52
245 235 53
245 235 54
246 235 55
246 235 56
246 235 57
245 236 58
245 236 59
246 237 60
247 238 61
248 237 62
248 237 63
248 238 64
248 238 65
248 238 66
248 238 67
248 238 68
248 238 69
248 238 70
248 238 71
248 238 72
248 238 73
248 238 74
249 238 75
248 238 76
247 238 76
246 238 77
245 237 78
245 236 79
245 236 80
244 236 81
243 236 82
243 235 83
242 235 84
242 234 85
242 234 86
241 233 87
241 232 88
240 233 89
240 233 90
240 233 91
240 233 92
33
246 235 24
247 235 25
248 235 26
248 235 27
249 236 28
249 236 29
249 236 30
249 236 31
249 236 32
249 236 33
250 236 34
249 236 35
248 236 36
248 236 37
247 236 38
247 236 39
247 236 40
247 237 41
247 237 42
247 237 43
247 237 44
247 237 45
247 237 46
247 237 47
247 237 48
246 237 49
246 236 50
245 236 51
245 236 52
245 235 53
245 235 54
246 235 55
249 236 55
30
246 235 24
247 235 25
248 235 26
248 235 27
249 236 28
249 236 29
249 236 30
249 236 31
249 236 32
249 236 33
250 236 34
249 236 35
248 236 36
248 236 37
247 236 38
247 236 39
247 236 40
247 237 41
247 237 42
247 237 43
247 237 44
247 237 45
247 237 46
247 237 47
247 237 48
246 237 49
247 238 50
247 238 51
247 239 52
248 239 53
19
246 235 24
247 235 25
248 235 26
248 235 27
249 236 28
249 236 29
249 236 30
249 236 31
249 236 32
249 236 33
250 236 34
251 237 35
252 238 36
252 238 37
252 238 38
253 239 39
252 238 40
251 239 41
252 240 41
