45
267
252 251 24
252 250 25
252 250 26
251 250 27
251 250 28
251 250 29
251 249 30
251 249 31
251 249 32
251 249 33
251 249 34
251 249 35
251 249 36
251 249 37
251 249 38
251 249 39
251 249 40
250 248 41
250 247 42
250 247 43
250 247 44
250 247 45
250 247 46
250 247 47
250 248 48
249 247 49
249 246 50
249 246 51
249 245 52
249 246 53
249 246 54
249 246 55
250 245 56
249 246 57
249 246 58
249 246 59
249 246 60
249 245 61
248 245 62
247 246 63
246 246 64
246 245 65
245 245 66
245 245 67
244 245 68
244 245 69
244 244 70
244 243 71
245 243 72
246 243 73
247 243 74
248 243 75
248 243 76
248 243 77
247 242 78
247 242 79
247 243 80
247 244 81
247 244 82
247 243 83
247 243 84
248 242 85
247 243 86
247 243 87
247 243 88
246 244 89
246 243 90
245 243 91
245 243 92
246 243 93
246 243 94
245 243 95
246 243 96
246 243 97
246 243 98
246 243 99
246 243 100
246 242 101
246 242 102
246 241 103
245 241 104
245 240 105
245 240 106
245 239 107
245 239 108
245 238 109
244 239 110
244 238 111
244 238 112
244 238 113
243 238 114
243 238 115
243 237 116
242 238 117
243 237 118
243 237 119
242 238 120
242 237 121
242 237 122
241 238 123
241 237 124
241 237 125
241 237 126
240 237 127
240 236 128
241 236 129
241 235 130
241 235 131
241 235 132
241 235 133
241 235 134
241 235 135
241 235 136
241 235 137
241 234 138
241 235 139
241 236 140
242 237 141
242 238 142
241 238 143
241 239 144
241 239 145
241 240 146
241 240 147
240 240 148
241 241 149
240 241 150
240 241 151
240 241 152
240 241 153
240 242 154
240 242 155
239 242 156
240 243 157
239 243 158
240 244 159
240 244 160
239 244 161
240 245 162
239 245 163
239 245 164
240 245 165
239 245 166
238 245 167
238 245 168
238 244 169
238 244 170
237 244 171
238 244 172
238 244 173
238 244 174
238 244 175
237 243 176
237 243 177
237 243 178
237 243 179
237 243 180
237 243 181
236 243 182
236 243 183
236 243 184
236 243 185
235 242 186
235 243 187
235 243 188
235 243 189
234 243 190
234 244 191
234 244 192
234 244 193
234 244 194
234 244 195
234 245 196
233 246 197
233 245 198
233 245 199
233 246 200
233 246 201
233 247 202
233 247 203
232 248 204
231 248 205
231 248 206
231 249 207
230 249 208
230 250 209
229 251 210
229 251 211
228 251 212
228 251 213
228 252 214
227 252 215
227 252 216
226 252 217
226 252 218
226 252 219
225 252 220
224 253 221
224 252 222
223 253 223
223 253 224
222 253 225
222 252 226
221 253 227
220 254 228
219 254 229
219 253 230
218 253 231
217 253 232
216 253 233
215 252 234
215 253 235
215 254 236
215 254 237
214 254 238
213 254 239
212 254 240
212 255 241
212 255 242
211 255 243
210 255 244
209 255 245
209 256 246
208 256 247
207 256 248
207 256 249
207 256 250
206 257 251
205 257 252
205 257 253
204 257 254
203 257 255
202 258 256
202 257 257
201 258 258
200 258 259
199 259 260
198 259 261
197 260 262
196 260 263
196 260 264
195 260 265
194 260 266
193 260 267
192 260 268
191 260 269
190 260 270
189 260 271
189 259 272
188 259 273
187 260 274
187 260 275
186 260 276
186 260 277
185 260 278
184 259 279
183 260 280
183 260 281
182 260 282
181 260 283
181 261 284
180 261 285
180 261 286
180 261 287
179 262 288
178 262 289
177 262 290
266
252 251 24
252 250 25
252 250 26
251 250 27
251 250 28
251 250 29
251 249 30
251 249 31
251 249 32
251 249 33
251 249 34
251 249 35
251 249 36
251 249 37
251 249 38
251 249 39
251 249 40
250 248 41
250 247 42
250 247 43
250 247 44
250 247 45
250 247 46
250 247 47
250 248 48
249 247 49
249 246 50
249 246 51
249 245 52
249 246 53
249 246 54
249 246 55
250 245 56
249 246 57
249 246 58
249 246 59
249 246 60
249 245 61
248 245 62
247 246 63
246 246 64
246 245 65
245 245 66
245 245 67
244 245 68
244 245 69
244 244 70
244 243 71
245 243 72
246 243 73
247 243 74
248 243 75
248 243 76
248 243 77
247 242 78
247 242 79
247 243 80
247 244 81
247 244 82
247 243 83
247 243 84
248 242 85
247 243 86
247 243 87
247 243 88
246 244 89
246 243 90
245 243 91
245 243 92
246 243 93
246 243 94
245 243 95
246 243 96
246 243 97
246 243 98
246 243 99
246 243 100
246 242 101
246 242 102
246 241 103
245 241 104
245 240 105
245 240 106
245 239 107
245 239 108
245 238 109
244 239 110
244 238 111
244 238 112
244 238 113
243 238 114
243 238 115
243 237 116
242 238 117
243 237 118
243 237 119
242 238 120
242 237 121
242 237 122
241 238 123
241 237 124
241 237 125
241 237 126
240 237 127
240 236 128
241 236 129
241 235 130
241 235 131
241 235 132
241 235 133
241 235 134
241 235 135
241 235 136
241 235 137
241 234 138
241 233 138
240 232 139
240 231 140
239 231 141
238 230 142
238 229 143
238 228 144
238 227 145
238 226 146
238 225 147
238 224 148
238 223 149
238 222 150
237 221 151
236 220 152
235 221 153
235 221 154
236 222 155
237 221 156
237 220 157
236 220 158
236 220 159
236 219 160
237 219 161
236 219 162
235 219 163
235 218 164
235 217 165
235 216 166
234 216 167
234 216 168
233 215 169
232 215 170
232 214 171
232 213 172
231 212 173
231 212 174
231 211 175
232 210 176
231 209 177
231 208 178
230 207 179
230 206 180
230 205 181
229 204 182
228 203 183
228 202 184
228 201 185
227 201 186
228 200 187
227 200 188
227 199 189
226 199 190
226 198 191
226 197 192
227 196 193
227 195 194
227 194 195
227 193 196
226 192 197
226 191 198
226 190 199
226 190 200
225 190 201
226 190 202
225 189 203
225 189 204
225 188 205
225 188 206
225 188 207
224 187 208
224 186 209
224 185 210
223 184 211
223 183 211
223 182 212
222 181 213
222 180 213
221 179 214
221 178 215
221 177 215
221 176 216
220 175 217
220 174 218
220 173 219
219 172 220
219 171 221
219 171 222
219 170 223
218 170 224
218 170 225
218 169 226
217 169 227
217 168 228
217 167 229
217 166 230
216 166 231
216 165 232
216 164 233
215 163 233
215 162 234
215 161 235
215 160 236
215 159 237
215 158 238
215 157 239
214 156 240
214 155 240
213 154 241
212 153 242
212 152 243
212 151 244
212 150 244
211 149 245
211 148 246
210 147 247
210 146 247
209 145 248
209 144 248
209 143 249
208 142 250
208 141 251
208 140 251
208 139 252
208 138 252
207 137 253
207 136 253
206 135 254
205 134 255
205 133 255
204 132 256
204 131 257
203 130 258
202 129 258
201 128 259
201 127 259
200 126 260
199 125 261
198 124 261
197 123 262
196 122 263
195 121 263
194 120 264
193 120 265
192 119 265
191 118 266
190 117 266
189 116 266
189 115 267
188 114 267
187 113 268
225
252 251 24
252 250 25
252 250 26
251 250 27
251 250 28
251 250 29
251 249 30
251 249 31
251 249 32
251 249 33
251 249 34
251 249 35
251 249 36
251 249 37
251 249 38
251 249 39
251 249 40
250 248 41
250 247 42
250 247 43
250 247 44
250 247 45
250 247 46
250 247 47
250 248 48
249 247 49
249 246 50
249 246 51
249 245 52
249 246 53
249 246 54
249 246 55
250 245 56
249 246 57
249 246 58
249 246 59
249 246 60
249 245 61
248 245 62
247 246 63
246 246 64
246 245 65
245 245 66
245 245 67
244 245 68
244 245 69
244 244 70
244 243 71
245 243 72
246 243 73
247 243 74
248 243 75
248 243 76
248 243 77
247 242 78
247 242 79
247 243 80
247 244 81
247 244 82
247 243 83
247 243 84
248 242 85
247 243 86
247 243 87
247 243 88
246 244 89
246 243 90
245 243 91
245 243 92
246 243 93
246 243 94
245 243 95
246 243 96
246 243 97
246 243 98
246 243 99
246 243 100
246 242 101
246 243 102
247 244 102
247 245 103
247 246 104
248 246 105
248 246 106
248 246 107
248 246 108
248 247 109
248 247 110
247 248 111
247 248 112
248 248 113
248 248 114
248 248 115
248 249 116
248 249 117
248 249 118
248 250 119
248 250 120
249 250 121
248 251 122
248 251 123
248 251 124
249 251 125
249 251 126
249 251 127
249 251 128
249 251 129
249 252 130
249 252 131
249 252 132
248 253 133
248 254 134
249 255 135
248 256 136
247 257 137
247 257 138
248 258 139
248 258 140
247 258 141
248 257 142
248 256 143
249 256 144
250 257 145
251 257 146
251 258 147
252 258 148
252 259 149
253 259 150
252 260 151
253 260 152
253 260 153
253 260 154
253 261 155
253 261 156
254 261 157
253 262 158
253 262 159
253 262 160
253 263 161
253 263 162
254 263 163
254 263 164
253 264 165
253 264 166
253 264 167
253 264 168
253 265 169
254 265 170
254 266 171
254 266 172
254 267 173
255 267 174
255 267 175
255 268 176
255 269 177
256 270 177
256 271 178
256 272 179
256 273 180
256 274 181
256 275 182
256 276 183
256 277 184
257 278 185
257 279 186
256 279 187
256 280 188
256 281 189
256 282 190
256 283 191
257 284 192
256 285 193
257 285 194
257 286 195
257 286 196
257 287 197
258 287 198
257 288 199
257 288 200
257 289 201
257 289 202
258 289 203
257 290 204
257 291 205
257 291 206
257 292 207
257 292 208
257 293 209
257 294 210
257 295 211
258 296 211
258 297 212
258 298 213
258 299 214
258 300 215
259 301 216
259 302 217
259 303 218
259 304 219
259 305 220
259 306 221
259 307 222
259 308 223
259 309 223
260 310 224
260 311 224
260 312 225
259 312 226
258 313 227
259 314 227
259 315 228
259 316 228
259 317 229
259 318 230
259 319 230
259 320 231
259 321 231
259 322 232
259 323 233
258 323 234
257 324 235
258 325 235
258 326 236
258 327 237
258 328 238
222
252 251 24
252 250 25
252 250 26
251 250 27
251 250 28
251 250 29
251 249 30
251 249 31
251 249 32
251 249 33
251 249 34
251 249 35
251 249 36
251 249 37
251 249 38
251 249 39
251 249 40
250 248 41
250 247 42
250 247 43
250 247 44
250 247 45
250 247 46
250 247 47
250 248 48
249 247 49
249 246 50
249 246 51
249 245 52
249 246 53
249 246 54
249 246 55
250 245 56
249 246 57
249 246 58
249 246 59
249 246 60
249 245 61
248 245 62
247 246 63
246 246 64
246 245 65
245 245 66
245 245 67
244 245 68
244 245 69
244 244 70
244 243 71
245 243 72
246 243 73
247 243 74
248 243 75
248 243 76
248 243 77
247 242 78
247 242 79
247 243 80
247 244 81
247 244 82
247 243 83
247 243 84
248 242 85
247 243 86
247 243 87
247 243 88
246 244 89
246 243 90
245 243 91
245 243 92
246 243 93
246 243 94
245 243 95
246 243 96
246 243 97
246 243 98
246 243 99
246 243 100
246 242 101
246 242 102
246 241 103
245 241 104
245 240 105
245 240 106
245 239 107
245 239 108
245 238 109
244 239 110
244 238 111
244 238 112
244 238 113
243 238 114
243 238 115
243 237 116
242 238 117
243 237 118
243 237 119
242 238 120
242 237 121
242 237 122
241 238 123
241 237 124
241 237 125
241 237 126
240 237 127
240 236 128
241 236 129
241 235 130
241 235 131
241 235 132
241 235 133
241 235 134
241 235 135
241 235 136
241 235 137
241 234 138
241 235 139
241 236 140
242 237 141
242 238 142
241 238 143
241 239 144
241 239 145
241 240 146
241 240 147
240 240 148
241 241 149
240 241 150
240 241 151
240 241 152
240 241 153
240 242 154
240 242 155
239 242 156
240 243 157
239 243 158
240 244 159
240 244 160
239 244 161
240 245 162
239 245 163
239 245 164
240 245 165
239 245 166
238 245 167
238 245 168
238 244 169
238 244 170
237 244 171
238 244 172
238 244 173
238 244 174
238 244 175
237 243 176
237 243 177
237 243 178
237 243 179
237 243 180
237 243 181
236 243 182
236 243 183
236 243 184
236 243 185
235 242 186
235 243 187
235 243 188
235 243 189
234 243 190
234 244 191
234 244 192
234 244 193
234 244 194
234 244 195
234 245 196
233 246 197
233 245 198
233 245 199
233 246 200
233 246 201
233 247 202
233 247 203
232 248 204
231 248 205
231 248 206
231 249 207
230 249 208
230 250 209
229 251 210
229 251 211
228 251 212
228 251 213
228 252 214
227 252 215
227 252 216
226 252 217
226 252 218
226 252 219
225 252 220
224 253 221
224 252 222
223 253 223
223 253 224
222 253 225
222 252 226
221 253 227
220 254 228
219 254 229
218 255 229
217 255 229
216 255 229
215 255 229
214 256 229
213 257 230
212 256 230
211 257 231
210 257 232
209 257 233
209 257 234
208 257 235
208 257 236
207 258 237
207 258 238
208 259 239
214
252 251 24
252 250 25
252 250 26
251 250 27
251 250 28
251 250 29
251 249 30
251 249 31
251 249 32
251 249 33
251 249 34
251 249 35
251 249 36
251 249 37
251 249 38
251 249 39
251 249 40
250 248 41
250 247 42
250 247 43
250 247 44
250 247 45
250 247 46
250 247 47
250 248 48
249 247 49
249 246 50
249 246 51
249 245 52
249 246 53
249 246 54
249 246 55
250 245 56
249 246 57
249 246 58
249 246 59
249 246 60
249 245 61
248 245 62
247 246 63
246 246 64
246 245 65
245 245 66
245 245 67
244 245 68
244 245 69
244 244 70
244 243 71
245 243 72
246 243 73
247 243 74
248 243 75
248 243 76
248 243 77
247 242 78
247 242 79
247 243 80
247 244 81
247 244 82
247 243 83
247 243 84
248 242 85
247 243 86
247 243 87
247 243 88
246 244 89
246 243 90
245 243 91
245 243 92
246 243 93
246 243 94
245 243 95
246 243 96
246 243 97
246 243 98
246 243 99
246 243 100
246 242 101
246 242 102
246 241 103
245 241 104
245 240 105
245 240 106
245 239 107
245 239 108
245 238 109
244 239 110
244 238 111
244 238 112
244 238 113
243 238 114
243 238 115
243 237 116
242 238 117
243 237 118
243 237 119
242 238 120
242 237 121
242 237 122
241 238 123
241 237 124
241 237 125
241 237 126
240 237 127
240 236 128
241 236 129
241 235 130
241 235 131
241 235 132
241 235 133
241 235 134
241 235 135
241 235 136
241 235 137
241 234 138
241 235 139
241 236 140
242 237 141
242 238 142
241 238 143
241 239 144
241 239 145
241 240 146
241 240 147
240 240 148
241 241 149
240 241 150
240 241 151
240 241 152
240 241 153
240 242 154
240 242 155
239 242 156
240 243 157
239 243 158
240 244 159
240 244 160
239 244 161
240 245 162
239 245 163
239 245 164
240 245 165
239 245 166
238 245 167
238 245 168
238 244 169
238 244 170
237 244 171
238 244 172
238 244 173
238 244 174
238 244 175
237 243 176
237 243 177
237 243 178
237 243 179
237 243 180
237 243 181
236 243 182
236 243 183
236 243 184
236 243 185
235 242 186
235 243 187
235 243 188
235 243 189
234 243 190
234 244 191
234 244 192
234 244 193
234 244 194
234 244 195
234 245 196
233 246 197
233 245 198
233 245 199
233 246 200
233 246 201
233 247 202
233 247 203
232 248 204
231 248 205
231 248 206
231 249 207
230 249 208
230 250 209
229 251 210
229 251 211
228 251 212
228 251 213
228 252 214
227 252 215
227 252 216
226 252 217
226 252 218
226 252 219
225 252 220
224 253 221
224 252 222
223 253 223
223 253 224
222 253 225
222 252 226
221 253 227
220 254 228
219 254 229
218 255 229
217 255 229
216 255 229
215 255 229
214 256 229
213 257 230
214 258 231
215 257 232
214
252 251 24
252 250 25
252 250 26
251 250 27
251 250 28
251 250 29
251 249 30
251 249 31
251 249 32
251 249 33
251 249 34
251 249 35
251 249 36
251 249 37
251 249 38
251 249 39
251 249 40
250 248 41
250 247 42
250 247 43
250 247 44
250 247 45
250 247 46
250 247 47
250 248 48
249 247 49
249 246 50
249 246 51
249 245 52
249 246 53
249 246 54
249 246 55
250 245 56
249 246 57
249 246 58
249 246 59
249 246 60
249 245 61
248 245 62
247 246 63
246 246 64
246 245 65
245 245 66
245 245 67
244 245 68
244 245 69
244 244 70
244 243 71
245 243 72
246 243 73
247 243 74
248 243 75
248 243 76
248 243 77
247 242 78
247 242 79
247 243 80
247 244 81
247 244 82
247 243 83
247 243 84
248 242 85
247 243 86
247 243 87
247 243 88
246 244 89
246 243 90
245 243 91
245 243 92
246 243 93
246 243 94
245 243 95
246 243 96
246 243 97
246 243 98
246 243 99
246 243 100
246 242 101
246 242 102
246 241 103
245 241 104
245 240 105
245 240 106
245 239 107
245 239 108
245 238 109
244 239 110
244 238 111
244 238 112
244 238 113
243 238 114
243 238 115
243 237 116
242 238 117
243 237 118
243 237 119
242 238 120
242 237 121
242 237 122
241 238 123
241 237 124
241 237 125
241 237 126
240 237 127
240 236 128
241 236 129
241 235 130
241 235 131
241 235 132
241 235 133
241 235 134
241 235 135
241 235 136
241 235 137
241 234 138
241 235 139
241 236 140
242 237 141
242 238 142
241 238 143
241 239 144
241 239 145
241 240 146
241 240 147
240 240 148
241 241 149
240 241 150
240 241 151
240 241 152
240 241 153
240 242 154
240 242 155
239 242 156
240 243 157
239 243 158
240 244 159
240 244 160
239 244 161
240 245 162
239 245 163
239 245 164
240 245 165
239 245 166
238 245 167
238 245 168
238 244 169
238 244 170
237 244 171
238 244 172
238 244 173
238 244 174
238 244 175
237 243 176
237 243 177
237 243 178
237 243 179
237 243 180
237 243 181
236 243 182
236 243 183
236 243 184
236 243 185
235 242 186
235 243 187
235 243 188
235 243 189
234 243 190
234 244 191
234 244 192
234 244 193
234 244 194
234 244 195
234 245 196
233 246 197
233 245 198
233 245 199
233 246 200
233 246 201
233 247 202
233 247 203
232 248 204
231 248 205
231 248 206
231 249 207
230 249 208
230 250 209
229 251 210
229 251 211
228 251 212
228 251 213
228 252 214
227 252 215
227 252 216
226 252 217
226 252 218
226 252 219
225 252 220
224 253 221
224 252 222
223 253 223
223 253 224
222 253 225
222 252 226
221 253 227
220 254 228
219 254 229
218 255 229
217 255 229
216 255 229
215 255 229
214 256 229
213 257 230
212 256 230
212 255 231
213
252 251 24
252 250 25
252 250 26
251 250 27
251 250 28
251 250 29
251 249 30
251 249 31
251 249 32
251 249 33
251 249 34
251 249 35
251 249 36
251 249 37
251 249 38
251 249 39
251 249 40
250 248 41
250 247 42
250 247 43
250 247 44
250 247 45
250 247 46
250 247 47
250 248 48
249 247 49
249 246 50
249 246 51
249 245 52
249 246 53
249 246 54
249 246 55
250 245 56
249 246 57
249 246 58
249 246 59
249 246 60
249 245 61
248 245 62
247 246 63
246 246 64
246 245 65
245 245 66
245 245 67
244 245 68
244 245 69
244 244 70
244 243 71
245 243 72
246 243 73
247 243 74
248 243 75
248 243 76
248 243 77
247 242 78
247 242 79
247 243 80
247 244 81
247 244 82
247 243 83
247 243 84
248 242 85
247 243 86
247 243 87
247 243 88
246 244 89
246 243 90
245 243 91
245 243 92
246 243 93
246 243 94
245 243 95
246 243 96
246 243 97
246 243 98
246 243 99
246 243 100
246 242 101
246 242 102
246 241 103
245 241 104
245 240 105
245 240 106
245 239 107
245 239 108
245 238 109
244 239 110
244 238 111
244 238 112
244 238 113
243 238 114
243 238 115
243 237 116
242 238 117
243 237 118
243 237 119
242 238 120
242 237 121
242 237 122
241 238 123
241 237 124
241 237 125
241 237 126
240 237 127
240 236 128
241 236 129
241 235 130
241 235 131
241 235 132
241 235 133
241 235 134
241 235 135
241 235 136
241 235 137
241 234 138
241 235 139
241 236 140
242 237 141
242 238 142
241 238 143
241 239 144
241 239 145
241 240 146
241 240 147
240 240 148
241 241 149
240 241 150
240 241 151
240 241 152
240 241 153
240 242 154
240 242 155
239 242 156
240 243 157
239 243 158
240 244 159
240 244 160
239 244 161
240 245 162
239 245 163
239 245 164
240 245 165
239 245 166
238 245 167
238 245 168
238 244 169
238 244 170
237 244 171
238 244 172
238 244 173
238 244 174
238 244 175
237 243 176
237 243 177
237 243 178
237 243 179
237 243 180
237 243 181
236 243 182
236 243 183
236 243 184
236 243 185
235 242 186
235 243 187
235 243 188
235 243 189
234 243 190
234 244 191
234 244 192
234 244 193
234 244 194
234 244 195
234 245 196
233 246 197
233 245 198
233 245 199
233 246 200
233 246 201
233 247 202
233 247 203
232 248 204
231 248 205
231 248 206
231 249 207
230 249 208
230 250 209
229 251 210
229 251 211
228 251 212
228 251 213
228 252 214
227 252 215
227 252 216
226 252 217
226 252 218
226 252 219
225 252 220
224 253 221
224 252 222
223 253 223
223 253 224
222 253 225
222 252 226
221 253 227
220 254 228
219 254 229
219 253 230
218 253 231
217 253 232
216 253 233
216 254 234
217 255 234
216 256 233
213
252 251 24
252 250 25
252 250 26
251 250 27
251 250 28
251 250 29
251 249 30
251 249 31
251 249 32
251 249 33
251 249 34
251 249 35
251 249 36
251 249 37
251 249 38
251 249 39
251 249 40
250 248 41
250 247 42
250 247 43
250 247 44
250 247 45
250 247 46
250 247 47
250 248 48
249 247 49
249 246 50
249 246 51
249 245 52
249 246 53
249 246 54
249 246 55
250 245 56
249 246 57
249 246 58
249 246 59
249 246 60
249 245 61
248 245 62
247 246 63
246 246 64
246 245 65
245 245 66
245 245 67
244 245 68
244 245 69
244 244 70
244 243 71
245 243 72
246 243 73
247 243 74
248 243 75
248 243 76
248 243 77
247 242 78
247 242 79
247 243 80
247 244 81
247 244 82
247 243 83
247 243 84
248 242 85
247 243 86
247 243 87
247 243 88
246 244 89
246 243 90
245 243 91
245 243 92
246 243 93
246 243 94
245 243 95
246 243 96
246 243 97
246 243 98
246 243 99
246 243 100
246 242 101
246 242 102
246 241 103
245 241 104
245 240 105
245 240 106
245 239 107
245 239 108
245 238 109
244 239 110
244 238 111
244 238 112
244 238 113
243 238 114
243 238 115
243 237 116
242 238 117
243 237 118
243 237 119
242 238 120
242 237 121
242 237 122
241 238 123
241 237 124
241 237 125
241 237 126
240 237 127
240 236 128
241 236 129
241 235 130
241 235 131
241 235 132
241 235 133
241 235 134
241 235 135
241 235 136
241 235 137
241 234 138
241 235 139
241 236 140
242 237 141
242 238 142
241 238 143
241 239 144
241 239 145
241 240 146
241 240 147
240 240 148
241 241 149
240 241 150
240 241 151
240 241 152
240 241 153
240 242 154
240 242 155
239 242 156
240 243 157
239 243 158
240 244 159
240 244 160
239 244 161
240 245 162
239 245 163
239 245 164
240 245 165
239 245 166
238 245 167
238 245 168
238 244 169
238 244 170
237 244 171
238 244 172
238 244 173
238 244 174
238 244 175
237 243 176
237 243 177
237 243 178
237 243 179
237 243 180
237 243 181
236 243 182
236 243 183
236 243 184
236 243 185
235 242 186
235 243 187
235 243 188
235 243 189
234 243 190
234 244 191
234 244 192
234 244 193
234 244 194
234 244 195
234 245 196
233 246 197
233 245 198
233 245 199
233 246 200
233 246 201
233 247 202
233 247 203
232 248 204
231 248 205
231 248 206
231 249 207
230 249 208
230 250 209
229 251 210
229 251 211
228 251 212
228 251 213
228 252 214
227 252 215
227 252 216
226 252 217
226 252 218
226 252 219
225 252 220
224 253 221
224 252 222
223 253 223
223 253 224
222 253 225
222 252 226
221 253 227
220 254 228
219 254 229
219 253 230
218 253 231
217 253 232
216 253 233
215 252 234
214 253 233
213 254 232
191
252 251 24
252 250 25
252 250 26
251 250 27
251 250 28
251 250 29
251 249 30
251 249 31
251 249 32
251 249 33
251 249 34
251 249 35
251 249 36
251 249 37
251 249 38
251 249 39
251 249 40
250 248 41
250 247 42
250 247 43
250 247 44
250 247 45
250 247 46
250 247 47
250 248 48
249 247 49
249 246 50
249 246 51
249 245 52
249 246 53
249 246 54
249 246 55
250 245 56
249 246 57
249 246 58
249 246 59
249 246 60
249 245 61
248 245 62
247 246 63
246 246 64
246 245 65
245 245 66
245 245 67
244 245 68
244 245 69
244 244 70
244 243 71
245 243 72
246 243 73
247 243 74
248 243 75
248 243 76
248 243 77
247 242 78
247 241 78
247 240 78
247 239 79
247 238 80
247 237 81
246 237 82
245 237 83
246 236 84
246 235 85
246 235 86
245 234 87
245 233 88
244 233 89
244 232 90
243 232 91
243 231 92
242 231 93
242 230 94
242 229 95
242 229 96
241 228 97
241 227 98
241 226 99
241 226 100
241 225 101
240 224 102
240 223 103
239 223 104
239 222 105
239 221 106
239 220 107
238 220 108
238 219 109
238 218 110
238 218 111
238 218 112
237 217 113
237 216 114
236 215 115
236 215 116
236 214 117
235 213 117
235 212 118
235 211 119
235 211 120
234 210 121
234 210 122
234 209 123
233 208 124
232 207 125
232 206 126
231 205 126
231 204 127
231 203 128
230 202 129
230 201 129
230 200 130
230 199 131
229 198 132
229 197 133
229 196 134
228 195 135
228 194 136
227 193 137
227 192 138
226 192 139
226 191 140
225 190 141
225 189 141
225 188 142
224 187 143
223 186 144
223 185 144
223 184 145
222 183 146
221 182 147
220 181 147
219 180 148
218 179 149
218 178 149
217 177 150
217 176 150
216 175 151
215 174 152
214 173 152
214 172 153
214 171 153
214 170 154
215 169 153
214 168 154
214 167 154
213 166 154
212 165 155
212 164 155
212 163 155
211 162 156
210 161 157
209 160 157
208 159 157
207 158 157
206 157 158
205 156 158
204 156 158
203 156 159
202 155 160
201 154 161
200 153 162
199 152 162
199 151 162
198 150 163
197 149 162
197 148 163
196 147 163
195 146 163
194 145 164
193 144 164
192 143 164
191 142 165
190 141 166
189 140 166
188 139 167
188 138 167
187 137 167
186 136 168
185 135 169
184 135 170
184 134 171
183 133 171
183 132 170
182 131 170
182 130 170
181 129 170
181 128 171
181 127 171
181 126 171
181 125 171
190
252 251 24
252 250 25
252 250 26
251 250 27
251 250 28
251 250 29
251 249 30
251 249 31
251 249 32
251 249 33
251 249 34
251 249 35
251 249 36
251 249 37
251 249 38
251 249 39
251 249 40
250 248 41
250 247 42
250 247 43
250 247 44
250 247 45
250 247 46
250 247 47
250 248 48
249 247 49
249 246 50
249 246 51
249 245 52
249 246 53
249 246 54
249 246 55
250 245 56
249 246 57
249 246 58
249 246 59
249 246 60
249 245 61
248 245 62
247 246 63
246 246 64
246 245 65
245 245 66
245 245 67
244 245 68
244 245 69
244 244 70
244 243 71
245 243 72
246 243 73
247 243 74
248 243 75
248 243 76
248 243 77
247 242 78
247 242 79
247 243 80
247 244 81
247 244 82
247 243 83
247 243 84
248 242 85
247 243 86
247 243 87
247 243 88
246 244 89
246 243 90
245 243 91
245 243 92
246 243 93
246 243 94
245 243 95
246 243 96
246 243 97
246 243 98
246 243 99
246 243 100
246 242 101
246 242 102
246 241 103
245 241 104
245 240 105
245 240 106
245 239 107
245 239 108
245 238 109
244 239 110
244 238 111
244 238 112
244 238 113
243 238 114
243 238 115
243 237 116
242 238 117
243 237 118
243 237 119
242 238 120
242 237 121
242 237 122
241 238 123
241 237 124
241 237 125
241 237 126
240 237 127
240 236 128
241 236 129
241 235 130
241 235 131
241 235 132
241 235 133
241 235 134
241 235 135
241 235 136
241 235 137
241 234 138
241 233 138
240 232 139
240 231 140
239 231 141
238 230 142
238 229 143
238 228 144
238 227 145
238 226 146
238 225 147
238 224 148
238 223 149
238 222 150
237 221 151
236 220 152
235 221 153
235 221 154
236 222 155
237 221 156
237 220 157
236 220 158
236 220 159
236 219 160
237 219 161
236 219 162
235 219 163
235 218 164
235 217 165
235 216 166
234 216 167
234 216 168
233 215 169
232 215 170
232 214 171
232 213 172
231 212 173
231 212 174
231 211 175
232 210 176
231 209 177
231 208 178
230 207 179
230 206 180
230 205 181
229 204 182
228 203 183
228 202 184
228 201 185
227 201 186
228 200 187
227 200 188
227 199 189
226 199 190
226 198 191
225 197 192
224 198 192
223 198 192
222 198 192
221 198 192
220 198 192
219 197 193
218 197 193
217 196 194
216 196 195
215 196 196
214 195 197
214 195 198
213 194 199
212 193 200
211 192 201
210 191 201
209 191 202
208 190 203
207 189 204
206 188 205
183
252 251 24
252 250 25
252 250 26
251 250 27
251 250 28
251 250 29
251 249 30
251 249 31
251 249 32
251 249 33
251 249 34
251 249 35
251 249 36
251 249 37
251 249 38
251 249 39
251 249 40
250 248 41
250 247 42
250 247 43
250 247 44
250 247 45
250 247 46
250 247 47
250 248 48
249 247 49
249 246 50
249 246 51
249 245 52
249 246 53
249 246 54
249 246 55
250 245 56
249 246 57
249 246 58
249 246 59
249 246 60
249 245 61
248 245 62
247 246 63
246 246 64
246 245 65
245 245 66
245 245 67
244 245 68
244 245 69
244 244 70
244 243 71
245 243 72
246 243 73
247 243 74
248 243 75
248 243 76
248 243 77
247 242 78
247 242 79
247 243 80
247 244 81
247 244 82
247 243 83
247 243 84
248 242 85
247 243 86
247 243 87
247 243 88
246 244 89
246 243 90
245 243 91
245 243 92
246 243 93
246 243 94
245 243 95
246 243 96
246 243 97
246 243 98
246 243 99
246 243 100
246 242 101
246 242 102
246 241 103
245 241 104
245 240 105
245 240 106
245 239 107
245 239 108
245 238 109
244 239 110
244 238 111
244 238 112
244 238 113
243 238 114
243 238 115
243 237 116
242 238 117
243 237 118
243 237 119
242 238 120
242 237 121
242 237 122
241 238 123
241 237 124
241 237 125
241 237 126
240 237 127
240 236 128
241 236 129
241 235 130
241 235 131
241 235 132
241 235 133
241 235 134
241 235 135
241 235 136
241 235 137
241 234 138
241 233 138
240 232 139
240 231 140
239 231 141
238 230 142
238 229 143
238 228 144
238 227 145
238 226 146
238 225 147
238 224 148
238 223 149
238 222 150
237 221 151
236 220 152
235 221 153
235 221 154
236 222 155
237 221 156
237 220 157
236 220 158
236 220 159
236 219 160
237 219 161
236 219 162
235 219 163
235 218 164
235 217 165
235 216 166
234 216 167
234 216 168
233 215 169
232 215 170
232 214 171
232 213 172
231 212 173
231 212 174
231 211 175
232 210 176
231 209 177
231 208 178
230 207 179
230 206 180
230 205 181
229 204 182
228 203 183
228 202 184
228 201 185
227 201 186
228 200 187
227 200 188
227 199 189
226 199 190
226 198 191
226 197 192
227 196 193
227 195 194
227 194 195
227 193 196
226 192 197
226 191 198
226 190 199
226 190 200
225 190 201
224 190 201
223 191 201
222 191 201
221 190 200
183
252 251 24
252 250 25
252 250 26
251 250 27
251 250 28
251 250 29
251 249 30
251 249 31
251 249 32
251 249 33
251 249 34
251 249 35
251 249 36
251 249 37
251 249 38
251 249 39
251 249 40
250 248 41
250 247 42
250 247 43
250 247 44
250 247 45
250 247 46
250 247 47
250 248 48
249 247 49
249 246 50
249 246 51
249 245 52
249 246 53
249 246 54
249 246 55
250 245 56
249 246 57
249 246 58
249 246 59
249 246 60
249 245 61
248 245 62
247 246 63
246 246 64
246 245 65
245 245 66
245 245 67
244 245 68
244 245 69
244 244 70
244 243 71
245 243 72
246 243 73
247 243 74
248 243 75
248 243 76
248 243 77
247 242 78
247 242 79
247 243 80
247 244 81
247 244 82
247 243 83
247 243 84
248 242 85
247 243 86
247 243 87
247 243 88
246 244 89
246 243 90
245 243 91
245 243 92
246 243 93
246 243 94
245 243 95
246 243 96
246 243 97
246 243 98
246 243 99
246 243 100
246 242 101
246 242 102
246 241 103
245 241 104
245 240 105
245 240 106
245 239 107
245 239 108
245 238 109
244 239 110
244 238 111
244 238 112
244 238 113
243 238 114
243 238 115
243 237 116
242 238 117
243 237 118
243 237 119
242 238 120
242 237 121
242 237 122
241 238 123
241 237 124
241 237 125
241 237 126
240 237 127
240 236 128
241 236 129
241 235 130
241 235 131
241 235 132
241 235 133
241 235 134
241 235 135
241 235 136
241 235 137
241 234 138
241 233 138
240 232 139
240 231 140
239 231 141
238 230 142
238 229 143
238 228 144
238 227 145
238 226 146
238 225 147
238 224 148
238 223 149
238 222 150
237 221 151
236 220 152
235 221 153
235 221 154
236 222 155
237 221 156
237 220 157
236 220 158
236 220 159
236 219 160
237 219 161
236 219 162
235 219 163
235 218 164
235 217 165
235 216 166
234 216 167
234 216 168
233 215 169
232 215 170
232 214 171
232 213 172
231 212 173
231 212 174
231 211 175
232 210 176
231 209 177
231 208 178
230 207 179
230 206 180
230 205 181
229 204 182
228 203 183
228 202 184
228 201 185
227 201 186
228 200 187
227 200 188
227 199 189
226 199 190
226 198 191
226 197 192
227 196 193
227 195 194
227 194 195
227 193 196
226 192 197
225 192 197
224 193 196
223 193 197
222 193 197
221 192 196
220 191 197
219 190 198
220 189 199
182
252 251 24
252 250 25
252 250 26
251 250 27
251 250 28
251 250 29
251 249 30
251 249 31
251 249 32
251 249 33
251 249 34
251 249 35
251 249 36
251 249 37
251 249 38
251 249 39
251 249 40
250 248 41
250 247 42
250 247 43
250 247 44
250 247 45
250 247 46
250 247 47
250 248 48
249 247 49
249 246 50
249 246 51
249 245 52
249 246 53
249 246 54
249 246 55
250 245 56
249 246 57
249 246 58
249 246 59
249 246 60
249 245 61
248 245 62
247 246 63
246 246 64
246 245 65
245 245 66
245 245 67
244 245 68
244 245 69
244 244 70
244 243 71
245 243 72
246 243 73
247 243 74
248 243 75
248 243 76
248 243 77
247 242 78
247 242 79
247 243 80
247 244 81
247 244 82
247 243 83
247 243 84
248 242 85
247 243 86
247 243 87
247 243 88
246 244 89
246 243 90
245 243 91
245 243 92
246 243 93
246 243 94
245 243 95
246 243 96
246 243 97
246 243 98
246 243 99
246 243 100
246 242 101
246 242 102
246 241 103
245 241 104
245 240 105
245 240 106
245 239 107
245 239 108
245 238 109
244 239 110
244 238 111
244 238 112
244 238 113
243 238 114
243 238 115
243 237 116
242 238 117
243 237 118
243 237 119
242 238 120
242 237 121
242 237 122
241 238 123
241 237 124
241 237 125
241 237 126
240 237 127
240 236 128
241 236 129
241 235 130
241 235 131
241 235 132
241 235 133
241 235 134
241 235 135
241 235 136
241 235 137
241 234 138
241 233 138
240 232 139
240 231 140
239 231 141
238 230 142
238 229 143
238 228 144
238 227 145
238 226 146
238 225 147
238 224 148
238 223 149
238 222 150
237 221 151
236 220 152
235 221 153
235 221 154
236 222 155
237 221 156
237 220 157
236 220 158
236 220 159
236 219 160
237 219 161
236 219 162
235 219 163
235 218 164
235 217 165
235 216 166
234 216 167
234 216 168
233 215 169
232 215 170
232 214 171
232 213 172
231 212 173
231 212 174
231 211 175
232 210 176
231 209 177
231 208 178
230 207 179
230 206 180
230 205 181
229 204 182
228 203 183
228 202 184
228 201 185
227 201 186
228 200 187
227 200 188
227 199 189
226 199 190
226 198 191
225 197 192
224 198 192
223 198 192
222 198 192
221 198 192
220 198 192
219 197 193
218 197 193
217 196 194
217 195 194
217 194 195
216 193 196
216 192 197
166
252 251 24
252 250 25
252 250 26
251 250 27
251 250 28
251 250 29
251 249 30
251 249 31
251 249 32
251 249 33
251 249 34
251 249 35
251 249 36
251 249 37
251 249 38
251 249 39
251 249 40
250 248 41
250 247 42
250 247 43
250 247 44
250 247 45
250 247 46
250 247 47
250 248 48
249 247 49
249 246 50
249 246 51
249 245 52
249 246 53
249 246 54
249 246 55
250 245 56
249 246 57
249 246 58
249 246 59
249 246 60
249 245 61
248 245 62
247 246 63
246 246 64
246 245 65
245 245 66
245 245 67
244 245 68
244 245 69
244 244 70
244 243 71
245 243 72
246 243 73
247 243 74
248 243 75
248 243 76
248 243 77
247 242 78
247 241 78
247 240 78
247 239 79
247 238 80
247 237 81
246 237 82
245 237 83
246 236 84
246 235 85
246 235 86
245 234 87
245 233 88
244 233 89
244 232 90
243 232 91
243 231 92
242 231 93
242 230 94
242 229 95
242 229 96
241 228 97
241 227 98
241 226 99
241 226 100
241 225 101
240 224 102
240 223 103
239 223 104
239 222 105
239 221 106
239 220 107
238 220 108
238 219 109
238 218 110
238 218 111
238 218 112
237 217 113
237 216 114
236 215 115
236 215 116
236 214 117
235 213 117
235 212 118
235 211 119
235 211 120
234 210 121
234 210 122
234 209 123
233 208 124
232 207 125
232 206 126
231 205 126
231 204 127
231 203 128
230 202 129
230 201 129
230 200 130
230 199 131
229 198 132
229 197 133
229 196 134
228 195 135
228 194 136
227 193 137
227 192 138
226 192 139
226 191 140
225 190 141
225 189 141
225 188 142
224 187 143
223 186 144
223 185 144
223 184 145
222 183 146
221 182 147
220 181 147
219 180 148
218 179 149
218 178 149
217 177 150
217 176 150
216 175 151
215 174 152
214 173 152
214 172 153
214 171 153
214 170 154
215 169 153
214 168 154
214 167 154
213 166 154
212 165 155
212 164 155
212 163 155
211 162 156
210 161 157
209 160 157
208 159 157
207 158 157
206 157 158
205 156 158
204 156 158
203 156 159
202 155 160
201 154 161
200 153 162
199 152 162
199 151 162
198 150 163
206 150 165
163
252 251 24
252 250 25
252 250 26
251 250 27
251 250 28
251 250 29
251 249 30
251 249 31
251 249 32
251 249 33
251 249 34
251 249 35
251 249 36
251 249 37
251 249 38
251 249 39
251 249 40
250 248 41
250 247 42
250 247 43
250 247 44
250 247 45
250 247 46
250 247 47
250 248 48
249 247 49
249 246 50
249 246 51
249 245 52
249 246 53
249 246 54
249 246 55
250 245 56
249 246 57
249 246 58
249 246 59
249 246 60
249 245 61
248 245 62
247 246 63
246 246 64
246 245 65
245 245 66
245 245 67
244 245 68
244 245 69
244 244 70
244 243 71
245 243 72
246 243 73
247 243 74
248 243 75
248 243 76
248 243 77
247 242 78
247 242 79
247 243 80
247 244 81
247 244 82
247 243 83
247 243 84
248 242 85
247 243 86
247 243 87
247 243 88
246 244 89
246 243 90
245 243 91
245 243 92
246 243 93
246 243 94
245 243 95
246 243 96
246 243 97
246 243 98
246 243 99
246 243 100
246 242 101
246 242 102
246 241 103
245 241 104
245 240 105
245 240 106
245 239 107
245 239 108
245 238 109
244 239 110
244 238 111
244 238 112
244 238 113
243 238 114
243 238 115
243 237 116
242 238 117
243 237 118
243 237 119
242 238 120
242 237 121
242 237 122
241 238 123
241 237 124
241 237 125
241 237 126
240 237 127
240 236 128
241 236 129
241 235 130
241 235 131
241 235 132
241 235 133
241 235 134
241 235 135
241 235 136
241 235 137
241 234 138
241 233 138
240 232 139
240 231 140
239 231 141
238 230 142
238 229 143
238 228 144
238 227 145
238 226 146
238 225 147
238 224 148
238 223 149
238 222 150
237 221 151
236 220 152
235 221 153
235 221 154
236 222 155
237 221 156
237 220 157
236 220 158
236 220 159
236 219 160
237 219 161
236 219 162
235 219 163
235 218 164
235 217 165
235 216 166
234 216 167
234 216 168
233 215 169
232 215 170
232 214 171
232 213 172
231 212 173
231 212 174
231 211 175
232 210 176
233 211 175
234 211 175
235 211 175
236 211 175
237 210 175
238 210 174
238 210 173
238 210 172
238 210 171
163
252 251 24
252 250 25
252 250 26
251 250 27
251 250 28
251 250 29
251 249 30
251 249 31
251 249 32
251 249 33
251 249 34
251 249 35
251 249 36
251 249 37
251 249 38
251 249 39
251 249 40
250 248 41
250 247 42
250 247 43
250 247 44
250 247 45
250 247 46
250 247 47
250 248 48
249 247 49
249 246 50
249 246 51
249 245 52
249 246 53
249 246 54
249 246 55
250 245 56
249 246 57
249 246 58
249 246 59
249 246 60
249 245 61
248 245 62
249 245 63
250 246 64
250 246 65
250 246 66
250 246 67
250 246 68
250 246 69
250 247 70
250 248 71
251 248 72
252 248 73
252 248 74
251 248 75
252 249 76
252 249 77
253 249 78
252 250 79
253 250 80
253 250 81
253 250 82
253 251 83
254 250 84
254 251 85
254 251 86
254 251 87
254 252 88
255 251 89
255 252 90
255 252 91
256 252 92
255 253 93
256 253 94
256 253 95
257 253 96
256 254 97
257 254 98
257 255 99
257 255 100
258 255 101
258 255 102
258 256 103
259 255 104
259 256 105
259 256 106
259 256 107
260 256 108
260 256 109
261 257 110
261 257 111
261 258 112
261 259 113
262 259 114
262 260 115
263 260 116
263 261 117
264 261 118
264 262 119
264 262 120
265 262 121
265 262 122
265 263 123
266 262 124
266 263 125
266 264 126
267 264 127
268 264 128
268 265 129
268 266 130
268 267 131
269 267 132
270 268 133
271 269 134
272 270 135
273 271 136
274 272 137
275 272 138
276 272 139
277 273 140
278 274 141
279 275 142
280 276 143
281 277 144
282 278 145
282 279 146
283 279 147
284 279 148
285 280 149
286 281 150
287 282 151
287 283 152
288 284 153
288 285 153
289 286 154
290 287 154
291 288 154
292 289 155
293 290 155
294 291 155
295 292 156
296 293 157
297 294 157
297 295 157
298 296 157
299 297 157
299 298 158
300 299 158
301 300 158
302 301 158
302 302 159
303 303 159
304 304 159
304 305 158
305 306 158
305 307 158
306 308 158
307 309 158
307 310 158
308 311 158
308 312 158
309 313 157
310 314 156
311 315 156
311 316 155
314 322 151
162
252 251 24
252 250 25
252 250 26
251 250 27
251 250 28
251 250 29
251 249 30
251 249 31
251 249 32
251 249 33
251 249 34
251 249 35
251 249 36
251 249 37
251 249 38
251 249 39
251 249 40
250 248 41
250 247 42
250 247 43
250 247 44
250 247 45
250 247 46
250 247 47
250 248 48
249 247 49
249 246 50
249 246 51
249 245 52
249 246 53
249 246 54
249 246 55
250 245 56
249 246 57
249 246 58
249 246 59
249 246 60
249 245 61
248 245 62
249 245 63
250 246 64
250 246 65
250 246 66
250 246 67
250 246 68
250 246 69
250 247 70
250 248 71
251 248 72
252 248 73
252 248 74
251 248 75
252 249 76
252 249 77
253 249 78
252 250 79
253 250 80
253 250 81
253 250 82
253 251 83
254 250 84
254 251 85
254 251 86
254 251 87
254 252 88
255 251 89
255 252 90
255 252 91
256 252 92
255 253 93
256 253 94
256 253 95
257 253 96
256 254 97
257 254 98
257 255 99
257 255 100
258 255 101
258 255 102
258 256 103
259 255 104
259 256 105
259 256 106
259 256 107
260 256 108
260 256 109
261 257 110
261 257 111
261 258 112
261 259 113
262 259 114
262 260 115
263 260 116
263 261 117
264 261 118
264 262 119
264 262 120
265 262 121
265 262 122
265 263 123
266 262 124
266 263 125
266 264 126
267 264 127
268 264 128
268 265 129
268 266 130
268 267 131
269 267 132
270 268 133
271 269 134
272 270 135
273 271 136
274 272 137
275 272 138
276 272 139
277 273 140
278 274 141
279 275 142
280 276 143
281 277 144
282 278 145
282 279 146
283 279 147
284 279 148
285 280 149
286 281 150
287 282 151
287 283 152
288 284 153
288 285 153
289 286 154
290 287 154
291 288 154
292 289 155
293 290 155
294 291 155
295 292 156
296 293 157
297 294 157
297 295 157
298 296 157
299 297 157
299 298 158
300 299 158
301 300 158
302 301 158
302 302 159
303 303 159
304 304 159
304 305 158
305 306 158
305 307 158
306 308 158
307 309 158
307 310 158
308 311 158
308 312 158
309 313 157
310 314 156
311 315 156
311 316 155
160
252 251 24
252 250 25
252 250 26
251 250 27
251 250 28
251 250 29
251 249 30
251 249 31
251 249 32
251 249 33
251 249 34
251 249 35
251 249 36
251 249 37
251 249 38
251 249 39
251 249 40
250 248 41
250 247 42
250 247 43
250 247 44
250 247 45
250 247 46
250 247 47
250 248 48
249 247 49
249 246 50
249 246 51
249 245 52
249 246 53
249 246 54
249 246 55
250 245 56
249 246 57
249 246 58
249 246 59
249 246 60
249 245 61
248 245 62
247 246 63
246 246 64
246 245 65
245 245 66
245 245 67
244 245 68
244 245 69
244 244 70
244 243 71
245 243 72
246 243 73
247 243 74
248 243 75
248 243 76
248 243 77
247 242 78
247 242 79
247 243 80
247 244 81
247 244 82
247 243 83
247 243 84
248 242 85
247 243 86
247 243 87
247 243 88
246 244 89
246 243 90
245 243 91
245 243 92
246 243 93
246 243 94
245 243 95
246 243 96
246 243 97
246 243 98
246 243 99
246 243 100
246 242 101
246 243 102
247 244 102
247 245 103
247 246 104
248 246 105
248 246 106
248 246 107
248 246 108
248 247 109
248 247 110
247 248 111
247 248 112
248 248 113
248 248 114
248 248 115
248 249 116
248 249 117
248 249 118
248 250 119
248 250 120
249 250 121
248 251 122
248 251 123
248 251 124
249 251 125
249 251 126
249 251 127
249 251 128
249 251 129
249 252 130
249 252 131
249 252 132
248 253 133
248 254 134
249 255 135
248 256 136
247 257 137
247 257 138
248 258 139
248 258 140
247 258 141
248 257 142
248 256 143
249 256 144
250 257 145
251 257 146
251 258 147
252 258 148
252 259 149
253 259 150
252 260 151
253 260 152
253 260 153
253 260 154
253 261 155
253 261 156
254 261 157
253 262 158
253 262 159
253 262 160
253 263 161
253 263 162
254 263 163
254 263 164
253 264 165
253 264 166
253 264 167
253 264 168
253 265 169
254 265 170
254 266 171
254 266 172
254 267 173
255 267 174
255 267 175
255 268 176
255 269 177
256 270 177
256 271 178
256 272 179
256 273 180
255 273 181
158
252 251 24
252 250 25
252 250 26
251 250 27
251 250 28
251 250 29
251 249 30
251 249 31
251 249 32
251 249 33
251 249 34
251 249 35
251 249 36
251 249 37
251 249 38
251 249 39
251 249 40
250 248 41
250 247 42
250 247 43
250 247 44
250 247 45
250 247 46
250 247 47
250 248 48
249 247 49
249 246 50
249 246 51
249 245 52
249 246 53
249 246 54
249 246 55
250 245 56
249 246 57
249 246 58
249 246 59
249 246 60
249 245 61
248 245 62
247 246 63
246 246 64
246 245 65
245 245 66
245 245 67
244 245 68
244 245 69
244 244 70
244 243 71
245 243 72
246 243 73
247 243 74
248 243 75
248 243 76
248 243 77
247 242 78
247 241 78
247 240 78
247 239 79
247 238 80
247 237 81
246 237 82
245 237 83
246 236 84
246 235 85
246 235 86
245 234 87
245 233 88
244 233 89
244 232 90
243 232 91
243 231 92
242 231 93
242 230 94
242 229 95
242 229 96
241 228 97
241 227 98
241 226 99
241 226 100
241 225 101
240 224 102
240 223 103
239 223 104
239 222 105
239 221 106
239 220 107
238 220 108
238 219 109
238 218 110
238 218 111
238 218 112
237 217 113
237 216 114
236 215 115
236 215 116
236 214 117
235 213 117
235 212 118
235 211 119
235 211 120
234 210 121
234 210 122
234 209 123
233 208 124
232 207 125
232 206 126
231 205 126
231 204 127
231 203 128
230 202 129
230 201 129
230 200 130
230 199 131
229 198 132
229 197 133
229 196 134
228 195 135
228 194 136
227 193 137
227 192 138
226 192 139
226 191 140
225 190 141
225 189 141
225 188 142
224 187 143
223 186 144
223 185 144
223 184 145
222 183 146
221 182 147
220 181 147
219 180 148
218 179 149
218 178 149
217 177 150
217 176 150
216 175 151
215 174 152
214 173 152
213 173 152
212 172 152
211 173 153
210 173 154
209 172 154
208 171 155
207 170 155
206 169 156
205 169 156
204 168 156
203 167 157
202 166 158
201 165 158
200 165 158
199 165 158
198 164 158
197 163 158
196 162 159
155
252 251 24
252 250 25
252 250 26
251 250 27
251 250 28
251 250 29
251 249 30
251 249 31
251 249 32
251 249 33
251 249 34
251 249 35
251 249 36
251 249 37
251 249 38
251 249 39
251 249 40
250 248 41
250 247 42
250 247 43
250 247 44
250 247 45
250 247 46
250 247 47
250 248 48
249 247 49
249 246 50
249 246 51
249 245 52
249 246 53
249 246 54
249 246 55
250 245 56
249 246 57
249 246 58
249 246 59
249 246 60
249 245 61
248 245 62
247 246 63
246 246 64
246 245 65
245 245 66
245 245 67
244 245 68
244 245 69
244 244 70
244 243 71
245 243 72
246 243 73
247 243 74
248 243 75
248 243 76
248 243 77
247 242 78
247 242 79
247 243 80
247 244 81
247 244 82
247 243 83
247 243 84
248 242 85
247 243 86
247 243 87
247 243 88
246 244 89
246 243 90
245 243 91
245 243 92
246 243 93
246 243 94
245 243 95
246 243 96
246 243 97
246 243 98
246 243 99
246 243 100
246 242 101
246 242 102
246 241 103
245 241 104
245 240 105
245 240 106
245 239 107
245 239 108
245 238 109
244 239 110
244 238 111
244 238 112
244 238 113
243 238 114
243 238 115
243 237 116
242 238 117
243 237 118
243 237 119
242 238 120
242 237 121
242 237 122
241 238 123
241 237 124
241 237 125
241 237 126
240 237 127
240 236 128
241 236 129
241 235 130
241 235 131
241 235 132
241 235 133
241 235 134
241 235 135
241 235 136
241 235 137
241 234 138
241 235 139
241 236 140
242 237 141
242 238 142
241 238 143
241 239 144
241 239 145
241 240 146
241 240 147
240 240 148
241 241 149
240 241 150
240 241 151
240 241 152
240 241 153
240 242 154
240 242 155
239 242 156
240 243 157
239 243 158
240 244 159
240 244 160
239 244 161
240 245 162
239 245 163
239 245 164
240 245 165
241 245 165
242 246 165
243 246 165
244 247 165
245 247 165
246 246 166
247 246 167
248 246 168
248 245 169
248 245 170
248 245 171
249 245 172
249 245 173
143
252 251 24
252 250 25
252 250 26
251 250 27
251 250 28
251 250 29
251 249 30
251 249 31
251 249 32
251 249 33
251 249 34
251 249 35
251 249 36
251 249 37
251 249 38
251 249 39
251 249 40
250 248 41
250 247 42
250 247 43
250 247 44
250 247 45
250 247 46
250 247 47
250 248 48
249 247 49
249 246 50
249 246 51
249 245 52
249 246 53
249 246 54
249 246 55
250 245 56
249 246 57
249 246 58
249 246 59
249 246 60
249 245 61
248 245 62
247 246 63
246 246 64
246 245 65
245 245 66
245 245 67
244 245 68
244 245 69
244 244 70
244 243 71
245 243 72
246 243 73
247 243 74
248 243 75
248 243 76
248 243 77
247 242 78
247 242 79
247 243 80
247 244 81
247 244 82
247 243 83
247 243 84
248 242 85
247 243 86
247 243 87
247 243 88
246 244 89
246 243 90
245 243 91
245 243 92
246 243 93
246 243 94
245 243 95
246 243 96
246 243 97
246 243 98
246 243 99
246 243 100
246 242 101
246 242 102
246 241 103
245 241 104
245 240 105
245 240 106
245 239 107
245 239 108
245 238 109
244 239 110
244 238 111
244 238 112
244 238 113
243 238 114
243 238 115
243 237 116
242 238 117
243 237 118
243 237 119
242 238 120
242 237 121
242 237 122
241 238 123
241 237 124
241 237 125
241 237 126
240 237 127
240 236 128
241 236 129
241 235 130
241 235 131
241 235 132
241 235 133
241 235 134
241 235 135
241 235 136
241 235 137
241 234 138
241 233 138
240 232 139
240 231 140
239 231 141
238 230 142
238 229 143
238 228 144
238 227 145
238 226 146
238 225 147
238 224 148
238 223 149
238 222 150
237 221 151
236 220 152
235 221 153
235 221 154
236 222 155
237 221 156
237 220 157
236 220 158
236 220 159
236 219 160
237 219 161
238 219 161
239 219 161
240 219 161
241 219 161
142
252 251 24
252 250 25
252 250 26
251 250 27
251 250 28
251 250 29
251 249 30
251 249 31
251 249 32
251 249 33
251 249 34
251 249 35
251 249 36
251 249 37
251 249 38
251 249 39
251 249 40
250 248 41
250 247 42
250 247 43
250 247 44
250 247 45
250 247 46
250 247 47
250 248 48
249 247 49
249 246 50
249 246 51
249 245 52
249 246 53
249 246 54
249 246 55
250 245 56
249 246 57
249 246 58
249 246 59
249 246 60
249 245 61
248 245 62
247 246 63
246 246 64
246 245 65
245 245 66
245 245 67
244 245 68
244 245 69
244 244 70
244 243 71
245 243 72
246 243 73
247 243 74
248 243 75
248 243 76
248 243 77
247 242 78
247 242 79
247 243 80
247 244 81
247 244 82
247 243 83
247 243 84
248 242 85
247 243 86
247 243 87
247 243 88
246 244 89
246 243 90
245 243 91
245 243 92
246 243 93
246 243 94
245 243 95
246 243 96
246 243 97
246 243 98
246 243 99
246 243 100
246 242 101
246 242 102
246 241 103
245 241 104
245 240 105
245 240 106
245 239 107
245 239 108
245 238 109
244 239 110
244 238 111
244 238 112
244 238 113
243 238 114
243 238 115
243 237 116
242 238 117
243 237 118
243 237 119
242 238 120
242 237 121
242 237 122
241 238 123
241 237 124
241 237 125
241 237 126
240 237 127
240 236 128
241 236 129
241 235 130
241 235 131
241 235 132
241 235 133
241 235 134
241 235 135
241 235 136
241 235 137
241 234 138
241 233 138
240 232 139
240 231 140
239 231 141
238 230 142
238 229 143
238 228 144
238 227 145
238 226 146
238 225 147
238 224 148
238 223 149
238 222 150
237 221 151
236 220 152
237 221 153
238 220 154
239 221 155
240 221 156
241 221 157
242 221 158
242 222 159
242 222 160
243 221 161
243 221 162
243 220 163
243 220 164
142
252 251 24
252 250 25
252 250 26
251 250 27
251 250 28
251 250 29
251 249 30
251 249 31
251 249 32
251 249 33
251 249 34
251 249 35
251 249 36
251 249 37
251 249 38
251 249 39
251 249 40
250 248 41
250 247 42
250 247 43
250 247 44
250 247 45
250 247 46
250 247 47
250 248 48
249 247 49
249 246 50
249 246 51
249 245 52
249 246 53
249 246 54
249 246 55
250 245 56
249 246 57
249 246 58
249 246 59
249 246 60
249 245 61
248 245 62
247 246 63
246 246 64
246 245 65
245 245 66
245 245 67
244 245 68
244 245 69
244 244 70
244 243 71
245 243 72
246 243 73
247 243 74
248 243 75
248 243 76
248 243 77
247 242 78
247 242 79
247 243 80
247 244 81
247 244 82
247 243 83
247 243 84
248 242 85
247 243 86
247 243 87
247 243 88
246 244 89
246 243 90
245 243 91
245 243 92
246 243 93
246 243 94
245 243 95
246 243 96
246 243 97
246 243 98
246 243 99
246 243 100
246 242 101
246 242 102
246 241 103
245 241 104
245 240 105
245 240 106
245 239 107
245 239 108
245 238 109
244 239 110
244 238 111
244 238 112
244 238 113
243 238 114
243 238 115
243 237 116
242 238 117
243 237 118
243 237 119
242 238 120
242 237 121
242 237 122
241 238 123
241 237 124
241 237 125
241 237 126
240 237 127
240 236 128
241 236 129
241 235 130
241 235 131
241 235 132
241 235 133
241 235 134
241 235 135
241 235 136
241 235 137
241 234 138
241 233 138
240 232 139
240 231 140
239 231 141
238 230 142
238 229 143
238 228 144
238 227 145
238 226 146
238 225 147
238 224 148
238 223 149
238 222 150
237 221 151
236 220 152
237 221 153
238 220 154
239 221 155
240 221 156
241 221 157
242 221 158
242 222 159
242 222 160
243 221 161
243 221 162
243 220 163
242 219 162
139
252 251 24
252 250 25
252 250 26
251 250 27
251 250 28
251 250 29
251 249 30
251 249 31
251 249 32
251 249 33
251 249 34
251 249 35
251 249 36
251 249 37
251 249 38
251 249 39
251 249 40
250 248 41
250 247 42
250 247 43
250 247 44
250 247 45
250 247 46
250 247 47
250 248 48
249 247 49
249 246 50
249 246 51
249 245 52
249 246 53
249 246 54
249 246 55
250 245 56
249 246 57
249 246 58
249 246 59
249 246 60
249 245 61
248 245 62
247 246 63
246 246 64
246 245 65
245 245 66
245 245 67
244 245 68
244 245 69
244 244 70
244 243 71
245 243 72
246 243 73
247 243 74
248 243 75
248 243 76
248 243 77
247 242 78
247 242 79
247 243 80
247 244 81
247 244 82
247 243 83
247 243 84
248 242 85
247 243 86
247 243 87
247 243 88
246 244 89
246 243 90
245 243 91
245 243 92
246 243 93
246 243 94
245 243 95
246 243 96
246 243 97
246 243 98
246 243 99
246 243 100
246 242 101
246 242 102
246 241 103
245 241 104
245 240 105
245 240 106
245 239 107
245 239 108
245 238 109
244 239 110
244 238 111
244 238 112
244 238 113
243 238 114
243 238 115
243 237 116
242 238 117
243 237 118
243 237 119
242 238 120
242 237 121
242 237 122
241 238 123
241 237 124
241 237 125
241 237 126
240 237 127
240 236 128
241 236 129
241 235 130
241 235 131
241 235 132
241 235 133
241 235 134
241 235 135
241 235 136
241 235 137
241 234 138
241 235 139
241 236 140
242 237 141
242 238 142
241 238 143
241 239 144
241 239 145
241 240 146
241 240 147
240 240 148
241 241 149
240 241 150
240 241 151
240 241 152
240 241 153
240 242 154
240 242 155
239 242 156
240 243 157
239 243 158
240 244 159
240 244 160
239 244 161
238 252 161
132
252 251 24
252 250 25
252 250 26
251 250 27
251 250 28
251 250 29
251 249 30
251 249 31
251 249 32
251 249 33
251 249 34
251 249 35
251 249 36
251 249 37
251 249 38
251 249 39
251 249 40
250 248 41
250 247 42
250 247 43
250 247 44
250 247 45
250 247 46
250 247 47
250 248 48
249 247 49
249 246 50
249 246 51
249 245 52
249 246 53
249 246 54
249 246 55
250 245 56
249 246 57
249 246 58
249 246 59
249 246 60
249 245 61
248 245 62
247 246 63
246 246 64
246 245 65
245 245 66
245 245 67
244 245 68
244 245 69
244 244 70
244 243 71
245 243 72
246 243 73
247 243 74
248 243 75
248 243 76
248 243 77
247 242 78
247 242 79
247 243 80
247 244 81
247 244 82
247 243 83
247 243 84
248 242 85
247 243 86
247 243 87
247 243 88
246 244 89
246 243 90
245 243 91
245 243 92
246 243 93
246 243 94
245 243 95
246 243 96
246 243 97
246 243 98
246 243 99
246 243 100
246 242 101
246 242 102
246 241 103
245 241 104
245 240 105
245 240 106
245 239 107
245 239 108
245 238 109
244 239 110
244 238 111
244 238 112
244 238 113
243 238 114
243 238 115
243 237 116
242 238 117
243 237 118
243 237 119
242 238 120
242 237 121
242 237 122
241 238 123
241 237 124
241 237 125
241 237 126
240 237 127
240 236 128
241 236 129
241 235 130
241 235 131
241 235 132
241 235 133
241 235 134
241 235 135
241 235 136
241 235 137
241 234 138
241 235 139
241 236 140
242 237 141
243 237 142
244 236 143
244 235 144
245 235 145
245 234 146
245 234 147
245 234 148
245 233 149
246 233 150
245 233 151
245 233 152
245 233 153
246 233 154
246 233 155
129
252 251 24
252 250 25
252 250 26
251 250 27
251 250 28
251 250 29
251 249 30
251 249 31
251 249 32
251 249 33
251 249 34
251 249 35
251 249 36
251 249 37
251 249 38
251 249 39
251 249 40
250 248 41
250 247 42
250 247 43
250 247 44
250 247 45
250 247 46
250 247 47
250 248 48
249 247 49
249 246 50
249 246 51
249 245 52
249 246 53
249 246 54
249 246 55
250 245 56
249 246 57
249 246 58
249 246 59
249 246 60
249 245 61
248 245 62
247 246 63
246 246 64
246 245 65
245 245 66
245 245 67
244 245 68
244 245 69
244 244 70
244 243 71
245 243 72
246 243 73
247 243 74
248 243 75
248 243 76
248 243 77
247 242 78
247 242 79
247 243 80
247 244 81
247 244 82
247 243 83
247 243 84
248 242 85
247 243 86
247 243 87
247 243 88
246 244 89
246 243 90
245 243 91
245 243 92
246 243 93
246 243 94
245 243 95
246 243 96
246 243 97
246 243 98
246 243 99
246 243 100
246 242 101
246 242 102
246 241 103
245 241 104
245 240 105
245 240 106
245 239 107
245 239 108
245 238 109
244 239 110
244 238 111
244 238 112
244 238 113
243 238 114
243 238 115
243 237 116
242 238 117
243 237 118
243 237 119
242 238 120
242 237 121
242 237 122
241 238 123
241 237 124
241 237 125
241 237 126
240 238 127
240 239 127
240 240 127
239 241 127
238 241 128
238 242 129
238 242 130
238 242 131
238 242 132
238 243 133
238 243 134
237 243 135
238 243 136
238 243 137
238 244 138
238 244 139
237 244 140
237 244 141
236 244 142
236 244 143
236 245 144
236 245 145
236 245 146
236 246 147
236 247 148
235 247 149
122
252 251 24
252 250 25
252 250 26
251 250 27
251 250 28
251 250 29
251 249 30
251 249 31
251 249 32
251 249 33
251 249 34
251 249 35
251 249 36
251 249 37
251 249 38
251 249 39
251 249 40
250 248 41
250 247 42
250 247 43
250 247 44
250 247 45
250 247 46
250 247 47
250 248 48
249 247 49
249 246 50
249 246 51
249 245 52
249 246 53
249 246 54
249 246 55
250 245 56
249 246 57
249 246 58
249 246 59
249 246 60
249 245 61
248 245 62
247 246 63
246 246 64
246 245 65
245 245 66
245 245 67
244 245 68
244 245 69
244 244 70
244 243 71
245 243 72
246 243 73
247 243 74
248 243 75
248 243 76
248 243 77
247 242 78
247 242 79
247 243 80
247 244 81
247 244 82
247 243 83
247 243 84
248 242 85
247 243 86
247 243 87
247 243 88
246 244 89
246 243 90
245 243 91
245 243 92
246 243 93
246 243 94
245 243 95
246 243 96
246 243 97
246 243 98
246 243 99
246 243 100
246 242 101
246 243 102
247 244 102
247 245 103
247 246 104
248 246 105
248 246 106
248 246 107
248 246 108
248 247 109
248 247 110
247 248 111
247 248 112
248 248 113
248 248 114
248 248 115
248 249 116
248 249 117
248 249 118
248 250 119
248 250 120
249 250 121
248 251 122
248 251 123
248 251 124
249 251 125
249 251 126
249 251 127
249 251 128
249 251 129
249 252 130
249 252 131
249 252 132
248 253 133
248 254 134
249 255 135
248 256 136
247 257 137
247 257 138
248 258 139
248 258 140
247 258 141
246 257 141
246 256 141
247 255 142
121
252 251 24
252 250 25
252 250 26
251 250 27
251 250 28
251 250 29
251 249 30
251 249 31
251 249 32
251 249 33
251 249 34
251 249 35
251 249 36
251 249 37
251 249 38
251 249 39
251 249 40
250 248 41
250 247 42
250 247 43
250 247 44
250 247 45
250 247 46
250 247 47
250 248 48
249 247 49
249 246 50
249 246 51
249 245 52
249 246 53
249 246 54
249 246 55
250 245 56
249 246 57
249 246 58
249 246 59
249 246 60
249 245 61
248 245 62
247 246 63
246 246 64
246 245 65
245 245 66
245 245 67
244 245 68
244 245 69
244 244 70
244 243 71
245 243 72
246 243 73
247 243 74
248 243 75
248 243 76
248 243 77
247 242 78
247 242 79
247 243 80
247 244 81
247 244 82
247 243 83
247 243 84
248 242 85
247 243 86
247 243 87
247 243 88
246 244 89
246 243 90
245 243 91
245 243 92
246 243 93
246 243 94
245 243 95
246 243 96
246 243 97
246 243 98
246 243 99
246 243 100
246 242 101
246 243 102
247 244 102
247 245 103
247 246 104
248 246 105
248 246 106
248 246 107
248 246 108
248 247 109
248 247 110
247 248 111
247 248 112
248 248 113
248 248 114
248 248 115
248 249 116
248 249 117
248 249 118
248 250 119
248 250 120
249 250 121
248 251 122
248 251 123
248 251 124
249 251 125
249 251 126
249 251 127
249 251 128
249 251 129
249 252 130
249 252 131
249 252 132
248 253 133
248 253 134
249 253 135
250 252 136
250 253 137
250 253 138
250 253 139
250 254 140
251 254 141
250 255 142
250 255 143
120
252 251 24
252 250 25
252 250 26
251 250 27
251 250 28
251 250 29
251 249 30
251 249 31
251 249 32
251 249 33
251 249 34
251 249 35
251 249 36
251 249 37
251 249 38
251 249 39
251 249 40
250 248 41
250 247 42
250 247 43
250 247 44
250 247 45
250 247 46
250 247 47
250 248 48
249 247 49
249 246 50
249 246 51
249 245 52
249 244 52
248 243 53
248 242 54
247 241 55
247 240 56
246 240 57
246 239 58
246 238 59
245 237 60
245 236 61
244 236 62
244 235 63
244 234 64
243 234 65
243 233 66
243 232 67
242 231 68
242 231 69
241 230 70
241 229 71
240 228 72
240 227 73
239 226 74
239 225 75
239 224 76
238 224 77
238 223 78
238 222 79
237 221 80
236 220 81
235 219 82
235 218 83
234 217 84
234 216 84
233 215 85
234 214 85
233 213 86
232 212 87
231 211 88
231 210 89
230 209 89
230 208 90
229 207 91
229 206 91
228 205 92
227 204 92
227 203 92
226 202 93
226 201 93
225 200 93
224 199 94
223 198 94
222 197 95
222 196 96
221 195 96
220 194 96
219 193 96
218 192 96
219 191 96
218 190 97
218 189 97
217 188 97
216 187 97
216 186 98
215 185 98
214 184 98
213 183 98
213 182 98
212 181 97
211 180 97
211 179 97
211 178 97
210 177 97
209 176 97
209 175 96
208 174 96
208 173 96
207 172 96
206 171 96
205 170 96
205 169 95
204 168 95
204 167 95
203 166 94
202 165 94
201 164 93
200 163 92
199 162 92
198 161 91
197 161 91
196 160 90
120
252 251 24
252 250 25
252 250 26
251 250 27
251 250 28
251 250 29
251 249 30
251 249 31
251 249 32
251 249 33
251 249 34
251 249 35
251 249 36
251 249 37
251 249 38
251 249 39
251 249 40
250 248 41
250 247 42
250 247 43
250 247 44
250 247 45
250 247 46
250 247 47
250 248 48
249 247 49
249 246 50
249 246 51
249 245 52
249 244 52
248 243 53
248 242 54
247 241 55
247 240 56
246 240 57
246 239 58
246 238 59
245 237 60
245 236 61
244 236 62
244 235 63
244 234 64
243 234 65
243 233 66
243 232 67
242 231 68
242 231 69
241 230 70
241 229 71
240 228 72
240 227 73
239 226 74
239 225 75
239 224 76
238 224 77
238 223 78
238 222 79
237 221 80
236 220 81
235 219 82
235 218 83
234 217 84
234 216 84
233 215 85
234 214 85
233 213 86
232 212 87
231 211 88
231 210 89
230 209 89
230 208 90
229 207 91
229 206 91
228 205 92
227 204 92
227 203 92
226 202 93
226 201 93
225 200 93
224 199 94
223 198 94
222 197 95
222 196 96
221 195 96
220 194 96
219 193 96
218 192 96
219 191 96
218 190 97
218 189 97
217 188 97
216 187 97
216 186 98
215 185 98
214 184 98
213 183 98
213 182 98
212 181 97
211 180 97
211 179 97
211 178 97
210 177 97
209 176 97
209 175 96
208 174 96
208 173 96
207 172 96
206 171 96
205 170 96
205 169 95
204 168 95
204 167 95
203 166 94
202 165 94
201 164 93
200 163 92
199 162 92
198 161 91
198 160 91
197 159 90
118
252 251 24
252 250 25
252 250 26
251 250 27
251 250 28
251 250 29
251 249 30
251 249 31
251 249 32
251 249 33
251 249 34
251 249 35
251 249 36
251 249 37
251 249 38
251 249 39
251 249 40
250 248 41
250 247 42
250 247 43
250 247 44
250 247 45
250 247 46
250 247 47
250 248 48
249 247 49
249 246 50
249 246 51
249 245 52
249 246 53
249 246 54
249 246 55
250 245 56
249 246 57
249 246 58
249 246 59
249 246 60
249 245 61
248 245 62
247 246 63
246 246 64
246 245 65
245 245 66
245 245 67
244 245 68
244 245 69
244 244 70
244 243 71
245 243 72
246 243 73
247 243 74
248 243 75
248 243 76
248 243 77
247 242 78
247 242 79
247 243 80
247 244 81
247 244 82
247 243 83
247 243 84
248 242 85
247 243 86
247 243 87
247 243 88
246 244 89
246 243 90
245 243 91
245 243 92
246 243 93
246 243 94
245 243 95
246 243 96
246 243 97
246 243 98
246 243 99
246 243 100
246 242 101
246 242 102
246 241 103
245 241 104
245 240 105
245 240 106
245 239 107
245 239 108
245 238 109
244 239 110
244 238 111
244 238 112
244 238 113
243 238 114
243 238 115
243 237 116
242 238 117
243 237 118
243 237 119
242 238 120
242 237 121
242 237 122
241 238 123
241 237 124
241 237 125
241 237 126
240 237 127
240 236 128
239 236 129
238 237 129
237 237 130
236 237 131
235 237 132
234 236 133
233 236 134
232 236 135
232 235 136
232 235 137
231 235 138
231 234 139
231 233 140
95
252 251 24
252 250 25
252 250 26
251 250 27
251 250 28
251 250 29
251 249 30
251 249 31
251 249 32
251 249 33
251 249 34
251 249 35
251 249 36
251 249 37
251 249 38
251 249 39
251 249 40
250 248 41
250 247 42
250 247 43
250 247 44
250 247 45
250 247 46
250 247 47
250 248 48
249 247 49
249 246 50
249 246 51
249 245 52
249 246 53
249 246 54
249 246 55
250 245 56
249 246 57
249 246 58
249 246 59
249 246 60
249 245 61
248 245 62
247 246 63
246 246 64
246 245 65
245 245 66
245 245 67
244 245 68
244 245 69
244 244 70
244 243 71
245 243 72
246 243 73
247 243 74
248 243 75
248 243 76
248 243 77
247 242 78
247 242 79
247 243 80
247 244 81
247 244 82
247 243 83
247 243 84
248 242 85
247 243 86
247 243 87
247 243 88
246 244 89
246 243 90
245 243 91
245 243 92
246 243 93
246 243 94
245 243 95
246 243 96
246 243 97
246 243 98
246 243 99
246 243 100
246 242 101
246 242 102
246 241 103
245 241 104
245 240 105
245 240 106
245 239 107
245 239 108
246 239 109
247 239 109
248 240 110
248 241 111
248 242 112
249 241 113
249 241 114
250 240 115
250 240 116
251 240 117
95
252 251 24
252 250 25
252 250 26
251 250 27
251 250 28
251 250 29
251 249 30
251 249 31
251 249 32
251 249 33
251 249 34
251 249 35
251 249 36
251 249 37
251 249 38
251 249 39
251 249 40
250 248 41
250 247 42
250 247 43
250 247 44
250 247 45
250 247 46
250 247 47
250 248 48
249 247 49
249 246 50
249 246 51
249 245 52
249 244 52
248 243 53
248 242 54
247 241 55
247 240 56
246 240 57
246 239 58
246 238 59
245 237 60
245 236 61
244 236 62
244 235 63
244 234 64
243 234 65
243 233 66
243 232 67
242 231 68
242 231 69
241 230 70
241 229 71
240 228 72
240 227 73
239 226 74
239 225 75
239 224 76
238 224 77
238 223 78
238 222 79
237 221 80
236 220 81
235 219 82
235 218 83
234 217 84
234 216 84
233 215 85
234 214 85
233 213 86
232 212 87
231 211 88
231 210 89
230 209 89
230 208 90
229 207 91
229 206 91
228 205 92
227 204 92
227 203 92
226 202 93
226 201 93
225 200 93
224 199 94
223 198 94
222 197 95
222 196 96
221 195 96
220 194 96
219 193 96
218 192 96
217 193 97
216 192 97
215 192 97
214 193 97
213 193 97
212 192 97
211 191 97
210 190 97
84
252 251 24
252 250 25
252 250 26
251 250 27
251 250 28
251 250 29
251 249 30
251 249 31
251 249 32
251 249 33
251 249 34
251 249 35
251 249 36
251 249 37
251 249 38
251 249 39
251 249 40
250 248 41
250 247 42
250 247 43
250 247 44
250 247 45
250 247 46
250 247 47
250 248 48
249 247 49
249 246 50
249 246 51
249 245 52
249 244 52
248 243 53
248 242 54
247 241 55
247 240 56
246 240 57
246 239 58
246 238 59
245 237 60
245 236 61
244 236 62
244 235 63
244 234 64
243 234 65
243 233 66
243 232 67
242 231 68
242 231 69
241 230 70
241 229 71
240 228 72
240 227 73
239 226 74
239 225 75
239 224 76
238 224 77
238 223 78
238 222 79
237 221 80
236 220 81
235 219 82
235 218 83
234 217 84
234 216 84
233 215 85
234 214 85
233 213 86
232 212 87
231 211 88
231 210 89
230 209 89
230 208 90
229 207 91
229 206 91
228 205 92
227 204 92
227 203 92
226 202 93
226 201 93
225 200 93
224 199 94
223 198 94
222 199 94
222 200 94
222 201 94
76
252 251 24
252 250 25
252 250 26
251 250 27
251 250 28
251 250 29
251 249 30
251 249 31
251 249 32
251 249 33
251 249 34
251 249 35
251 249 36
251 249 37
251 249 38
251 249 39
251 249 40
250 248 41
250 247 42
250 247 43
250 247 44
250 247 45
250 247 46
250 247 47
250 248 48
249 247 49
249 246 50
249 246 51
249 245 52
249 246 53
249 246 54
249 246 55
250 245 56
249 246 57
249 246 58
249 246 59
249 246 60
249 245 61
248 245 62
247 246 63
246 246 64
246 245 65
245 245 66
245 245 67
244 245 68
244 245 69
244 244 70
244 243 71
245 243 72
246 243 73
247 243 74
248 243 75
248 243 76
248 243 77
247 242 78
247 242 79
247 243 80
247 244 81
247 244 82
247 243 83
247 243 84
248 242 85
247 243 86
247 243 87
247 243 88
246 244 89
246 243 90
245 243 91
244 243 91
243 243 92
242 242 91
241 241 91
240 241 92
241 240 93
240 241 94
238 239 98
76
252 251 24
252 250 25
252 250 26
251 250 27
251 250 28
251 250 29
251 249 30
251 249 31
251 249 32
251 249 33
251 249 34
251 249 35
251 249 36
251 249 37
251 249 38
251 249 39
251 249 40
250 248 41
250 247 42
250 247 43
250 247 44
250 247 45
250 247 46
250 247 47
250 248 48
249 247 49
249 246 50
249 246 51
249 245 52
249 246 53
249 246 54
249 246 55
250 245 56
249 246 57
249 246 58
249 246 59
249 246 60
249 245 61
248 245 62
247 246 63
246 246 64
246 245 65
245 245 66
245 245 67
244 245 68
244 245 69
244 244 70
244 243 71
245 243 72
246 243 73
247 243 74
248 243 75
248 243 76
248 243 77
247 242 78
247 242 79
247 243 80
247 244 81
247 244 82
247 243 83
247 243 84
248 242 85
247 243 86
247 243 87
247 243 88
246 244 89
246 243 90
245 243 91
244 243 91
243 243 92
242 242 91
241 241 91
240 241 92
241 240 93
240 241 94
241 242 95
74
252 251 24
252 250 25
252 250 26
251 250 27
251 250 28
251 250 29
251 249 30
251 249 31
251 249 32
251 249 33
251 249 34
251 249 35
251 249 36
251 249 37
251 249 38
251 249 39
251 249 40
250 248 41
250 247 42
250 247 43
250 247 44
250 247 45
250 247 46
250 247 47
250 248 48
249 247 49
249 246 50
249 246 51
249 245 52
249 246 53
249 246 54
249 246 55
250 245 56
249 246 57
249 246 58
249 246 59
249 246 60
249 245 61
248 245 62
247 246 63
246 246 64
246 245 65
245 245 66
245 245 67
244 245 68
244 245 69
244 244 70
244 243 71
245 243 72
246 243 73
247 243 74
248 243 75
248 243 76
248 243 77
247 242 78
247 242 79
247 243 80
247 244 81
247 244 82
247 243 83
247 243 84
248 242 85
247 243 86
247 243 87
247 243 88
246 244 89
246 243 90
245 243 91
245 243 92
246 243 93
246 243 94
245 243 95
244 243 95
243 242 95
68
252 251 24
252 250 25
252 250 26
251 250 27
251 250 28
251 250 29
251 249 30
251 249 31
251 249 32
251 249 33
251 249 34
251 249 35
251 249 36
251 249 37
251 249 38
251 249 39
251 249 40
250 248 41
250 247 42
250 247 43
250 247 44
250 247 45
250 247 46
250 247 47
250 248 48
249 247 49
249 246 50
249 246 51
249 245 52
249 246 53
249 246 54
249 246 55
250 245 56
249 246 57
249 246 58
249 246 59
249 246 60
249 245 61
248 245 62
247 246 63
246 246 64
246 245 65
245 245 66
245 245 67
244 245 68
244 245 69
244 244 70
244 243 71
245 243 72
246 243 73
247 243 74
248 243 75
248 243 76
248 243 77
247 242 78
247 242 79
247 243 80
247 244 81
247 244 82
247 243 83
247 243 84
248 242 85
247 243 86
247 243 87
247 242 88
248 241 87
249 240 87
250 239 87
65
252 251 24
252 250 25
252 250 26
251 250 27
251 250 28
251 250 29
251 249 30
251 249 31
251 249 32
251 249 33
251 249 34
251 249 35
251 249 36
251 249 37
251 249 38
251 249 39
251 249 40
250 248 41
250 247 42
250 247 43
250 247 44
250 247 45
250 247 46
250 247 47
250 248 48
249 247 49
249 246 50
249 246 51
249 245 52
249 246 53
249 246 54
249 246 55
250 245 56
249 246 57
249 246 58
249 246 59
249 246 60
249 245 61
248 245 62
247 246 63
246 246 64
246 245 65
245 245 66
245 245 67
244 245 68
244 245 69
244 244 70
244 243 71
245 243 72
246 243 73
247 243 74
248 243 75
248 243 76
248 243 77
247 242 78
247 241 78
247 240 78
247 239 79
247 238 80
247 237 81
246 237 82
245 237 83
244 238 83
245 239 84
246 240 85
65
252 251 24
252 250 25
252 250 26
251 250 27
251 250 28
251 250 29
251 249 30
251 249 31
251 249 32
251 249 33
251 249 34
251 249 35
251 249 36
251 249 37
251 249 38
251 249 39
251 249 40
250 248 41
250 247 42
250 247 43
250 247 44
250 247 45
250 247 46
250 247 47
250 248 48
249 247 49
249 246 50
249 246 51
249 245 52
249 246 53
249 246 54
249 246 55
250 245 56
249 246 57
249 246 58
249 246 59
249 246 60
249 245 61
248 245 62
247 246 63
246 246 64
246 245 65
245 245 66
245 245 67
244 245 68
244 245 69
244 244 70
244 243 71
245 243 72
246 243 73
247 243 74
248 243 75
248 243 76
248 243 77
247 242 78
247 242 79
247 243 80
247 244 81
247 244 82
247 243 83
247 243 84
248 242 85
247 243 86
246 242 86
246 241 86
64
252 251 24
252 250 25
252 250 26
251 250 27
251 250 28
251 250 29
251 249 30
251 249 31
251 249 32
251 249 33
251 249 34
251 249 35
251 249 36
251 249 37
251 249 38
251 249 39
251 249 40
250 248 41
250 247 42
250 247 43
250 247 44
250 247 45
250 247 46
250 247 47
250 248 48
249 247 49
249 246 50
249 246 51
249 245 52
249 246 53
249 246 54
249 246 55
250 245 56
249 246 57
249 246 58
249 246 59
249 246 60
249 245 61
248 245 62
247 246 63
246 246 64
246 245 65
245 245 66
245 245 67
244 245 68
244 245 69
244 244 70
244 243 71
245 243 72
246 243 73
247 243 74
248 243 75
248 243 76
248 243 77
247 242 78
247 241 78
247 240 78
247 239 79
247 238 80
247 237 81
246 237 82
247 237 83
248 238 84
249 239 85
63
252 251 24
252 250 25
252 250 26
251 250 27
251 250 28
251 250 29
251 249 30
251 249 31
251 249 32
251 249 33
251 249 34
251 249 35
251 249 36
251 249 37
251 249 38
251 249 39
251 249 40
250 248 41
250 247 42
250 247 43
250 247 44
250 247 45
250 247 46
250 247 47
250 248 48
249 247 49
249 246 50
249 246 51
249 245 52
249 246 53
249 246 54
249 246 55
250 245 56
249 246 57
249 246 58
249 246 59
249 246 60
249 245 61
248 245 62
247 246 63
246 246 64
246 245 65
245 245 66
245 245 67
244 245 68
244 245 69
244 244 70
244 243 71
245 243 72
246 243 73
247 243 74
248 243 75
248 243 76
248 243 77
247 242 78
247 241 78
247 240 78
247 239 79
247 238 80
248 238 81
249 237 82
250 238 83
251 239 84
54
252 251 24
252 250 25
252 250 26
251 250 27
251 250 28
251 250 29
251 249 30
251 249 31
251 249 32
251 249 33
251 249 34
251 249 35
251 249 36
251 249 37
251 249 38
251 249 39
251 249 40
250 248 41
250 247 42
250 247 43
250 247 44
250 247 45
250 247 46
250 247 47
250 248 48
249 247 49
249 246 50
249 246 51
249 245 52
249 246 53
249 246 54
249 246 55
250 245 56
249 246 57
249 246 58
249 246 59
249 246 60
249 245 61
248 245 62
247 246 63
246 246 64
246 245 65
245 245 66
245 245 67
244 245 68
244 245 69
244 244 70
244 243 71
245 243 72
246 243 73
247 243 74
248 243 75
248 243 76
242 242 76
34
252 251 24
252 250 25
252 250 26
251 250 27
251 250 28
251 250 29
251 249 30
251 249 31
251 249 32
251 249 33
251 249 34
251 249 35
251 249 36
251 249 37
251 249 38
251 249 39
251 249 40
250 248 41
250 247 42
250 247 43
250 247 44
250 247 45
250 247 46
250 247 47
250 248 48
249 247 49
249 246 50
249 246 51
249 245 52
249 244 52
248 243 53
248 242 54
249 242 55
250 243 56
34
252 251 24
252 250 25
252 250 26
251 250 27
251 250 28
251 250 29
251 249 30
251 249 31
251 249 32
251 249 33
251 249 34
251 249 35
251 249 36
251 249 37
251 249 38
251 249 39
251 249 40
250 248 41
250 247 42
250 247 43
250 247 44
250 247 45
250 247 46
250 247 47
250 248 48
249 247 49
249 246 50
249 246 51
249 245 52
249 246 53
249 246 54
249 246 55
250 245 56
250 244 56
