69
225
262 248 25
262 248 26
262 248 27
262 248 28
263 249 29
262 248 30
262 248 31
262 248 32
262 249 33
262 248 34
262 248 35
261 249 36
261 249 37
262 248 38
261 247 39
262 247 40
261 246 41
261 246 42
261 246 43
261 246 44
261 246 45
261 246 46
261 246 47
261 246 48
261 246 49
261 246 50
261 246 51
261 246 52
261 246 53
261 246 54
261 245 55
261 245 56
261 244 57
262 245 58
262 245 59
262 245 60
262 245 61
262 245 62
262 245 63
262 246 64
262 246 65
263 246 66
262 247 67
261 247 68
261 246 69
261 245 70
262 245 71
263 245 72
264 245 73
263 244 74
262 244 75
262 244 76
262 245 77
261 245 78
261 246 79
262 246 80
263 245 81
263 245 82
264 244 83
263 245 84
263 244 85
263 244 86
264 244 87
264 243 88
264 243 89
263 244 90
263 244 91
262 244 92
262 244 93
261 243 94
260 244 95
260 245 96
260 245 97
261 246 98
262 246 99
261 246 100
260 246 101
260 246 102
261 246 103
261 247 104
260 247 105
260 247 106
261 247 107
260 247 108
259 248 109
258 248 110
257 248 111
256 247 112
257 247 113
256 248 114
256 249 115
256 250 116
256 249 117
257 248 118
257 249 119
258 250 120
259 251 121
258 252 122
257 251 123
256 251 124
255 251 125
254 252 126
254 252 127
255 251 128
254 250 129
253 250 130
254 249 131
255 250 132
256 249 133
257 250 134
258 251 135
259 251 136
260 250 137
261 250 138
261 249 139
261 249 140
261 249 141
260 250 142
259 249 143
258 249 144
257 249 145
257 248 146
257 247 147
257 246 148
256 245 149
256 244 150
256 243 151
257 243 152
257 242 153
257 241 154
257 241 155
256 242 156
257 241 157
257 241 158
258 240 159
258 240 160
258 240 161
258 240 162
258 240 163
258 239 164
259 238 165
259 238 166
258 239 167
258 239 168
258 239 169
258 239 170
258 239 171
259 238 172
259 238 173
259 238 174
258 239 175
258 239 176
259 238 177
259 238 178
259 238 179
258 238 180
258 238 181
258 238 182
258 238 183
258 238 184
258 238 185
258 238 186
259 237 187
258 237 188
258 237 189
258 237 190
259 236 191
258 237 192
259 236 193
259 236 194
259 236 195
258 237 196
258 236 197
258 236 198
258 236 199
258 236 200
258 236 201
258 236 202
258 236 203
257 236 204
257 236 205
257 235 206
257 235 207
257 235 208
257 234 209
257 234 210
256 235 211
256 235 212
257 234 213
257 234 214
257 233 215
256 234 216
257 233 217
256 234 218
256 234 219
257 233 220
257 233 221
257 233 222
257 233 223
257 234 224
256 234 225
256 234 226
256 234 227
256 234 228
256 234 229
256 234 230
256 234 231
256 234 232
256 234 233
256 235 234
256 235 235
256 236 236
256 236 237
255 236 238
255 236 239
256 237 240
255 237 241
256 237 242
256 237 243
255 237 244
254 237 245
254 236 246
254 236 247
255 235 248
256 237 251
224
262 248 25
262 248 26
262 248 27
262 248 28
263 249 29
262 248 30
262 248 31
262 248 32
262 249 33
262 248 34
262 248 35
261 249 36
261 249 37
262 248 38
261 247 39
262 247 40
261 246 41
261 246 42
261 246 43
261 246 44
261 246 45
261 246 46
261 246 47
261 246 48
261 246 49
261 246 50
261 246 51
261 246 52
261 246 53
261 246 54
261 245 55
261 245 56
261 244 57
262 245 58
262 245 59
262 245 60
262 245 61
262 245 62
262 245 63
262 246 64
262 246 65
263 246 66
262 247 67
261 247 68
261 246 69
261 245 70
262 245 71
263 245 72
264 245 73
263 244 74
262 244 75
262 244 76
262 245 77
261 245 78
261 246 79
262 246 80
263 245 81
263 245 82
264 244 83
263 245 84
263 244 85
263 244 86
264 244 87
264 243 88
264 243 89
263 244 90
263 244 91
262 244 92
262 244 93
261 243 94
260 244 95
260 245 96
260 245 97
261 246 98
262 246 99
261 246 100
260 246 101
260 246 102
261 246 103
261 247 104
260 247 105
260 247 106
261 247 107
260 247 108
259 248 109
258 248 110
257 248 111
256 247 112
257 247 113
256 248 114
256 249 115
256 250 116
256 249 117
257 248 118
257 249 119
258 250 120
259 251 121
258 252 122
257 251 123
256 251 124
255 251 125
254 252 126
254 252 127
255 251 128
254 250 129
253 250 130
254 249 131
255 250 132
256 249 133
257 250 134
258 251 135
259 251 136
260 250 137
261 250 138
261 249 139
261 249 140
261 249 141
260 250 142
259 249 143
258 249 144
257 249 145
257 248 146
257 247 147
257 246 148
256 245 149
256 244 150
256 243 151
257 243 152
257 242 153
257 241 154
257 241 155
256 242 156
257 241 157
257 241 158
258 240 159
258 240 160
258 240 161
258 240 162
258 240 163
258 239 164
259 238 165
259 238 166
258 239 167
258 239 168
258 239 169
258 239 170
258 239 171
259 238 172
259 238 173
259 238 174
258 239 175
258 239 176
259 238 177
259 238 178
259 238 179
258 238 180
258 238 181
258 238 182
258 238 183
258 238 184
258 238 185
258 238 186
259 237 187
258 237 188
258 237 189
258 237 190
259 236 191
258 237 192
259 236 193
259 236 194
259 236 195
258 237 196
258 236 197
258 236 198
258 236 199
258 236 200
258 236 201
258 236 202
258 236 203
257 236 204
257 236 205
257 235 206
257 235 207
257 235 208
257 234 209
257 234 210
256 235 211
256 235 212
257 234 213
257 234 214
257 233 215
256 234 216
257 233 217
256 234 218
256 234 219
257 233 220
257 233 221
257 233 222
257 233 223
257 234 224
256 234 225
256 234 226
256 234 227
256 234 228
256 234 229
256 234 230
256 234 231
256 234 232
256 234 233
256 235 234
256 235 235
256 236 236
256 236 237
255 236 238
255 236 239
256 237 240
255 237 241
256 237 242
256 237 243
255 237 244
254 237 245
254 236 246
254 236 247
253 242 247
224
262 248 25
262 248 26
262 248 27
262 248 28
263 249 29
262 248 30
262 248 31
262 248 32
262 249 33
262 248 34
262 248 35
261 249 36
261 249 37
262 248 38
261 247 39
262 247 40
261 246 41
261 246 42
261 246 43
261 246 44
261 246 45
261 246 46
261 246 47
261 246 48
261 246 49
261 246 50
261 246 51
261 246 52
261 246 53
261 246 54
261 245 55
261 245 56
261 244 57
262 245 58
262 245 59
262 245 60
262 245 61
262 245 62
262 245 63
262 246 64
262 246 65
263 246 66
262 247 67
261 247 68
261 246 69
261 245 70
262 245 71
263 245 72
264 245 73
263 244 74
262 244 75
262 244 76
262 245 77
261 245 78
261 246 79
262 246 80
263 245 81
263 245 82
264 244 83
263 245 84
263 244 85
263 244 86
264 244 87
264 243 88
264 243 89
263 244 90
263 244 91
262 244 92
262 244 93
261 243 94
260 244 95
260 245 96
260 245 97
261 246 98
262 246 99
261 246 100
260 246 101
260 246 102
261 246 103
261 247 104
260 247 105
260 247 106
261 247 107
260 247 108
259 248 109
258 248 110
257 248 111
256 247 112
257 247 113
256 248 114
256 249 115
256 250 116
256 249 117
257 248 118
257 249 119
258 250 120
259 251 121
258 252 122
257 251 123
256 251 124
255 251 125
254 252 126
254 252 127
255 251 128
254 250 129
253 250 130
254 249 131
255 250 132
256 249 133
257 250 134
258 251 135
259 251 136
260 250 137
261 250 138
261 249 139
261 249 140
261 249 141
260 250 142
259 249 143
258 249 144
257 249 145
257 248 146
257 247 147
257 246 148
256 245 149
256 244 150
256 243 151
257 243 152
257 242 153
257 241 154
257 241 155
256 242 156
257 241 157
257 241 158
258 240 159
258 240 160
258 240 161
258 240 162
258 240 163
258 239 164
259 238 165
259 238 166
258 239 167
258 239 168
258 239 169
258 239 170
258 239 171
259 238 172
259 238 173
259 238 174
258 239 175
258 239 176
259 238 177
259 238 178
259 238 179
258 238 180
258 238 181
258 238 182
258 238 183
258 238 184
258 238 185
258 238 186
259 237 187
258 237 188
258 237 189
258 237 190
259 236 191
258 237 192
259 236 193
259 236 194
259 236 195
258 237 196
258 236 197
258 236 198
258 236 199
258 236 200
258 236 201
258 236 202
258 236 203
257 236 204
257 236 205
257 235 206
257 235 207
257 235 208
257 234 209
257 234 210
256 235 211
256 235 212
257 234 213
257 234 214
257 233 215
256 234 216
257 233 217
256 234 218
256 234 219
257 233 220
257 233 221
257 233 222
257 233 223
257 234 224
256 234 225
256 234 226
256 234 227
256 234 228
256 234 229
256 234 230
256 234 231
256 234 232
256 234 233
256 235 234
256 235 235
256 236 236
256 236 237
255 236 238
255 236 239
256 237 240
255 237 241
256 237 242
256 237 243
255 237 244
254 237 245
254 236 246
254 236 247
255 235 248
221
262 248 25
262 248 26
262 248 27
262 248 28
263 249 29
262 248 30
262 248 31
262 248 32
262 249 33
262 248 34
262 248 35
261 249 36
261 249 37
262 248 38
261 247 39
262 247 40
261 246 41
261 246 42
261 246 43
261 246 44
261 246 45
261 246 46
261 246 47
261 246 48
261 246 49
261 246 50
261 246 51
261 246 52
261 246 53
261 246 54
261 245 55
261 245 56
261 244 57
262 245 58
262 245 59
262 245 60
262 245 61
262 245 62
262 245 63
262 246 64
262 246 65
263 246 66
262 247 67
261 247 68
261 246 69
261 245 70
262 245 71
263 245 72
264 245 73
263 244 74
262 244 75
262 244 76
262 245 77
261 245 78
261 246 79
262 246 80
263 245 81
263 245 82
264 244 83
263 245 84
263 244 85
263 244 86
264 244 87
264 243 88
264 243 89
263 244 90
263 244 91
262 244 92
262 244 93
261 243 94
260 244 95
260 245 96
260 245 97
261 246 98
262 246 99
261 246 100
260 246 101
260 246 102
261 246 103
261 247 104
260 247 105
260 247 106
261 247 107
260 247 108
259 248 109
258 248 110
257 248 111
256 247 112
257 247 113
256 248 114
256 249 115
256 250 116
256 249 117
257 248 118
257 249 119
258 250 120
259 251 121
258 252 122
257 251 123
256 251 124
255 251 125
254 252 126
254 252 127
255 251 128
254 250 129
253 250 130
254 249 131
255 250 132
256 249 133
257 250 134
258 251 135
259 251 136
260 250 137
261 250 138
261 249 139
261 249 140
261 249 141
260 250 142
259 249 143
258 249 144
257 249 145
257 248 146
257 247 147
257 246 148
256 245 149
256 244 150
256 243 151
257 243 152
257 242 153
257 241 154
257 241 155
256 242 156
257 241 157
257 241 158
258 240 159
258 240 160
258 240 161
258 240 162
258 240 163
258 239 164
259 238 165
259 238 166
258 239 167
258 239 168
258 239 169
258 239 170
258 239 171
259 238 172
259 238 173
259 238 174
258 239 175
258 239 176
259 238 177
259 238 178
259 238 179
258 238 180
258 238 181
258 238 182
258 238 183
258 238 184
258 238 185
258 238 186
259 237 187
258 237 188
258 237 189
258 237 190
259 236 191
258 237 192
259 236 193
259 236 194
259 236 195
258 237 196
258 236 197
258 236 198
258 236 199
258 236 200
258 236 201
258 236 202
258 236 203
257 236 204
257 236 205
257 235 206
257 235 207
257 235 208
257 234 209
257 234 210
256 235 211
256 235 212
257 234 213
257 234 214
257 233 215
256 234 216
257 233 217
256 234 218
256 234 219
257 233 220
257 233 221
257 233 222
257 233 223
257 234 224
256 234 225
256 234 226
256 234 227
256 234 228
256 234 229
256 234 230
256 234 231
256 234 232
256 234 233
256 235 234
256 235 235
256 236 236
256 236 237
255 236 238
255 236 239
256 237 240
255 237 241
256 237 242
256 237 243
255 237 244
255 238 245
194
262 248 25
262 248 26
262 248 27
262 248 28
263 249 29
262 248 30
262 248 31
262 248 32
262 249 33
262 248 34
262 248 35
261 249 36
261 249 37
262 248 38
261 247 39
262 247 40
261 246 41
261 246 42
261 246 43
261 246 44
261 246 45
261 246 46
261 246 47
261 246 48
261 246 49
261 246 50
261 246 51
261 246 52
261 246 53
261 246 54
261 245 55
261 245 56
261 244 57
262 245 58
262 245 59
262 245 60
262 245 61
262 245 62
262 245 63
262 246 64
262 246 65
263 246 66
262 247 67
261 247 68
261 246 69
261 245 70
262 245 71
263 245 72
264 245 73
263 244 74
262 244 75
262 244 76
262 245 77
261 245 78
261 246 79
262 246 80
263 245 81
263 245 82
264 244 83
263 245 84
263 244 85
263 244 86
264 244 87
264 243 88
264 243 89
263 244 90
263 244 91
262 244 92
262 244 93
261 243 94
260 244 95
260 245 96
260 245 97
261 246 98
262 246 99
261 246 100
260 246 101
260 246 102
261 246 103
261 247 104
260 247 105
260 247 106
261 247 107
260 247 108
259 248 109
258 248 110
257 248 111
256 247 112
257 247 113
256 248 114
256 249 115
256 250 116
256 249 117
257 248 118
257 249 119
258 250 120
259 251 121
258 252 122
257 251 123
256 251 124
255 251 125
254 252 126
254 252 127
255 251 128
254 250 129
253 250 130
254 249 131
255 250 132
256 249 133
257 250 134
258 251 135
259 251 136
260 250 137
261 250 138
261 249 139
261 249 140
261 249 141
260 250 142
259 249 143
260 248 144
260 247 145
260 247 146
260 248 147
260 249 148
260 250 149
260 251 150
261 252 151
262 252 152
263 253 153
263 254 154
262 253 155
263 254 156
263 254 157
263 254 158
262 254 159
262 255 160
262 255 161
262 255 162
263 256 163
262 256 164
261 256 165
262 257 166
262 257 167
262 258 168
262 258 169
261 258 170
262 259 171
261 259 172
261 259 173
261 260 174
261 260 175
261 260 176
261 261 177
261 261 178
261 261 179
261 262 180
261 262 181
261 262 182
261 263 183
261 263 184
261 263 185
262 264 186
261 264 187
260 264 188
260 264 189
261 265 190
260 265 191
260 265 192
261 266 193
260 266 194
260 266 195
261 267 196
260 267 197
260 267 198
260 267 199
260 267 200
260 268 201
260 268 202
260 268 203
260 268 204
260 268 205
260 269 206
260 269 207
260 269 208
260 269 209
260 269 210
260 269 211
260 269 212
260 270 213
260 270 214
260 270 215
260 270 216
260 270 217
260 270 218
178
262 248 25
262 248 26
262 248 27
262 248 28
263 249 29
262 248 30
262 248 31
262 248 32
262 249 33
262 248 34
262 248 35
261 249 36
261 249 37
262 248 38
261 247 39
262 247 40
261 246 41
261 246 42
261 246 43
261 246 44
261 246 45
261 246 46
261 246 47
261 246 48
261 246 49
261 246 50
261 246 51
261 246 52
261 246 53
261 246 54
261 245 55
261 245 56
261 244 57
262 245 58
262 245 59
262 245 60
262 245 61
262 245 62
262 245 63
262 246 64
262 246 65
263 246 66
264 247 67
264 248 68
265 249 69
264 250 70
264 251 71
263 252 72
262 251 73
262 252 74
263 252 75
264 253 76
265 253 76
266 253 77
266 253 78
266 254 79
267 254 80
267 254 81
267 255 82
267 255 83
268 255 84
268 256 85
267 257 86
267 258 87
267 259 88
268 259 89
268 259 90
269 260 91
269 260 92
270 260 93
271 261 94
271 261 95
271 262 96
272 263 97
273 263 98
273 263 99
273 264 100
273 265 101
273 266 102
274 266 103
274 267 104
275 267 105
275 268 106
276 268 107
276 269 108
276 270 109
277 271 110
278 271 111
278 272 112
278 273 113
279 274 114
280 275 115
281 275 116
282 276 117
283 277 118
283 278 119
283 279 119
284 280 120
284 281 121
285 282 122
285 283 123
286 284 124
287 284 124
288 285 125
289 286 126
288 287 126
289 288 127
290 289 128
291 289 128
292 290 128
293 291 129
294 292 130
295 293 130
296 293 131
297 294 131
298 295 131
299 296 132
300 297 133
301 298 134
302 299 135
303 300 136
304 301 136
305 300 137
306 301 138
307 302 139
308 303 139
309 304 140
310 304 140
311 304 140
312 305 140
313 305 140
314 305 140
315 304 140
316 305 140
317 306 140
318 306 140
319 307 140
320 308 140
321 308 140
322 308 140
323 309 140
324 309 140
325 310 140
326 310 140
327 311 140
328 311 141
329 311 141
330 312 141
331 312 141
332 313 142
333 314 142
334 314 142
335 314 143
336 314 143
337 314 143
338 315 143
339 315 143
340 316 144
341 316 144
342 317 144
343 317 144
344 317 144
345 318 144
346 318 144
347 319 144
348 319 144
349 320 145
350 320 144
351 320 144
352 321 145
353 321 145
354 321 145
355 321 145
356 321 145
357 321 145
358 320 145
359 320 146
360 320 146
174
262 248 25
262 248 26
262 248 27
262 248 28
263 249 29
262 248 30
262 248 31
262 248 32
262 249 33
262 248 34
262 248 35
261 249 36
261 249 37
262 248 38
261 247 39
262 247 40
261 246 41
261 246 42
261 246 43
261 246 44
261 246 45
261 246 46
261 246 47
261 246 48
261 246 49
261 246 50
261 246 51
261 246 52
261 246 53
261 246 54
261 245 55
261 245 56
261 244 57
262 245 58
262 245 59
262 245 60
262 245 61
262 245 62
262 245 63
262 246 64
262 246 65
263 246 66
262 247 67
261 247 68
261 246 69
261 245 70
262 245 71
263 245 72
264 245 73
263 244 74
262 244 75
262 244 76
262 245 77
261 245 78
261 246 79
262 246 80
263 245 81
263 245 82
264 244 83
263 245 84
263 244 85
263 244 86
264 244 87
264 243 88
264 243 89
263 244 90
263 244 91
262 244 92
262 244 93
261 243 94
260 244 95
260 245 96
260 245 97
261 246 98
262 246 99
261 246 100
260 246 101
260 246 102
261 246 103
261 247 104
260 247 105
260 247 106
261 247 107
260 247 108
259 248 109
258 248 110
257 248 111
256 247 112
257 247 113
256 248 114
256 249 115
256 250 116
256 249 117
257 248 118
257 249 119
258 250 120
259 251 121
258 252 122
257 251 123
256 251 124
255 251 125
254 252 126
254 252 127
255 251 128
254 250 129
253 250 130
254 249 131
255 250 132
256 249 133
257 250 134
258 251 135
259 251 136
260 250 137
261 250 138
261 249 139
261 249 140
261 249 141
260 250 142
259 249 143
258 249 144
257 249 145
257 248 146
257 247 147
257 246 148
256 245 149
256 244 150
256 243 151
257 243 152
257 242 153
257 241 154
257 241 155
256 242 156
257 241 157
257 241 158
258 240 159
258 240 160
258 240 161
258 240 162
258 240 163
258 239 164
259 238 165
259 238 166
258 239 167
258 239 168
258 239 169
258 239 170
258 239 171
259 238 172
259 238 173
259 238 174
258 239 175
258 239 176
259 238 177
259 238 178
259 238 179
258 238 180
258 238 181
258 238 182
258 238 183
258 238 184
258 238 185
258 238 186
259 237 187
258 237 188
258 237 189
258 237 190
259 236 191
258 237 192
257 237 192
256 238 192
255 239 192
254 239 192
253 240 192
252 240 192
164
262 248 25
262 248 26
262 248 27
262 248 28
263 249 29
262 248 30
262 248 31
262 248 32
262 249 33
262 248 34
262 248 35
261 249 36
261 249 37
262 248 38
261 247 39
262 247 40
261 246 41
261 246 42
261 246 43
261 246 44
261 246 45
261 246 46
261 246 47
261 246 48
261 246 49
261 246 50
261 246 51
261 246 52
261 246 53
261 246 54
261 245 55
261 245 56
261 244 57
262 245 58
262 245 59
262 245 60
262 245 61
262 245 62
262 245 63
262 246 64
262 246 65
263 246 66
262 247 67
261 247 68
261 246 69
261 245 70
262 245 71
263 245 72
264 245 73
263 244 74
262 244 75
262 244 76
262 245 77
261 245 78
261 246 79
262 246 80
263 245 81
263 245 82
264 244 83
263 245 84
263 244 85
263 244 86
264 244 87
264 243 88
264 243 89
263 244 90
263 244 91
262 244 92
262 244 93
261 243 94
260 244 95
260 245 96
260 245 97
261 246 98
262 246 99
261 246 100
260 246 101
260 246 102
261 246 103
261 247 104
260 247 105
260 247 106
261 247 107
260 247 108
259 248 109
258 248 110
257 248 111
256 247 112
257 247 113
256 248 114
256 249 115
256 250 116
256 249 117
257 248 118
257 249 119
258 250 120
259 251 121
258 252 122
257 251 123
256 251 124
255 251 125
254 252 126
254 252 127
255 251 128
254 250 129
253 250 130
254 249 131
255 250 132
256 249 133
257 250 134
258 251 135
259 251 136
260 250 137
261 250 138
261 249 139
261 249 140
261 249 141
260 250 142
259 249 143
260 248 144
260 247 145
260 247 146
260 248 147
260 249 148
260 250 149
260 251 150
261 252 151
262 252 152
263 253 153
263 254 154
262 253 155
263 254 156
263 254 157
263 254 158
262 254 159
262 255 160
262 255 161
262 255 162
263 256 163
262 256 164
261 256 165
262 257 166
262 257 167
262 258 168
262 258 169
261 258 170
262 259 171
261 259 172
261 259 173
261 260 174
261 260 175
261 260 176
261 261 177
261 261 178
261 261 179
261 262 180
261 262 181
261 262 182
261 263 183
261 263 184
261 263 185
262 264 186
263 265 186
264 265 186
158
262 248 25
262 248 26
262 248 27
262 248 28
263 249 29
262 248 30
262 248 31
262 248 32
262 249 33
262 248 34
262 248 35
261 249 36
261 249 37
262 248 38
261 247 39
262 247 40
261 246 41
261 246 42
261 246 43
261 246 44
261 246 45
261 246 46
261 246 47
261 246 48
261 246 49
261 246 50
261 246 51
261 246 52
261 246 53
261 246 54
261 245 55
261 245 56
261 244 57
262 245 58
262 245 59
262 245 60
262 245 61
262 245 62
262 245 63
262 246 64
262 246 65
263 246 66
262 247 67
261 247 68
261 246 69
261 245 70
262 245 71
263 245 72
264 245 73
263 244 74
262 244 75
262 244 76
262 245 77
261 245 78
261 246 79
262 246 80
263 245 81
263 245 82
264 244 83
263 245 84
263 244 85
263 244 86
264 244 87
264 243 88
264 243 89
263 244 90
263 244 91
262 244 92
262 244 93
261 243 94
260 244 95
260 245 96
260 245 97
261 246 98
262 246 99
261 246 100
260 246 101
260 246 102
261 246 103
261 247 104
260 247 105
260 247 106
261 247 107
260 247 108
259 248 109
258 248 110
257 248 111
256 247 112
257 247 113
256 248 114
256 249 115
256 250 116
256 249 117
257 248 118
257 249 119
258 250 120
259 251 121
258 252 122
257 251 123
256 251 124
255 251 125
254 252 126
254 252 127
255 251 128
254 250 129
253 250 130
254 249 131
255 250 132
256 249 133
257 250 134
258 251 135
259 251 136
260 250 137
261 250 138
261 249 139
261 249 140
261 249 141
260 250 142
259 250 143
258 251 144
257 252 145
256 253 144
255 253 144
254 253 144
253 254 145
252 255 146
251 255 146
250 256 147
249 257 148
249 257 149
248 258 150
247 258 151
247 257 152
246 256 153
245 256 154
244 256 155
243 256 155
242 255 155
241 254 155
240 253 155
239 252 155
238 252 154
237 251 154
236 250 153
236 249 152
236 248 151
236 247 150
237 246 149
238 245 148
238 244 148
238 243 148
239 242 148
239 241 148
239 240 148
239 239 148
238 238 149
239 237 149
240 236 149
156
262 248 25
262 248 26
262 248 27
262 248 28
263 249 29
262 248 30
262 248 31
262 248 32
262 249 33
262 248 34
262 248 35
261 249 36
261 249 37
262 248 38
261 247 39
262 247 40
261 246 41
261 246 42
261 246 43
261 246 44
261 246 45
261 246 46
261 246 47
261 246 48
261 246 49
261 246 50
261 246 51
261 246 52
261 246 53
261 246 54
261 245 55
261 245 56
261 244 57
262 245 58
262 245 59
262 245 60
262 245 61
262 245 62
262 245 63
262 246 64
262 246 65
263 246 66
262 247 67
261 247 68
261 246 69
261 245 70
262 245 71
263 245 72
264 245 73
263 244 74
262 244 75
262 244 76
262 245 77
261 245 78
261 246 79
262 246 80
263 245 81
263 245 82
264 244 83
263 245 84
263 244 85
263 244 86
264 244 87
264 243 88
264 243 89
263 244 90
263 244 91
262 244 92
262 244 93
261 243 94
260 244 95
260 245 96
260 245 97
261 246 98
262 246 99
261 246 100
260 246 101
260 246 102
261 246 103
261 247 104
260 247 105
260 247 106
261 247 107
260 247 108
259 248 109
258 248 110
257 248 111
256 247 112
257 247 113
256 248 114
256 249 115
256 250 116
256 249 117
257 248 118
257 249 119
258 250 120
259 251 121
258 252 122
257 251 123
256 251 124
255 251 125
254 252 126
254 252 127
255 251 128
254 250 129
253 250 130
254 249 131
255 250 132
256 249 133
257 250 134
258 251 135
259 251 136
260 250 137
261 250 138
261 249 139
261 249 140
261 249 141
260 250 142
259 250 143
258 251 144
257 252 145
256 253 144
255 253 144
254 253 144
253 254 145
252 255 146
251 255 146
250 256 147
249 257 148
249 257 149
248 258 150
247 258 151
247 257 152
246 256 153
245 256 154
244 256 155
243 256 155
242 255 155
241 254 155
240 253 155
239 252 155
238 252 154
237 251 154
236 250 153
236 249 152
236 248 151
236 247 150
237 246 149
237 245 150
237 244 150
237 243 151
238 242 151
238 241 151
238 240 151
238 239 151
237 238 150
150
262 248 25
262 248 26
262 248 27
262 248 28
263 249 29
262 248 30
262 248 31
262 248 32
262 249 33
262 248 34
262 248 35
261 249 36
261 249 37
262 248 38
261 247 39
262 247 40
261 246 41
261 246 42
261 246 43
261 246 44
261 246 45
261 246 46
261 246 47
261 246 48
261 246 49
261 246 50
261 246 51
261 246 52
261 246 53
261 246 54
261 245 55
261 245 56
261 244 57
262 245 58
262 245 59
262 245 60
262 245 61
262 245 62
262 245 63
262 246 64
262 246 65
263 246 66
262 247 67
261 247 68
261 246 69
261 245 70
262 245 71
263 245 72
264 245 73
263 244 74
262 244 75
262 244 76
262 245 77
261 245 78
261 246 79
262 246 80
263 245 81
263 245 82
264 244 83
263 245 84
263 244 85
263 244 86
264 244 87
264 243 88
264 243 89
263 244 90
263 244 91
262 244 92
262 244 93
261 243 94
260 244 95
260 245 96
260 245 97
261 246 98
262 246 99
261 246 100
260 246 101
260 246 102
261 246 103
261 247 104
260 247 105
260 247 106
261 247 107
260 247 108
259 248 109
258 248 110
257 248 111
256 247 112
257 247 113
256 248 114
256 249 115
256 250 116
256 249 117
257 248 118
257 249 119
258 250 120
259 251 121
258 252 122
257 251 123
256 251 124
255 251 125
254 252 126
254 252 127
255 251 128
254 250 129
253 250 130
254 249 131
255 250 132
256 249 133
257 250 134
258 251 135
259 251 136
260 250 137
261 250 138
261 249 139
261 249 140
261 249 141
260 250 142
259 250 143
258 251 144
257 252 145
256 253 144
255 253 144
254 253 144
253 254 145
252 255 146
251 255 146
250 256 147
249 257 148
249 257 149
248 258 150
247 258 151
247 257 152
246 256 153
245 256 154
244 256 155
243 256 155
242 255 155
241 254 155
240 253 155
239 252 155
238 252 154
237 251 154
236 250 153
236 249 152
236 248 151
236 247 150
237 246 149
238 245 148
235 245 138
146
262 248 25
262 248 26
262 248 27
262 248 28
263 249 29
262 248 30
262 248 31
262 248 32
262 249 33
262 248 34
262 248 35
261 249 36
261 249 37
262 248 38
261 247 39
262 247 40
261 246 41
261 246 42
261 246 43
261 246 44
261 246 45
261 246 46
261 246 47
261 246 48
261 246 49
261 246 50
261 246 51
261 246 52
261 246 53
261 246 54
261 245 55
261 245 56
261 244 57
262 245 58
262 245 59
262 245 60
262 245 61
262 245 62
262 245 63
262 246 64
262 246 65
263 246 66
262 247 67
261 247 68
261 246 69
261 245 70
262 245 71
263 245 72
264 245 73
263 244 74
262 244 75
262 244 76
262 245 77
261 245 78
261 246 79
262 246 80
263 245 81
263 245 82
264 244 83
263 245 84
263 244 85
263 244 86
264 244 87
264 243 88
264 243 89
263 244 90
263 244 91
262 244 92
262 244 93
261 243 94
260 244 95
260 245 96
260 245 97
261 246 98
262 246 99
261 246 100
260 246 101
260 246 102
261 246 103
261 247 104
260 247 105
260 247 106
261 247 107
260 247 108
259 248 109
258 248 110
257 248 111
256 247 112
257 247 113
256 248 114
256 249 115
256 250 116
256 249 117
257 248 118
257 249 119
258 250 120
259 251 121
258 252 122
257 251 123
256 251 124
255 251 125
254 252 126
254 252 127
255 251 128
254 250 129
253 250 130
254 249 131
255 250 132
256 249 133
257 250 134
258 251 135
259 251 136
260 250 137
261 250 138
261 249 139
261 249 140
261 249 141
260 250 142
259 249 143
258 249 144
257 249 145
257 248 146
257 247 147
257 246 148
256 245 149
256 244 150
256 243 151
257 243 152
257 242 153
256 241 153
255 240 153
254 239 153
253 239 153
252 238 152
252 237 151
252 236 150
252 235 149
252 234 149
251 233 149
250 232 150
247 227 150
247 227 151
246 227 152
246 227 153
247 227 154
247 227 155
144
262 248 25
262 248 26
262 248 27
262 248 28
263 249 29
262 248 30
262 248 31
262 248 32
262 249 33
262 248 34
262 248 35
261 249 36
261 249 37
262 248 38
261 247 39
262 247 40
261 246 41
261 246 42
261 246 43
261 246 44
261 246 45
261 246 46
261 246 47
261 246 48
261 246 49
261 246 50
261 246 51
261 246 52
261 246 53
261 246 54
261 245 55
261 245 56
261 244 57
262 245 58
262 245 59
262 245 60
262 245 61
262 245 62
262 245 63
262 246 64
262 246 65
263 246 66
262 247 67
261 247 68
261 246 69
261 245 70
262 245 71
263 245 72
264 245 73
263 244 74
262 244 75
262 244 76
262 245 77
261 245 78
261 246 79
262 246 80
263 245 81
263 245 82
264 244 83
263 245 84
263 244 85
263 244 86
264 244 87
264 243 88
264 243 89
263 244 90
263 244 91
262 244 92
262 244 93
261 243 94
260 244 95
260 245 96
260 245 97
261 246 98
262 246 99
261 246 100
260 246 101
260 246 102
261 246 103
261 247 104
260 247 105
260 247 106
261 247 107
260 247 108
259 248 109
258 248 110
257 248 111
256 247 112
257 247 113
256 248 114
256 249 115
256 250 116
256 249 117
257 248 118
257 249 119
258 250 120
259 251 121
258 252 122
257 251 123
256 251 124
255 251 125
254 252 126
254 252 127
255 251 128
254 250 129
253 250 130
254 249 131
255 250 132
256 249 133
257 250 134
258 251 135
259 251 136
260 250 137
261 250 138
261 249 139
261 249 140
261 249 141
260 250 142
259 249 143
258 249 144
257 249 145
257 248 146
257 247 147
257 246 148
256 245 149
256 244 150
256 243 151
257 243 152
257 242 153
256 241 153
255 240 153
254 239 153
253 239 153
252 238 152
252 237 151
252 236 150
252 235 149
252 234 149
251 233 149
250 232 150
247 227 150
248 226 149
248 226 148
248 227 136
144
262 248 25
262 248 26
262 248 27
262 248 28
263 249 29
262 248 30
262 248 31
262 248 32
262 249 33
262 248 34
262 248 35
261 249 36
261 249 37
262 248 38
261 247 39
262 247 40
261 246 41
261 246 42
261 246 43
261 246 44
261 246 45
261 246 46
261 246 47
261 246 48
261 246 49
261 246 50
261 246 51
261 246 52
261 246 53
261 246 54
261 245 55
261 245 56
261 244 57
262 245 58
262 245 59
262 245 60
262 245 61
262 245 62
262 245 63
262 246 64
262 246 65
263 246 66
262 247 67
261 247 68
261 246 69
261 245 70
262 245 71
263 245 72
264 245 73
263 244 74
262 244 75
262 244 76
262 245 77
261 245 78
261 246 79
262 246 80
263 245 81
263 245 82
264 244 83
263 245 84
263 244 85
263 244 86
264 244 87
264 243 88
264 243 89
263 244 90
263 244 91
262 244 92
262 244 93
261 243 94
260 244 95
260 245 96
260 245 97
261 246 98
262 246 99
261 246 100
260 246 101
260 246 102
261 246 103
261 247 104
260 247 105
260 247 106
261 247 107
260 247 108
259 248 109
258 248 110
257 248 111
256 247 112
257 247 113
256 248 114
256 249 115
256 250 116
256 249 117
257 248 118
257 249 119
258 250 120
259 251 121
258 252 122
257 251 123
256 251 124
255 251 125
254 252 126
254 252 127
255 251 128
254 250 129
253 250 130
254 249 131
255 250 132
256 249 133
257 250 134
258 251 135
259 251 136
260 250 137
261 250 138
261 249 139
261 249 140
261 249 141
260 250 142
259 249 143
260 248 144
260 247 145
260 246 146
260 245 147
259 244 148
260 245 149
260 246 150
260 247 151
261 248 152
262 249 153
263 248 154
264 248 155
265 248 156
265 248 157
265 248 158
265 249 159
265 249 160
265 249 161
266 249 162
267 250 163
266 250 164
267 249 165
266 249 166
266 250 167
267 250 168
143
262 248 25
262 248 26
262 248 27
262 248 28
263 249 29
262 248 30
262 248 31
262 248 32
262 249 33
262 248 34
262 248 35
261 249 36
261 249 37
262 248 38
261 247 39
262 247 40
261 246 41
261 246 42
261 246 43
261 246 44
261 246 45
261 246 46
261 246 47
261 246 48
261 246 49
261 246 50
261 246 51
261 246 52
261 246 53
261 246 54
261 245 55
261 245 56
261 244 57
262 245 58
262 245 59
262 245 60
262 245 61
262 245 62
262 245 63
262 246 64
262 246 65
263 246 66
262 247 67
261 247 68
261 246 69
261 245 70
262 245 71
263 245 72
264 245 73
263 244 74
262 244 75
262 244 76
262 245 77
261 245 78
261 246 79
262 246 80
263 245 81
263 245 82
264 244 83
263 245 84
263 244 85
263 244 86
264 244 87
264 243 88
264 243 89
263 244 90
263 244 91
262 244 92
262 244 93
261 243 94
260 244 95
260 245 96
260 245 97
261 246 98
262 246 99
261 246 100
260 246 101
260 246 102
261 246 103
261 247 104
260 247 105
260 247 106
261 247 107
260 247 108
259 248 109
258 248 110
257 248 111
256 247 112
257 247 113
256 248 114
256 249 115
256 250 116
256 249 117
257 248 118
257 249 119
258 250 120
259 251 121
258 252 122
257 251 123
256 251 124
255 251 125
254 252 126
254 252 127
255 251 128
254 250 129
253 250 130
254 249 131
255 250 132
256 249 133
257 250 134
258 251 135
259 251 136
260 250 137
261 250 138
261 249 139
261 249 140
261 249 141
260 250 142
259 249 143
258 249 144
257 249 145
257 248 146
257 247 147
257 246 148
256 245 149
256 244 150
256 243 151
257 243 152
257 242 153
256 241 153
255 240 153
254 239 153
253 239 153
252 238 152
252 237 151
252 236 150
252 235 149
252 234 149
251 233 149
250 232 150
247 227 150
248 226 149
248 226 148
141
262 248 25
262 248 26
262 248 27
262 248 28
263 249 29
262 248 30
262 248 31
262 248 32
262 249 33
262 248 34
262 248 35
261 249 36
261 249 37
262 248 38
261 247 39
262 247 40
261 246 41
261 246 42
261 246 43
261 246 44
261 246 45
261 246 46
261 246 47
261 246 48
261 246 49
261 246 50
261 246 51
261 246 52
261 246 53
261 246 54
261 245 55
261 245 56
261 244 57
262 245 58
262 245 59
262 245 60
262 245 61
262 245 62
262 245 63
262 246 64
262 246 65
263 246 66
262 247 67
261 247 68
261 246 69
261 245 70
262 245 71
263 245 72
264 245 73
263 244 74
262 244 75
262 244 76
262 245 77
261 245 78
261 246 79
262 246 80
263 245 81
263 245 82
264 244 83
263 245 84
263 244 85
263 244 86
264 244 87
264 243 88
264 243 89
263 244 90
263 244 91
262 244 92
262 244 93
261 243 94
260 244 95
260 245 96
260 245 97
261 246 98
262 246 99
261 246 100
260 246 101
260 246 102
261 246 103
261 247 104
260 247 105
260 247 106
261 247 107
260 247 108
259 248 109
258 248 110
257 248 111
256 247 112
257 247 113
256 248 114
256 249 115
256 250 116
256 249 117
257 248 118
257 249 119
258 250 120
259 251 121
258 252 122
257 251 123
256 251 124
255 251 125
254 252 126
254 252 127
255 251 128
254 250 129
253 250 130
254 249 131
255 250 132
256 249 133
257 250 134
258 251 135
259 251 136
260 250 137
261 250 138
261 249 139
261 249 140
261 249 141
260 250 142
259 249 143
258 249 144
257 249 145
257 248 146
257 247 147
257 246 148
256 245 149
256 244 150
256 243 151
257 243 152
257 242 153
256 241 153
255 240 153
254 239 153
253 239 153
252 238 152
252 237 151
252 236 150
252 235 149
252 234 149
251 233 149
250 232 150
253 229 150
141
262 248 25
262 248 26
262 248 27
262 248 28
263 249 29
262 248 30
262 248 31
262 248 32
262 249 33
262 248 34
262 248 35
261 249 36
261 249 37
262 248 38
261 247 39
262 247 40
261 246 41
261 246 42
261 246 43
261 246 44
261 246 45
261 246 46
261 246 47
261 246 48
261 246 49
261 246 50
261 246 51
261 246 52
261 246 53
261 246 54
261 245 55
261 245 56
261 244 57
262 245 58
262 245 59
262 245 60
262 245 61
262 245 62
262 245 63
262 246 64
262 246 65
263 246 66
262 247 67
261 247 68
261 246 69
261 245 70
262 245 71
263 245 72
264 245 73
263 244 74
262 244 75
262 244 76
262 245 77
261 245 78
261 246 79
262 246 80
263 245 81
263 245 82
264 244 83
263 245 84
263 244 85
263 244 86
264 244 87
264 243 88
264 243 89
263 244 90
263 244 91
262 244 92
262 244 93
261 243 94
260 244 95
260 245 96
260 245 97
261 246 98
262 246 99
261 246 100
260 246 101
260 246 102
261 246 103
261 247 104
260 247 105
260 247 106
261 247 107
260 247 108
259 248 109
258 248 110
257 248 111
256 247 112
257 247 113
256 248 114
256 249 115
256 250 116
256 249 117
257 248 118
257 249 119
258 250 120
259 251 121
258 252 122
257 251 123
256 251 124
255 251 125
254 252 126
254 252 127
255 251 128
254 250 129
253 250 130
254 249 131
255 250 132
256 249 133
257 250 134
258 251 135
259 251 136
260 250 137
261 250 138
261 249 139
261 249 140
261 249 141
260 250 142
259 250 143
258 251 144
257 252 145
256 253 144
255 253 144
254 253 144
253 254 145
252 255 146
251 255 146
250 256 147
249 257 148
249 257 149
248 258 150
247 258 151
247 257 152
246 256 153
246 255 153
246 254 153
246 253 153
246 252 153
246 251 153
245 250 152
244 250 151
140
262 248 25
262 248 26
262 248 27
262 248 28
263 249 29
262 248 30
262 248 31
262 248 32
262 249 33
262 248 34
262 248 35
261 249 36
261 249 37
262 248 38
261 247 39
262 247 40
261 246 41
261 246 42
261 246 43
261 246 44
261 246 45
261 246 46
261 246 47
261 246 48
261 246 49
261 246 50
261 246 51
261 246 52
261 246 53
261 246 54
261 245 55
261 245 56
261 244 57
262 245 58
262 245 59
262 245 60
262 245 61
262 245 62
262 245 63
262 246 64
262 246 65
263 246 66
262 247 67
261 247 68
261 246 69
261 245 70
262 245 71
263 245 72
264 245 73
263 244 74
262 244 75
262 244 76
262 245 77
261 245 78
261 246 79
262 246 80
263 245 81
263 245 82
264 244 83
263 245 84
263 244 85
263 244 86
264 244 87
264 243 88
264 243 89
263 244 90
263 244 91
262 244 92
262 244 93
261 243 94
260 244 95
260 245 96
260 245 97
261 246 98
262 246 99
261 246 100
260 246 101
260 246 102
261 246 103
261 247 104
260 247 105
260 247 106
261 247 107
260 247 108
259 248 109
258 248 110
257 248 111
256 247 112
257 247 113
256 248 114
256 249 115
256 250 116
256 249 117
257 248 118
257 249 119
258 250 120
259 251 121
258 252 122
257 251 123
256 251 124
255 251 125
254 252 126
254 252 127
255 251 128
254 250 129
253 250 130
254 249 131
255 250 132
256 249 133
257 250 134
258 251 135
259 251 136
260 250 137
261 250 138
261 249 139
261 249 140
261 249 141
260 250 142
259 249 143
258 249 144
257 249 145
257 248 146
257 247 147
257 246 148
256 245 149
256 244 150
256 243 151
257 243 152
257 242 153
256 241 153
255 240 153
254 239 153
253 239 153
252 238 152
252 237 151
252 236 150
252 235 149
252 234 149
251 233 149
250 232 150
140
262 248 25
262 248 26
262 248 27
262 248 28
263 249 29
262 248 30
262 248 31
262 248 32
262 249 33
262 248 34
262 248 35
261 249 36
261 249 37
262 248 38
261 247 39
262 247 40
261 246 41
261 246 42
261 246 43
261 246 44
261 246 45
261 246 46
261 246 47
261 246 48
261 246 49
261 246 50
261 246 51
261 246 52
261 246 53
261 246 54
261 245 55
261 245 56
261 244 57
262 245 58
262 245 59
262 245 60
262 245 61
262 245 62
262 245 63
262 246 64
262 246 65
263 246 66
262 247 67
261 247 68
261 246 69
261 245 70
262 245 71
263 245 72
264 245 73
263 244 74
262 244 75
262 244 76
262 245 77
261 245 78
261 246 79
262 246 80
263 245 81
263 245 82
264 244 83
263 245 84
263 244 85
263 244 86
264 244 87
264 243 88
264 243 89
263 244 90
263 244 91
262 244 92
262 244 93
261 243 94
260 244 95
260 245 96
260 245 97
261 246 98
262 246 99
261 246 100
260 246 101
260 246 102
261 246 103
261 247 104
260 247 105
260 247 106
261 247 107
260 247 108
259 248 109
258 248 110
257 248 111
256 247 112
257 247 113
256 248 114
256 249 115
256 250 116
256 249 117
257 248 118
257 249 119
258 250 120
259 251 121
258 252 122
257 251 123
256 251 124
255 251 125
254 252 126
254 252 127
255 251 128
254 250 129
253 250 130
254 249 131
255 250 132
256 249 133
257 250 134
258 251 135
259 251 136
260 250 137
261 250 138
261 249 139
261 249 140
261 249 141
260 250 142
259 249 143
260 248 144
260 247 145
260 246 146
260 245 147
259 244 148
259 243 149
259 242 150
259 243 151
260 243 152
261 244 153
262 244 154
263 243 155
263 243 156
264 243 157
264 242 158
264 242 159
264 241 160
264 241 161
264 242 162
264 242 163
265 241 164
139
262 248 25
262 248 26
262 248 27
262 248 28
263 249 29
262 248 30
262 248 31
262 248 32
262 249 33
262 248 34
262 248 35
261 249 36
261 249 37
262 248 38
261 247 39
262 247 40
261 246 41
261 246 42
261 246 43
261 246 44
261 246 45
261 246 46
261 246 47
261 246 48
261 246 49
261 246 50
261 246 51
261 246 52
261 246 53
261 246 54
261 245 55
261 245 56
261 244 57
262 245 58
262 245 59
262 245 60
262 245 61
262 245 62
262 245 63
262 246 64
262 246 65
263 246 66
262 247 67
261 247 68
261 246 69
261 245 70
262 245 71
263 245 72
264 245 73
263 244 74
262 244 75
262 244 76
262 245 77
261 245 78
261 246 79
262 246 80
263 245 81
263 245 82
264 244 83
263 245 84
263 244 85
263 244 86
264 244 87
264 243 88
264 243 89
263 244 90
263 244 91
262 244 92
262 244 93
261 243 94
260 244 95
260 245 96
260 245 97
261 246 98
262 246 99
261 246 100
260 246 101
260 246 102
261 246 103
261 247 104
260 247 105
260 247 106
261 247 107
260 247 108
259 248 109
258 248 110
257 248 111
256 247 112
257 247 113
256 248 114
256 249 115
256 250 116
256 249 117
257 248 118
257 249 119
258 250 120
259 251 121
258 252 122
257 251 123
256 251 124
255 251 125
254 252 126
254 252 127
255 251 128
254 250 129
253 250 130
254 249 131
255 250 132
256 249 133
257 250 134
258 251 135
259 251 136
260 250 137
261 250 138
261 249 139
261 249 140
261 249 141
260 250 142
259 249 143
258 249 144
257 249 145
257 248 146
257 247 147
257 246 148
256 245 149
256 244 150
256 243 151
257 243 152
257 242 153
256 241 153
255 240 153
254 239 153
253 239 153
252 238 152
251 238 151
250 238 152
249 238 153
248 238 154
247 238 155
138
262 248 25
262 248 26
262 248 27
262 248 28
263 249 29
262 248 30
262 248 31
262 248 32
262 249 33
262 248 34
262 248 35
261 249 36
261 249 37
262 248 38
261 247 39
262 247 40
261 246 41
261 246 42
261 246 43
261 246 44
261 246 45
261 246 46
261 246 47
261 246 48
261 246 49
261 246 50
261 246 51
261 246 52
261 246 53
261 246 54
261 245 55
261 245 56
261 244 57
262 245 58
262 245 59
262 245 60
262 245 61
262 245 62
262 245 63
262 246 64
262 246 65
263 246 66
262 247 67
261 247 68
261 246 69
261 245 70
262 245 71
263 245 72
264 245 73
263 244 74
262 244 75
262 244 76
262 245 77
261 245 78
261 246 79
262 246 80
263 245 81
263 245 82
264 244 83
263 245 84
263 244 85
263 244 86
264 244 87
264 243 88
264 243 89
263 244 90
263 244 91
262 244 92
262 244 93
261 243 94
260 244 95
260 245 96
260 245 97
261 246 98
262 246 99
261 246 100
260 246 101
260 246 102
261 246 103
261 247 104
260 247 105
260 247 106
261 247 107
260 247 108
259 248 109
258 248 110
257 248 111
256 247 112
257 247 113
256 248 114
256 249 115
256 250 116
256 249 117
257 248 118
257 249 119
258 250 120
259 251 121
258 252 122
257 251 123
256 251 124
255 251 125
254 252 126
254 252 127
255 251 128
254 250 129
253 250 130
254 249 131
255 250 132
256 249 133
257 250 134
258 251 135
259 251 136
260 250 137
261 250 138
261 249 139
261 249 140
261 249 141
260 250 142
259 250 143
258 251 144
257 252 145
256 253 144
255 253 144
254 253 144
253 254 145
252 255 146
251 255 146
250 256 147
249 257 148
249 257 149
248 258 150
247 259 151
247 260 152
246 261 153
245 262 154
244 263 153
240 263 149
240 260 148
138
262 248 25
262 248 26
262 248 27
262 248 28
263 249 29
262 248 30
262 248 31
262 248 32
262 249 33
262 248 34
262 248 35
261 249 36
261 249 37
262 248 38
261 247 39
262 247 40
261 246 41
261 246 42
261 246 43
261 246 44
261 246 45
261 246 46
261 246 47
261 246 48
261 246 49
261 246 50
261 246 51
261 246 52
261 246 53
261 246 54
261 245 55
261 245 56
261 244 57
262 245 58
262 245 59
262 245 60
262 245 61
262 245 62
262 245 63
262 246 64
262 246 65
263 246 66
262 247 67
261 247 68
261 246 69
261 245 70
262 245 71
263 245 72
264 245 73
263 244 74
262 244 75
262 244 76
262 245 77
261 245 78
261 246 79
262 246 80
263 245 81
263 245 82
264 244 83
263 245 84
263 244 85
263 244 86
264 244 87
264 243 88
264 243 89
263 244 90
263 244 91
262 244 92
262 244 93
261 243 94
260 244 95
260 245 96
260 245 97
261 246 98
262 246 99
261 246 100
260 246 101
260 246 102
261 246 103
261 247 104
260 247 105
260 247 106
261 247 107
260 247 108
259 248 109
258 248 110
257 248 111
256 247 112
257 247 113
256 248 114
256 249 115
256 250 116
256 249 117
257 248 118
257 249 119
258 250 120
259 251 121
258 252 122
257 251 123
256 251 124
255 251 125
254 252 126
254 252 127
255 251 128
254 250 129
253 250 130
254 249 131
255 250 132
256 249 133
257 250 134
258 251 135
259 251 136
260 250 137
261 250 138
261 249 139
261 249 140
261 249 141
260 250 142
259 250 143
258 251 144
257 252 145
256 253 144
255 253 144
254 253 144
253 254 145
252 255 146
251 255 146
250 256 147
249 257 148
249 257 149
248 258 150
247 259 151
247 260 152
246 261 153
245 262 154
244 263 153
243 263 154
242 264 154
137
262 248 25
262 248 26
262 248 27
262 248 28
263 249 29
262 248 30
262 248 31
262 248 32
262 249 33
262 248 34
262 248 35
261 249 36
261 249 37
262 248 38
261 247 39
262 247 40
261 246 41
261 246 42
261 246 43
261 246 44
261 246 45
261 246 46
261 246 47
261 246 48
261 246 49
261 246 50
261 246 51
261 246 52
261 246 53
261 246 54
261 245 55
261 245 56
261 244 57
262 245 58
262 245 59
262 245 60
262 245 61
262 245 62
262 245 63
262 246 64
262 246 65
263 246 66
262 247 67
261 247 68
261 246 69
261 245 70
262 245 71
263 245 72
264 245 73
263 244 74
262 244 75
262 244 76
262 245 77
261 245 78
261 246 79
262 246 80
263 245 81
263 245 82
264 244 83
263 245 84
263 244 85
263 244 86
264 244 87
264 243 88
264 243 89
263 244 90
263 244 91
262 244 92
262 244 93
261 243 94
260 244 95
260 245 96
260 245 97
261 246 98
262 246 99
261 246 100
260 246 101
260 246 102
261 246 103
261 247 104
260 247 105
260 247 106
261 247 107
260 247 108
259 248 109
258 248 110
257 248 111
256 247 112
257 247 113
256 248 114
256 249 115
256 250 116
256 249 117
257 248 118
257 249 119
258 250 120
259 251 121
258 252 122
257 251 123
256 251 124
255 251 125
254 252 126
254 252 127
255 251 128
254 250 129
253 250 130
254 249 131
255 250 132
256 249 133
257 250 134
258 251 135
259 251 136
260 250 137
261 250 138
261 249 139
261 249 140
261 249 141
260 250 142
259 250 143
258 251 144
257 252 145
256 253 144
255 253 144
254 253 144
253 254 145
252 255 146
251 255 146
250 256 147
249 257 148
249 257 149
248 258 150
247 259 151
247 260 152
246 261 153
245 262 154
244 263 153
240 263 149
134
262 248 25
262 248 26
262 248 27
262 248 28
263 249 29
262 248 30
262 248 31
262 248 32
262 249 33
262 248 34
262 248 35
261 249 36
261 249 37
262 248 38
261 247 39
262 247 40
261 246 41
261 246 42
261 246 43
261 246 44
261 246 45
261 246 46
261 246 47
261 246 48
261 246 49
261 246 50
261 246 51
261 246 52
261 246 53
261 246 54
261 245 55
261 245 56
261 244 57
262 245 58
262 245 59
262 245 60
262 245 61
262 245 62
262 245 63
262 246 64
262 246 65
263 246 66
262 247 67
261 247 68
261 246 69
261 245 70
262 245 71
263 245 72
264 245 73
263 244 74
262 244 75
262 244 76
262 245 77
261 245 78
261 246 79
262 246 80
263 245 81
263 245 82
264 244 83
263 245 84
263 244 85
263 244 86
264 244 87
264 243 88
264 243 89
263 244 90
263 244 91
262 244 92
262 244 93
261 243 94
260 244 95
260 245 96
260 245 97
261 246 98
262 246 99
261 246 100
260 246 101
260 246 102
261 246 103
261 247 104
260 247 105
260 247 106
261 247 107
260 247 108
259 248 109
258 248 110
257 248 111
256 247 112
257 247 113
256 248 114
256 249 115
256 250 116
256 249 117
257 248 118
257 249 119
258 250 120
259 251 121
258 252 122
257 251 123
256 251 124
255 251 125
254 252 126
254 252 127
255 251 128
254 250 129
253 250 130
254 249 131
255 250 132
256 249 133
257 250 134
258 251 135
259 251 136
260 250 137
261 250 138
261 249 139
261 249 140
261 249 141
260 250 142
259 249 143
258 249 144
257 249 145
256 249 146
255 249 147
254 248 148
254 247 149
253 246 150
253 246 151
254 246 152
255 247 153
255 248 154
254 249 155
254 249 156
254 249 157
253 250 158
133
262 248 25
262 248 26
262 248 27
262 248 28
263 249 29
262 248 30
262 248 31
262 248 32
262 249 33
262 248 34
262 248 35
261 249 36
261 249 37
262 248 38
261 247 39
262 247 40
261 246 41
261 246 42
261 246 43
261 246 44
261 246 45
261 246 46
261 246 47
261 246 48
261 246 49
261 246 50
261 246 51
261 246 52
261 246 53
261 246 54
261 245 55
261 245 56
261 244 57
262 245 58
262 245 59
262 245 60
262 245 61
262 245 62
262 245 63
262 246 64
262 246 65
263 246 66
262 247 67
261 247 68
261 246 69
261 245 70
262 245 71
263 245 72
264 245 73
263 244 74
262 244 75
261 243 76
261 242 76
260 241 77
260 240 78
259 240 79
259 239 80
259 238 81
258 238 82
258 237 83
258 237 84
259 236 85
260 235 86
260 234 87
259 234 88
259 233 89
258 233 90
257 233 90
256 233 91
255 233 92
255 232 93
255 231 94
254 231 95
253 230 96
254 229 97
255 228 98
254 227 99
253 227 100
252 227 101
253 226 102
253 225 103
252 225 104
252 224 105
252 223 106
251 223 107
250 223 108
250 222 109
249 221 110
249 220 111
248 219 112
248 218 113
247 217 114
247 216 114
246 215 115
246 214 115
245 213 116
244 212 117
245 211 117
244 210 118
244 209 119
243 208 119
243 207 120
242 206 121
242 205 122
242 204 123
241 203 124
241 202 125
241 201 126
240 201 127
240 200 128
240 199 129
239 198 130
239 197 131
238 196 132
237 195 133
237 194 134
237 193 135
236 193 136
236 192 137
236 191 138
236 190 138
236 189 139
235 188 140
235 187 141
235 186 142
234 185 143
234 184 144
234 183 145
234 183 146
233 182 147
232 181 148
232 180 149
230 178 151
132
262 248 25
262 248 26
262 248 27
262 248 28
263 249 29
262 248 30
262 248 31
262 248 32
262 249 33
262 248 34
262 248 35
261 249 36
261 249 37
262 248 38
261 247 39
262 247 40
261 246 41
261 246 42
261 246 43
261 246 44
261 246 45
261 246 46
261 246 47
261 246 48
261 246 49
261 246 50
261 246 51
261 246 52
261 246 53
261 246 54
261 245 55
261 245 56
261 244 57
262 245 58
262 245 59
262 245 60
262 245 61
262 245 62
262 245 63
262 246 64
262 246 65
263 246 66
262 247 67
261 247 68
261 246 69
261 245 70
262 245 71
263 245 72
264 245 73
263 244 74
262 244 75
261 243 76
261 242 76
260 241 77
260 240 78
259 240 79
259 239 80
259 238 81
258 238 82
258 237 83
258 237 84
259 236 85
260 235 86
260 234 87
259 234 88
259 233 89
258 233 90
257 233 90
256 233 91
255 233 92
255 232 93
255 231 94
254 231 95
253 230 96
254 229 97
255 228 98
254 227 99
253 227 100
252 227 101
253 226 102
253 225 103
252 225 104
252 224 105
252 223 106
251 223 107
250 223 108
250 222 109
249 221 110
249 220 111
248 219 112
248 218 113
247 217 114
247 216 114
246 215 115
246 214 115
245 213 116
244 212 117
245 211 117
244 210 118
244 209 119
243 208 119
243 207 120
242 206 121
242 205 122
242 204 123
241 203 124
241 202 125
241 201 126
240 201 127
240 200 128
240 199 129
239 198 130
239 197 131
238 196 132
237 195 133
237 194 134
237 193 135
236 193 136
236 192 137
236 191 138
236 190 138
236 189 139
235 188 140
235 187 141
235 186 142
234 185 143
234 184 144
234 183 145
234 183 146
233 182 147
232 181 148
232 180 149
131
262 248 25
262 248 26
262 248 27
262 248 28
263 249 29
262 248 30
262 248 31
262 248 32
262 249 33
262 248 34
262 248 35
261 249 36
261 249 37
262 248 38
261 247 39
262 247 40
261 246 41
261 246 42
261 246 43
261 246 44
261 246 45
261 246 46
261 246 47
261 246 48
261 246 49
261 246 50
261 246 51
261 246 52
261 246 53
261 246 54
261 245 55
261 245 56
261 244 57
261 243 57
260 242 57
259 241 58
259 240 59
259 239 60
260 238 61
260 238 62
259 237 63
259 236 64
259 235 65
259 235 66
259 234 67
258 233 68
258 233 69
258 232 70
258 231 71
258 230 72
258 230 73
258 229 74
258 228 75
257 227 76
256 226 77
256 225 78
256 224 79
256 223 80
256 222 81
255 221 81
255 220 82
256 219 83
255 218 84
254 217 85
254 216 86
254 215 87
254 214 87
254 213 88
253 213 89
253 212 90
253 211 90
252 210 91
252 209 91
252 208 91
251 207 92
251 206 93
251 205 93
251 204 94
251 203 94
250 202 95
249 201 96
249 200 96
248 199 97
248 198 97
248 197 97
247 196 97
246 195 96
246 194 97
246 193 97
246 192 97
246 191 97
245 190 98
246 189 98
245 188 99
245 187 99
244 186 100
244 185 99
244 184 99
243 183 99
243 182 99
243 181 99
243 180 99
242 179 99
242 178 99
242 177 99
242 176 99
242 175 99
242 174 98
241 173 98
241 172 98
240 171 97
240 170 97
241 169 97
241 168 97
240 167 96
240 166 96
239 165 95
239 164 95
239 163 94
239 162 94
238 161 93
238 160 93
237 159 92
237 158 92
237 157 92
236 156 92
236 155 92
237 154 92
237 153 91
237 152 91
236 151 90
131
262 248 25
262 248 26
262 248 27
262 248 28
263 249 29
262 248 30
262 248 31
262 248 32
262 249 33
262 248 34
262 248 35
261 249 36
261 249 37
262 248 38
261 247 39
262 247 40
261 246 41
261 246 42
261 246 43
261 246 44
261 246 45
261 246 46
261 246 47
261 246 48
261 246 49
261 246 50
261 246 51
261 246 52
261 246 53
261 246 54
261 245 55
261 245 56
261 244 57
262 245 58
262 245 59
262 245 60
262 245 61
262 245 62
262 245 63
262 246 64
262 246 65
263 246 66
262 247 67
261 247 68
261 246 69
261 245 70
262 245 71
263 245 72
264 245 73
263 244 74
262 244 75
262 244 76
262 245 77
261 245 78
261 246 79
262 246 80
263 245 81
263 245 82
264 244 83
263 245 84
263 244 85
263 244 86
264 244 87
264 243 88
264 243 89
263 244 90
263 244 91
262 244 92
262 244 93
261 243 94
260 244 95
260 245 96
260 245 97
261 246 98
262 246 99
261 246 100
260 246 101
260 246 102
261 246 103
261 247 104
260 247 105
260 247 106
261 247 107
260 247 108
259 248 109
258 248 110
257 248 111
256 247 112
257 247 113
256 248 114
256 249 115
256 250 116
256 249 117
257 248 118
257 249 119
258 250 120
259 251 121
258 252 122
257 251 123
256 251 124
255 251 125
254 252 126
254 252 127
255 251 128
254 250 129
253 250 130
254 249 131
255 250 132
256 249 133
257 250 134
258 251 135
259 251 136
260 250 137
261 250 138
261 249 139
261 249 140
261 248 141
261 247 141
261 247 143
262 246 144
262 245 145
263 244 146
262 243 147
262 242 148
269 234 148
269 234 149
269 234 150
269 234 151
269 234 152
269 234 153
269 234 154
126
262 248 25
262 248 26
262 248 27
262 248 28
263 249 29
262 248 30
262 248 31
262 248 32
262 249 33
262 248 34
262 248 35
261 249 36
261 249 37
262 248 38
261 247 39
262 247 40
261 246 41
261 246 42
261 246 43
261 246 44
261 246 45
261 246 46
261 246 47
261 246 48
261 246 49
261 246 50
261 246 51
261 246 52
261 246 53
261 246 54
261 245 55
261 245 56
261 244 57
262 245 58
262 245 59
262 245 60
262 245 61
262 245 62
262 245 63
262 246 64
262 246 65
263 246 66
262 247 67
261 247 68
261 246 69
261 245 70
262 245 71
263 245 72
264 245 73
263 244 74
262 244 75
262 244 76
262 245 77
261 245 78
261 246 79
262 246 80
263 245 81
263 245 82
264 244 83
263 245 84
263 244 85
263 244 86
264 244 87
264 243 88
264 243 89
263 244 90
263 244 91
262 244 92
262 244 93
261 243 94
260 244 95
260 245 96
260 245 97
261 246 98
262 246 99
261 246 100
260 246 101
260 246 102
261 246 103
261 247 104
260 247 105
260 247 106
261 247 107
260 247 108
259 248 109
258 248 110
257 248 111
256 247 112
257 247 113
256 248 114
256 249 115
256 250 116
256 249 117
257 248 118
257 249 119
258 250 120
259 251 121
258 252 122
257 251 123
256 251 124
255 251 125
254 252 126
254 252 127
255 251 128
254 250 129
253 250 130
254 249 131
255 250 132
256 249 133
257 250 134
258 251 135
259 251 136
260 250 137
261 250 138
261 249 139
261 249 140
261 248 141
261 247 141
261 246 141
261 245 141
261 244 141
262 243 140
262 242 140
262 241 140
263 240 141
264 239 142
125
262 248 25
262 248 26
262 248 27
262 248 28
263 249 29
262 248 30
262 248 31
262 248 32
262 249 33
262 248 34
262 248 35
261 249 36
261 249 37
262 248 38
261 247 39
262 247 40
261 246 41
261 246 42
261 246 43
261 246 44
261 246 45
261 246 46
261 246 47
261 246 48
261 246 49
261 246 50
261 246 51
261 246 52
261 246 53
261 246 54
261 245 55
261 245 56
261 244 57
262 245 58
262 245 59
262 245 60
262 245 61
262 245 62
262 245 63
262 246 64
262 246 65
263 246 66
262 247 67
261 247 68
261 246 69
261 245 70
262 245 71
263 245 72
264 245 73
263 244 74
262 244 75
262 244 76
262 245 77
261 245 78
261 246 79
262 246 80
263 245 81
263 245 82
264 244 83
263 245 84
263 244 85
263 244 86
264 244 87
264 243 88
264 243 89
263 244 90
263 244 91
262 244 92
262 244 93
261 243 94
260 244 95
260 245 96
260 245 97
261 246 98
262 246 99
261 246 100
260 246 101
260 246 102
261 246 103
261 247 104
260 247 105
260 247 106
261 247 107
260 247 108
259 248 109
258 248 110
257 248 111
256 247 112
257 247 113
256 248 114
256 249 115
256 250 116
256 249 117
257 248 118
257 249 119
258 250 120
259 251 121
258 252 122
257 251 123
256 251 124
255 251 125
254 252 126
254 252 127
255 251 128
254 250 129
253 250 130
254 249 131
255 250 132
256 249 133
257 250 134
258 251 135
259 251 136
260 250 137
261 250 138
261 249 139
261 249 140
261 248 141
261 247 141
261 247 143
262 246 144
262 245 145
263 244 146
262 243 147
262 242 148
263 231 148
125
262 248 25
262 248 26
262 248 27
262 248 28
263 249 29
262 248 30
262 248 31
262 248 32
262 249 33
262 248 34
262 248 35
261 249 36
261 249 37
262 248 38
261 247 39
262 247 40
261 246 41
261 246 42
261 246 43
261 246 44
261 246 45
261 246 46
261 246 47
261 246 48
261 246 49
261 246 50
261 246 51
261 246 52
261 246 53
261 246 54
261 245 55
261 245 56
261 244 57
262 245 58
262 245 59
262 245 60
262 245 61
262 245 62
262 245 63
262 246 64
262 246 65
263 246 66
262 247 67
261 247 68
261 246 69
261 245 70
262 245 71
263 245 72
264 245 73
263 244 74
262 244 75
262 244 76
262 245 77
261 245 78
261 246 79
262 246 80
263 245 81
263 245 82
264 244 83
263 245 84
263 244 85
263 244 86
264 244 87
264 243 88
264 243 89
263 244 90
263 244 91
262 244 92
262 244 93
261 243 94
260 244 95
260 245 96
260 245 97
261 246 98
262 246 99
261 246 100
260 246 101
260 246 102
261 246 103
261 247 104
260 247 105
260 247 106
261 247 107
260 247 108
259 248 109
258 248 110
257 248 111
256 247 112
257 247 113
256 248 114
256 249 115
256 250 116
256 249 117
257 248 118
257 249 119
258 250 120
259 251 121
258 252 122
257 251 123
256 251 124
255 251 125
254 252 126
254 252 127
255 251 128
254 250 129
253 250 130
254 249 131
255 250 132
256 249 133
257 250 134
258 251 135
259 251 136
260 250 137
261 250 138
261 249 139
261 249 140
261 248 141
261 247 141
261 247 143
262 246 144
262 245 145
263 244 146
262 243 147
262 242 148
269 234 148
122
262 248 25
262 248 26
262 248 27
262 248 28
263 249 29
262 248 30
262 248 31
262 248 32
262 249 33
262 248 34
262 248 35
261 249 36
261 249 37
262 248 38
261 247 39
262 247 40
261 246 41
261 246 42
261 246 43
261 246 44
261 246 45
261 246 46
261 246 47
261 246 48
261 246 49
261 246 50
261 246 51
261 246 52
261 246 53
261 246 54
261 245 55
261 245 56
261 244 57
262 245 58
262 245 59
262 245 60
262 245 61
262 245 62
262 245 63
262 246 64
262 246 65
263 246 66
262 247 67
261 247 68
261 246 69
261 245 70
262 245 71
263 245 72
264 245 73
263 244 74
262 244 75
261 243 76
261 242 76
260 241 77
260 240 78
259 240 79
259 239 80
259 238 81
258 238 82
258 237 83
258 237 84
259 236 85
260 235 86
260 234 87
259 234 88
259 233 89
258 233 90
257 233 90
256 233 91
255 233 92
255 232 93
255 231 94
254 231 95
253 230 96
254 229 97
255 228 98
254 227 99
253 227 100
252 227 101
253 226 102
253 225 103
252 225 104
252 224 105
252 223 106
251 223 107
250 223 108
250 222 109
249 221 110
249 220 111
248 219 112
248 218 113
247 217 114
247 216 114
246 215 115
246 214 115
245 213 116
244 212 117
245 211 117
244 210 118
244 209 119
243 208 119
243 207 120
242 206 121
242 205 122
242 204 123
241 203 124
241 202 125
241 201 126
240 201 127
240 200 128
240 199 129
239 198 130
239 197 131
238 196 132
237 195 133
237 194 134
237 193 135
236 193 136
236 192 137
236 191 138
236 190 138
241 186 138
122
262 248 25
262 248 26
262 248 27
262 248 28
263 249 29
262 248 30
262 248 31
262 248 32
262 249 33
262 248 34
262 248 35
261 249 36
261 249 37
262 248 38
261 247 39
262 247 40
261 246 41
261 246 42
261 246 43
261 246 44
261 246 45
261 246 46
261 246 47
261 246 48
261 246 49
261 246 50
261 246 51
261 246 52
261 246 53
261 246 54
261 245 55
261 245 56
261 244 57
262 245 58
262 245 59
262 245 60
262 245 61
262 245 62
262 245 63
262 246 64
262 246 65
263 246 66
262 247 67
261 247 68
261 246 69
261 245 70
262 245 71
263 245 72
264 245 73
263 244 74
262 244 75
261 243 76
261 242 76
260 241 77
260 240 78
259 240 79
259 239 80
259 238 81
258 238 82
258 237 83
258 237 84
259 236 85
260 235 86
260 234 87
259 234 88
259 233 89
258 233 90
257 233 90
256 233 91
255 233 92
255 232 93
255 231 94
254 231 95
253 230 96
254 229 97
255 228 98
254 227 99
253 227 100
252 227 101
253 226 102
253 225 103
252 225 104
252 224 105
252 223 106
251 223 107
250 223 108
250 222 109
249 221 110
249 220 111
248 219 112
248 218 113
247 217 114
247 216 114
246 215 115
246 214 115
245 213 116
244 212 117
245 211 117
244 210 118
244 209 119
243 208 119
243 207 120
242 206 121
242 205 122
242 204 123
241 203 124
241 202 125
241 201 126
240 201 127
240 200 128
240 199 129
239 198 130
239 197 131
240 197 132
241 198 132
242 197 132
243 196 132
243 195 132
243 194 132
242 193 133
242 192 134
242 191 135
103
262 248 25
262 248 26
262 248 27
262 248 28
263 249 29
262 248 30
262 248 31
262 248 32
262 249 33
262 248 34
262 248 35
261 249 36
261 249 37
262 248 38
261 247 39
262 247 40
261 246 41
261 246 42
261 246 43
261 246 44
261 246 45
261 246 46
261 246 47
261 246 48
261 246 49
261 246 50
261 246 51
261 246 52
261 246 53
261 246 54
261 245 55
261 245 56
261 244 57
262 245 58
262 245 59
262 245 60
262 245 61
262 245 62
262 245 63
262 246 64
262 246 65
263 246 66
262 247 67
261 247 68
261 246 69
261 245 70
262 245 71
263 245 72
264 245 73
263 244 74
262 244 75
262 244 76
262 245 77
261 245 78
261 246 79
262 246 80
263 245 81
263 245 82
264 244 83
263 245 84
263 244 85
263 244 86
264 244 87
264 243 88
264 243 89
263 244 90
263 244 91
262 244 92
262 244 93
261 243 94
260 244 95
260 245 96
260 245 97
261 246 98
262 246 99
261 246 100
260 246 101
260 246 102
261 246 103
261 247 104
260 247 105
260 247 106
261 247 107
260 247 108
259 248 109
258 247 109
257 246 110
256 246 110
255 247 110
254 248 111
253 248 112
252 248 113
252 248 114
252 248 115
251 247 116
251 247 117
250 247 118
250 247 119
250 247 120
250 247 121
249 249 121
245 249 126
239 246 132
103
262 248 25
262 248 26
262 248 27
262 248 28
263 249 29
262 248 30
262 248 31
262 248 32
262 249 33
262 248 34
262 248 35
261 249 36
261 249 37
262 248 38
261 247 39
262 247 40
261 246 41
261 246 42
261 246 43
261 246 44
261 246 45
261 246 46
261 246 47
261 246 48
261 246 49
261 246 50
261 246 51
261 246 52
261 246 53
261 246 54
261 245 55
261 245 56
261 244 57
262 245 58
262 245 59
262 245 60
262 245 61
262 245 62
262 245 63
262 246 64
262 246 65
263 246 66
262 247 67
261 247 68
261 246 69
261 245 70
262 245 71
263 245 72
264 245 73
263 244 74
262 244 75
262 244 76
262 245 77
261 245 78
261 246 79
260 246 80
259 247 81
258 247 82
257 247 83
257 247 84
257 246 85
256 245 86
256 245 87
256 245 88
255 245 89
254 245 90
253 245 91
253 244 92
253 243 93
254 243 94
255 243 94
256 243 95
256 242 96
257 241 97
257 241 98
257 241 99
257 240 100
257 240 101
257 240 102
257 240 103
257 239 104
257 239 105
257 239 106
256 239 107
256 238 108
255 239 109
255 238 110
255 238 111
255 238 112
255 237 113
254 237 114
254 237 115
253 237 116
254 236 117
254 235 118
253 235 119
252 236 120
251 237 121
252 237 122
251 237 123
251 236 124
250 236 125
250 235 126
102
262 248 25
262 248 26
262 248 27
262 248 28
263 249 29
262 248 30
262 248 31
262 248 32
262 249 33
262 248 34
262 248 35
261 249 36
261 249 37
262 248 38
261 247 39
262 247 40
261 246 41
261 246 42
261 246 43
261 246 44
261 246 45
261 246 46
261 246 47
261 246 48
261 246 49
261 246 50
261 246 51
261 246 52
261 246 53
261 246 54
261 245 55
261 245 56
261 244 57
262 245 58
262 245 59
262 245 60
262 245 61
262 245 62
262 245 63
262 246 64
262 246 65
263 246 66
262 247 67
261 247 68
261 246 69
261 245 70
262 245 71
263 245 72
264 245 73
263 244 74
262 244 75
262 244 76
262 245 77
261 245 78
261 246 79
262 246 80
263 245 81
263 245 82
264 244 83
263 245 84
263 244 85
263 244 86
264 244 87
264 243 88
264 243 89
263 244 90
263 244 91
262 244 92
262 244 93
261 243 94
260 244 95
260 245 96
260 245 97
261 246 98
262 246 99
261 246 100
260 246 101
260 246 102
261 246 103
261 247 104
260 247 105
260 247 106
261 247 107
260 247 108
259 248 109
258 247 109
257 246 110
256 246 110
255 247 110
254 248 111
253 248 112
252 248 113
252 248 114
252 248 115
251 247 116
251 247 117
250 247 118
250 247 119
250 247 120
250 247 121
249 249 121
245 249 126
102
262 248 25
262 248 26
262 248 27
262 248 28
263 249 29
262 248 30
262 248 31
262 248 32
262 249 33
262 248 34
262 248 35
261 249 36
261 249 37
262 248 38
261 247 39
262 247 40
261 246 41
261 246 42
261 246 43
261 246 44
261 246 45
261 246 46
261 246 47
261 246 48
261 246 49
261 246 50
261 246 51
261 246 52
261 246 53
261 246 54
261 245 55
261 245 56
261 244 57
262 245 58
262 245 59
262 245 60
262 245 61
262 245 62
262 245 63
262 246 64
262 246 65
263 246 66
262 247 67
261 247 68
261 246 69
261 245 70
262 245 71
263 245 72
264 245 73
263 244 74
262 244 75
262 244 76
262 245 77
261 245 78
261 246 79
260 246 80
259 247 81
258 247 82
257 247 83
257 247 84
257 246 85
256 245 86
256 245 87
256 245 88
255 245 89
254 245 90
253 245 91
253 244 92
253 243 93
254 243 94
255 243 94
256 243 95
256 242 96
257 241 97
257 241 98
257 241 99
257 240 100
257 240 101
257 240 102
257 240 103
257 239 104
257 239 105
257 239 106
256 239 107
256 238 108
255 239 109
255 238 110
255 238 111
255 238 112
255 237 113
254 237 114
254 237 115
253 237 116
254 236 117
255 235 118
256 234 119
256 233 120
255 232 121
254 232 122
254 233 123
253 232 124
252 231 125
101
262 248 25
262 248 26
262 248 27
262 248 28
263 249 29
262 248 30
262 248 31
262 248 32
262 249 33
262 248 34
262 248 35
261 249 36
261 249 37
262 248 38
261 247 39
262 247 40
261 246 41
261 246 42
261 246 43
261 246 44
261 246 45
261 246 46
261 246 47
261 246 48
261 246 49
261 246 50
261 246 51
261 246 52
261 246 53
261 246 54
261 245 55
261 245 56
261 244 57
262 245 58
262 245 59
262 245 60
262 245 61
262 245 62
262 245 63
262 246 64
262 246 65
263 246 66
262 247 67
261 247 68
261 246 69
261 245 70
262 245 71
263 245 72
264 245 73
263 244 74
262 244 75
262 244 76
262 245 77
261 245 78
261 246 79
262 246 80
263 245 81
263 245 82
264 244 83
263 245 84
263 244 85
263 244 86
264 244 87
264 243 88
264 243 89
263 244 90
263 244 91
262 244 92
262 244 93
261 243 94
260 244 95
260 245 96
260 245 97
261 246 98
262 246 99
261 246 100
260 246 101
260 246 102
261 246 103
261 247 104
260 247 105
260 247 106
261 247 107
260 247 108
259 248 109
258 247 109
257 246 110
256 246 110
255 247 110
254 248 111
253 248 112
252 248 113
252 248 114
252 248 115
251 247 116
251 247 117
250 247 118
250 247 119
250 247 120
250 247 121
249 249 121
101
262 248 25
262 248 26
262 248 27
262 248 28
263 249 29
262 248 30
262 248 31
262 248 32
262 249 33
262 248 34
262 248 35
261 249 36
261 249 37
262 248 38
261 247 39
262 247 40
261 246 41
261 246 42
261 246 43
261 246 44
261 246 45
261 246 46
261 246 47
261 246 48
261 246 49
261 246 50
261 246 51
261 246 52
261 246 53
261 246 54
261 245 55
261 245 56
261 244 57
262 245 58
262 245 59
262 245 60
262 245 61
262 245 62
262 245 63
262 246 64
262 246 65
263 246 66
262 247 67
261 247 68
261 246 69
261 245 70
262 245 71
263 245 72
264 245 73
263 244 74
262 244 75
262 244 76
262 245 77
261 245 78
261 246 79
260 246 80
259 247 81
258 247 82
257 247 83
257 247 84
257 246 85
256 245 86
256 245 87
256 245 88
255 245 89
254 245 90
253 245 91
253 244 92
253 243 93
254 243 94
255 243 94
256 243 95
256 242 96
257 241 97
257 241 98
257 241 99
257 240 100
257 240 101
257 240 102
257 240 103
257 239 104
257 239 105
257 239 106
256 239 107
256 238 108
255 239 109
255 238 110
255 238 111
255 238 112
255 237 113
254 237 114
254 237 115
253 237 116
254 236 117
255 235 118
256 234 119
256 233 120
255 232 121
254 232 122
254 233 123
255 234 123
101
262 248 25
262 248 26
262 248 27
262 248 28
263 249 29
262 248 30
262 248 31
262 248 32
262 249 33
262 248 34
262 248 35
261 249 36
261 249 37
262 248 38
261 247 39
262 247 40
261 246 41
261 246 42
261 246 43
261 246 44
261 246 45
261 246 46
261 246 47
261 246 48
261 246 49
261 246 50
261 246 51
261 246 52
261 246 53
261 246 54
261 245 55
261 245 56
261 244 57
262 245 58
262 245 59
262 245 60
262 245 61
262 245 62
262 245 63
262 246 64
262 246 65
263 246 66
262 247 67
261 247 68
261 246 69
261 245 70
262 245 71
263 245 72
264 245 73
263 244 74
262 244 75
262 244 76
262 245 77
261 245 78
261 246 79
260 246 80
259 247 81
258 247 82
257 247 83
257 247 84
257 246 85
256 245 86
256 245 87
256 245 88
255 245 89
254 245 90
253 245 91
253 244 92
253 243 93
254 243 94
255 243 94
256 243 95
256 242 96
257 241 97
257 241 98
257 241 99
257 240 100
257 240 101
257 240 102
257 240 103
257 239 104
257 239 105
257 239 106
256 239 107
256 238 108
255 239 109
255 238 110
255 238 111
255 238 112
255 237 113
254 237 114
254 237 115
253 237 116
254 236 117
255 235 118
256 234 119
256 233 120
255 232 121
254 232 122
255 231 123
256 232 124
101
262 248 25
262 248 26
262 248 27
262 248 28
263 249 29
262 248 30
262 248 31
262 248 32
262 249 33
262 248 34
262 248 35
261 249 36
261 249 37
262 248 38
261 247 39
262 247 40
261 246 41
261 246 42
261 246 43
261 246 44
261 246 45
261 246 46
261 246 47
261 246 48
261 246 49
261 246 50
261 246 51
261 246 52
261 246 53
261 246 54
261 245 55
261 245 56
261 244 57
262 245 58
262 245 59
262 245 60
262 245 61
262 245 62
262 245 63
262 246 64
262 246 65
263 246 66
262 247 67
261 247 68
261 246 69
261 245 70
262 245 71
263 245 72
264 245 73
263 244 74
262 244 75
262 244 76
262 245 77
261 245 78
261 246 79
260 246 80
259 247 81
258 247 82
257 247 83
257 247 84
257 246 85
256 245 86
256 245 87
256 245 88
255 245 89
254 245 90
253 245 91
253 244 92
253 243 93
254 243 94
255 243 94
256 243 95
256 242 96
257 241 97
257 241 98
257 241 99
257 240 100
257 240 101
257 240 102
257 240 103
257 239 104
257 239 105
257 239 106
256 239 107
256 238 108
255 239 109
255 238 110
255 238 111
255 238 112
255 237 113
254 237 114
254 237 115
253 237 116
254 236 117
255 235 118
256 234 119
256 233 120
256 234 121
257 234 122
256 234 123
257 233 124
100
262 248 25
262 248 26
262 248 27
262 248 28
263 249 29
262 248 30
262 248 31
262 248 32
262 249 33
262 248 34
262 248 35
261 249 36
261 249 37
262 248 38
261 247 39
262 247 40
261 246 41
261 246 42
261 246 43
261 246 44
261 246 45
261 246 46
261 246 47
261 246 48
261 246 49
261 246 50
261 246 51
261 246 52
261 246 53
261 246 54
261 245 55
261 245 56
261 244 57
262 245 58
262 245 59
262 245 60
262 245 61
262 245 62
262 245 63
262 246 64
262 246 65
263 246 66
262 247 67
261 247 68
261 246 69
261 245 70
262 245 71
263 245 72
264 245 73
263 244 74
262 244 75
262 244 76
262 245 77
261 245 78
261 246 79
262 246 80
263 245 81
263 245 82
264 244 83
263 245 84
263 244 85
263 244 86
264 244 87
264 243 88
264 243 89
263 244 90
263 244 91
262 244 92
262 244 93
261 243 94
260 244 95
260 245 96
260 245 97
261 246 98
262 246 99
261 246 100
260 246 101
260 246 102
261 246 103
261 247 104
260 247 105
260 247 106
261 247 107
260 247 108
259 248 109
258 247 109
257 246 110
256 246 110
255 247 110
254 248 111
253 248 112
252 248 113
252 248 114
252 248 115
251 247 116
251 247 117
250 247 118
250 247 119
250 247 120
250 247 121
100
262 248 25
262 248 26
262 248 27
262 248 28
263 249 29
262 248 30
262 248 31
262 248 32
262 249 33
262 248 34
262 248 35
261 249 36
261 249 37
262 248 38
261 247 39
262 247 40
261 246 41
261 246 42
261 246 43
261 246 44
261 246 45
261 246 46
261 246 47
261 246 48
261 246 49
261 246 50
261 246 51
261 246 52
261 246 53
261 246 54
261 245 55
261 245 56
261 244 57
262 245 58
262 245 59
262 245 60
262 245 61
262 245 62
262 245 63
262 246 64
262 246 65
263 246 66
262 247 67
261 247 68
261 246 69
261 245 70
262 245 71
263 245 72
264 245 73
263 244 74
262 244 75
262 244 76
262 245 77
261 245 78
261 246 79
260 246 80
259 247 81
258 247 82
257 247 83
257 247 84
257 246 85
256 245 86
256 245 87
256 245 88
255 245 89
254 245 90
253 245 91
253 244 92
253 243 93
254 243 94
255 243 94
256 243 95
256 242 96
257 241 97
257 241 98
257 241 99
257 240 100
257 240 101
257 240 102
257 240 103
257 239 104
257 239 105
257 239 106
256 239 107
256 238 108
255 239 109
255 238 110
255 238 111
255 238 112
255 237 113
254 237 114
254 237 115
253 237 116
252 237 116
251 237 116
250 237 116
249 238 117
248 238 118
248 238 119
248 238 120
100
262 248 25
262 248 26
262 248 27
262 248 28
263 249 29
262 248 30
262 248 31
262 248 32
262 249 33
262 248 34
262 248 35
261 249 36
261 249 37
262 248 38
261 247 39
262 247 40
261 246 41
261 246 42
261 246 43
261 246 44
261 246 45
261 246 46
261 246 47
261 246 48
261 246 49
261 246 50
261 246 51
261 246 52
261 246 53
261 246 54
261 245 55
261 245 56
261 244 57
262 245 58
262 245 59
262 245 60
262 245 61
262 245 62
262 245 63
262 246 64
262 246 65
263 246 66
262 247 67
261 247 68
261 246 69
261 245 70
262 245 71
263 245 72
264 245 73
263 244 74
262 244 75
262 244 76
262 245 77
261 245 78
261 246 79
260 246 80
259 247 81
258 247 82
257 247 83
257 247 84
257 246 85
256 245 86
256 245 87
256 245 88
255 245 89
254 245 90
253 245 91
253 244 92
253 243 93
254 243 94
255 243 94
256 243 95
256 242 96
257 241 97
257 241 98
257 241 99
257 240 100
257 240 101
257 240 102
257 240 103
257 239 104
257 239 105
257 239 106
256 239 107
256 238 108
255 239 109
255 238 110
255 238 111
255 238 112
255 237 113
254 237 114
254 237 115
253 237 116
254 236 117
254 235 118
253 235 119
252 234 120
251 234 120
250 235 121
249 236 122
99
262 248 25
262 248 26
262 248 27
262 248 28
263 249 29
262 248 30
262 248 31
262 248 32
262 249 33
262 248 34
262 248 35
261 249 36
261 249 37
262 248 38
261 247 39
262 247 40
261 246 41
261 246 42
261 246 43
261 246 44
261 246 45
261 246 46
261 246 47
261 246 48
261 246 49
261 246 50
261 246 51
261 246 52
261 246 53
261 246 54
261 245 55
261 245 56
261 244 57
262 245 58
262 245 59
262 245 60
262 245 61
262 245 62
262 245 63
262 246 64
262 246 65
263 246 66
262 247 67
261 247 68
261 246 69
261 245 70
262 245 71
263 245 72
264 245 73
263 244 74
262 244 75
262 244 76
262 245 77
261 245 78
261 246 79
260 246 80
259 247 81
258 247 82
257 247 83
257 247 84
257 246 85
256 245 86
256 245 87
256 245 88
255 245 89
254 245 90
253 245 91
253 244 92
253 243 93
254 243 94
255 243 94
256 243 95
256 242 96
257 241 97
257 241 98
257 241 99
257 240 100
257 240 101
257 240 102
257 240 103
257 239 104
257 239 105
257 239 106
256 239 107
256 238 108
255 239 109
255 238 110
255 238 111
255 238 112
255 237 113
254 237 114
254 237 115
253 237 116
254 236 117
254 235 118
253 235 119
252 236 120
251 237 121
252 238 120
99
262 248 25
262 248 26
262 248 27
262 248 28
263 249 29
262 248 30
262 248 31
262 248 32
262 249 33
262 248 34
262 248 35
261 249 36
261 249 37
262 248 38
261 247 39
262 247 40
261 246 41
261 246 42
261 246 43
261 246 44
261 246 45
261 246 46
261 246 47
261 246 48
261 246 49
261 246 50
261 246 51
261 246 52
261 246 53
261 246 54
261 245 55
261 245 56
261 244 57
262 245 58
262 245 59
262 245 60
262 245 61
262 245 62
262 245 63
262 246 64
262 246 65
263 246 66
262 247 67
261 247 68
261 246 69
261 245 70
262 245 71
263 245 72
264 245 73
263 244 74
262 244 75
262 244 76
262 245 77
261 245 78
261 246 79
260 246 80
259 247 81
258 247 82
257 247 83
257 247 84
257 246 85
256 245 86
256 245 87
256 245 88
255 245 89
254 245 90
253 245 91
253 244 92
253 243 93
254 243 94
255 243 94
256 243 95
256 242 96
257 241 97
257 241 98
257 241 99
257 240 100
257 240 101
257 240 102
257 240 103
257 239 104
257 239 105
257 239 106
256 239 107
256 238 108
255 239 109
255 238 110
255 238 111
255 238 112
255 237 113
254 237 114
254 237 115
253 237 116
254 236 117
254 235 118
253 235 119
252 234 120
252 234 121
253 235 122
98
262 248 25
262 248 26
262 248 27
262 248 28
263 249 29
262 248 30
262 248 31
262 248 32
262 249 33
262 248 34
262 248 35
261 249 36
261 249 37
262 248 38
261 247 39
262 247 40
261 246 41
261 246 42
261 246 43
261 246 44
261 246 45
261 246 46
261 246 47
261 246 48
261 246 49
261 246 50
261 246 51
261 246 52
261 246 53
261 246 54
261 245 55
261 245 56
261 244 57
262 245 58
262 245 59
262 245 60
262 245 61
262 245 62
262 245 63
262 246 64
262 246 65
263 246 66
262 247 67
261 247 68
261 246 69
261 245 70
262 245 71
263 245 72
264 245 73
263 244 74
262 244 75
261 243 76
261 242 76
260 241 77
260 240 78
259 240 79
259 239 80
259 238 81
258 238 82
258 237 83
258 237 84
259 236 85
260 235 86
260 234 87
259 234 88
259 233 89
258 233 90
257 233 90
256 233 91
255 233 92
255 232 93
255 231 94
254 231 95
253 230 96
254 229 97
255 228 98
254 227 99
253 227 100
252 227 101
253 226 102
253 225 103
252 225 104
252 224 105
252 223 106
251 223 107
250 223 108
250 222 109
249 221 110
249 220 111
248 219 112
248 218 113
247 217 114
247 216 114
246 215 115
247 214 115
248 213 114
248 213 113
249 212 112
98
262 248 25
262 248 26
262 248 27
262 248 28
263 249 29
262 248 30
262 248 31
262 248 32
262 249 33
262 248 34
262 248 35
261 249 36
261 249 37
262 248 38
261 247 39
262 247 40
261 246 41
261 246 42
261 246 43
261 246 44
261 246 45
261 246 46
261 246 47
261 246 48
261 246 49
261 246 50
261 246 51
261 246 52
261 246 53
261 246 54
261 245 55
261 245 56
261 244 57
262 245 58
262 245 59
262 245 60
262 245 61
262 245 62
262 245 63
262 246 64
262 246 65
263 246 66
262 247 67
261 247 68
261 246 69
261 245 70
262 245 71
263 245 72
264 245 73
263 244 74
262 244 75
262 244 76
262 245 77
261 245 78
261 246 79
260 246 80
259 247 81
258 247 82
257 247 83
257 247 84
257 246 85
256 245 86
256 245 87
256 245 88
255 245 89
254 245 90
253 245 91
253 244 92
253 243 93
254 243 94
255 243 94
256 243 95
256 242 96
257 241 97
257 241 98
257 241 99
257 240 100
257 240 101
257 240 102
257 240 103
257 239 104
257 239 105
257 239 106
256 239 107
256 238 108
255 239 109
255 238 110
255 238 111
255 238 112
255 237 113
254 237 114
254 237 115
253 237 116
254 236 117
254 235 118
253 235 119
252 236 120
253 237 119
97
262 248 25
262 248 26
262 248 27
262 248 28
263 249 29
262 248 30
262 248 31
262 248 32
262 249 33
262 248 34
262 248 35
261 249 36
261 249 37
262 248 38
261 247 39
262 247 40
261 246 41
261 246 42
261 246 43
261 246 44
261 246 45
261 246 46
261 246 47
261 246 48
261 246 49
261 246 50
261 246 51
261 246 52
261 246 53
261 246 54
261 245 55
261 245 56
261 244 57
262 245 58
262 245 59
262 245 60
262 245 61
262 245 62
262 245 63
262 246 64
262 246 65
263 246 66
262 247 67
261 247 68
261 246 69
261 245 70
262 245 71
263 245 72
264 245 73
263 244 74
262 244 75
261 243 76
261 242 76
260 241 77
260 240 78
259 240 79
259 239 80
259 238 81
258 238 82
258 237 83
258 237 84
259 236 85
260 235 86
260 234 87
259 234 88
259 233 89
258 233 90
257 233 90
256 233 91
255 233 92
255 232 93
255 231 94
254 231 95
253 230 96
254 229 97
255 228 98
254 227 99
253 227 100
252 227 101
253 226 102
253 225 103
252 225 104
252 224 105
252 223 106
251 223 107
250 223 108
250 222 109
249 221 110
249 220 111
248 219 112
248 218 113
249 217 112
250 216 112
251 215 111
251 214 110
251 213 110
250 212 111
91
262 248 25
262 248 26
262 248 27
262 248 28
263 249 29
262 248 30
262 248 31
262 248 32
262 249 33
262 248 34
262 248 35
261 249 36
261 249 37
262 248 38
261 247 39
262 247 40
261 246 41
261 246 42
261 246 43
261 246 44
261 246 45
261 246 46
261 246 47
261 246 48
261 246 49
261 246 50
261 246 51
261 246 52
261 246 53
261 246 54
261 245 55
261 245 56
261 244 57
261 243 57
260 242 57
259 241 58
259 240 59
259 239 60
260 238 61
260 238 62
259 237 63
259 236 64
259 235 65
259 235 66
259 234 67
258 233 68
258 233 69
258 232 70
258 231 71
258 230 72
258 230 73
258 229 74
258 228 75
257 227 76
256 226 77
256 225 78
256 224 79
256 223 80
256 222 81
255 221 81
255 220 82
256 219 83
255 218 84
254 217 85
254 216 86
254 215 87
254 214 87
254 213 88
253 213 89
253 212 90
253 211 90
252 210 91
252 209 91
252 208 91
251 207 92
251 206 93
251 205 93
251 204 94
251 203 94
250 202 95
249 201 96
249 200 96
248 199 97
247 199 97
246 199 97
245 200 97
244 199 96
243 200 96
242 199 96
242 198 97
242 197 97
90
262 248 25
262 248 26
262 248 27
262 248 28
263 249 29
262 248 30
262 248 31
262 248 32
262 249 33
262 248 34
262 248 35
261 249 36
261 249 37
262 248 38
261 247 39
262 247 40
261 246 41
261 246 42
261 246 43
261 246 44
261 246 45
261 246 46
261 246 47
261 246 48
261 246 49
261 246 50
261 246 51
261 246 52
261 246 53
261 246 54
261 245 55
261 245 56
261 244 57
261 243 57
260 242 57
259 241 58
259 240 59
259 239 60
260 238 61
260 238 62
259 237 63
259 236 64
259 235 65
259 235 66
259 234 67
258 233 68
258 233 69
258 232 70
258 231 71
258 230 72
258 230 73
258 229 74
258 228 75
257 227 76
256 226 77
256 225 78
256 224 79
256 223 80
256 222 81
255 221 81
255 220 82
256 219 83
255 218 84
254 217 85
254 216 86
254 215 87
254 214 87
254 213 88
253 213 89
253 212 90
253 211 90
252 210 91
252 209 91
252 208 91
251 207 92
251 206 93
251 205 93
251 204 94
251 203 94
250 202 95
249 201 96
249 200 96
248 199 97
248 198 97
248 197 97
247 196 97
246 195 96
245 195 96
244 195 96
243 196 97
87
262 248 25
262 248 26
262 248 27
262 248 28
263 249 29
264 250 29
265 251 29
264 252 30
264 252 31
264 252 32
263 252 33
264 252 34
264 252 35
264 252 36
264 252 37
265 253 38
265 254 39
265 254 40
264 255 41
265 255 42
265 255 43
265 255 44
265 255 45
265 256 46
266 256 47
265 257 48
265 257 49
265 257 50
265 257 51
265 257 52
265 258 53
265 258 54
265 258 55
265 259 56
265 260 57
266 260 58
266 261 59
266 261 60
266 262 61
266 262 62
266 263 63
266 263 64
267 263 65
266 264 66
267 264 67
267 265 68
267 266 69
267 267 70
268 267 71
269 267 72
269 268 73
269 269 74
269 270 75
270 270 76
270 271 77
270 272 78
271 273 79
271 274 80
272 275 80
272 276 81
273 276 82
273 277 83
274 277 84
275 278 85
275 279 85
276 280 86
277 281 87
278 281 87
279 282 88
279 283 89
280 284 89
281 285 90
282 286 91
283 287 91
284 288 92
285 287 92
286 288 92
287 289 92
288 290 92
289 291 93
290 292 93
291 293 93
292 294 94
293 294 94
294 295 94
295 296 94
300 303 94
87
262 248 25
262 248 26
262 248 27
262 248 28
263 249 29
262 248 30
262 248 31
262 248 32
262 249 33
262 248 34
262 248 35
261 249 36
261 249 37
262 248 38
261 247 39
262 247 40
261 246 41
261 246 42
261 246 43
261 246 44
261 246 45
261 246 46
261 246 47
261 246 48
261 246 49
261 246 50
261 246 51
261 246 52
261 246 53
261 246 54
261 245 55
261 245 56
261 244 57
261 243 57
260 242 57
259 241 58
259 240 59
259 239 60
260 238 61
260 238 62
259 237 63
259 236 64
259 235 65
259 235 66
259 234 67
258 233 68
258 233 69
258 232 70
258 231 71
258 230 72
258 230 73
258 229 74
258 228 75
257 227 76
256 226 77
256 225 78
256 224 79
256 223 80
256 222 81
255 221 81
255 220 82
256 219 83
255 218 84
254 217 85
254 216 86
254 215 87
254 214 87
254 213 88
253 213 89
253 212 90
253 211 90
252 210 91
252 209 91
252 208 91
251 207 92
251 206 93
251 205 93
251 204 94
251 203 94
250 202 95
249 201 96
249 200 96
248 199 97
247 199 97
246 199 97
245 200 97
244 201 96
86
262 248 25
262 248 26
262 248 27
262 248 28
263 249 29
262 248 30
262 248 31
262 248 32
262 249 33
262 248 34
262 248 35
261 249 36
261 249 37
262 248 38
261 247 39
262 247 40
261 246 41
261 246 42
261 246 43
261 246 44
261 246 45
261 246 46
261 246 47
261 246 48
261 246 49
261 246 50
261 246 51
261 246 52
261 246 53
261 246 54
261 245 55
261 245 56
261 244 57
262 245 58
262 245 59
262 245 60
262 245 61
262 245 62
262 245 63
262 246 64
262 246 65
263 246 66
262 247 67
261 247 68
261 246 69
261 245 70
262 245 71
263 245 72
264 245 73
263 244 74
262 244 75
262 244 76
262 245 77
261 245 78
261 246 79
262 246 80
263 245 81
263 245 82
264 244 83
263 245 84
263 244 85
263 244 86
264 244 87
264 243 88
264 243 89
263 244 90
263 244 91
262 244 92
262 244 93
261 243 94
260 244 95
260 245 96
260 245 97
261 246 98
262 246 99
263 246 99
264 245 99
265 245 99
266 245 99
267 245 100
268 245 101
269 246 102
269 246 103
269 247 104
270 247 105
271 248 109
86
262 248 25
262 248 26
262 248 27
262 248 28
263 249 29
264 250 29
265 251 29
264 252 30
264 252 31
264 252 32
263 252 33
264 252 34
264 252 35
264 252 36
264 252 37
265 253 38
265 254 39
265 254 40
264 255 41
265 255 42
265 255 43
265 255 44
265 255 45
265 256 46
266 256 47
265 257 48
265 257 49
265 257 50
265 257 51
265 257 52
265 258 53
265 258 54
265 258 55
265 259 56
265 260 57
266 260 58
266 261 59
266 261 60
266 262 61
266 262 62
266 263 63
266 263 64
267 263 65
266 264 66
267 264 67
267 265 68
267 266 69
267 267 70
268 267 71
269 267 72
269 268 73
269 269 74
269 270 75
270 270 76
270 271 77
270 272 78
271 273 79
271 274 80
272 275 80
272 276 81
273 276 82
273 277 83
274 277 84
275 278 85
275 279 85
276 280 86
277 281 87
278 281 87
279 282 88
279 283 89
280 284 89
281 285 90
282 286 91
283 287 91
284 288 92
285 287 92
286 288 92
287 289 92
288 290 92
289 291 93
290 292 93
291 293 93
292 294 94
293 294 94
294 295 94
295 296 94
85
262 248 25
262 248 26
262 248 27
262 248 28
263 249 29
262 248 30
262 248 31
262 248 32
262 249 33
262 248 34
262 248 35
261 249 36
261 249 37
262 248 38
261 247 39
262 247 40
261 246 41
261 246 42
261 246 43
261 246 44
261 246 45
261 246 46
261 246 47
261 246 48
261 246 49
261 246 50
261 246 51
261 246 52
261 246 53
261 246 54
261 245 55
261 245 56
261 244 57
262 245 58
262 245 59
262 245 60
262 245 61
262 245 62
262 245 63
262 246 64
262 246 65
263 246 66
262 247 67
261 247 68
261 246 69
261 245 70
262 245 71
263 245 72
264 245 73
263 244 74
262 244 75
262 244 76
262 245 77
261 245 78
261 246 79
262 246 80
263 245 81
263 245 82
264 244 83
263 245 84
263 244 85
263 244 86
264 244 87
264 243 88
264 243 89
263 244 90
263 244 91
262 244 92
262 244 93
261 243 94
260 244 95
260 245 96
260 245 97
261 246 98
262 246 99
263 246 99
264 245 99
265 245 99
266 245 99
267 245 100
268 245 101
269 246 102
269 246 103
269 247 104
270 247 105
80
262 248 25
262 248 26
262 248 27
262 248 28
263 249 29
262 248 30
262 248 31
262 248 32
262 249 33
262 248 34
262 248 35
261 249 36
261 249 37
262 248 38
261 247 39
262 247 40
261 246 41
261 246 42
261 246 43
261 246 44
261 246 45
261 246 46
261 246 47
261 246 48
261 246 49
261 246 50
261 246 51
261 246 52
261 246 53
261 246 54
261 245 55
261 245 56
261 244 57
261 243 57
260 242 57
259 241 58
259 240 59
259 239 60
260 238 61
260 238 62
259 237 63
259 236 64
259 235 65
259 235 66
259 234 67
258 233 68
258 233 69
258 232 70
258 231 71
258 230 72
258 230 73
258 229 74
258 228 75
257 227 76
256 226 77
256 225 78
256 224 79
256 223 80
256 222 81
255 221 81
255 220 82
256 219 83
255 218 84
254 217 85
254 216 86
254 215 87
254 214 87
254 213 88
253 213 89
253 212 90
253 211 90
252 210 91
252 209 91
252 208 91
251 207 92
251 206 93
251 205 93
251 204 94
251 203 94
272 202 94
79
262 248 25
262 248 26
262 248 27
262 248 28
263 249 29
262 248 30
262 248 31
262 248 32
262 249 33
262 248 34
262 248 35
261 249 36
261 249 37
262 248 38
261 247 39
262 247 40
261 246 41
261 246 42
261 246 43
261 246 44
261 246 45
261 246 46
261 246 47
261 246 48
261 246 49
261 246 50
261 246 51
261 246 52
261 246 53
261 246 54
261 245 55
261 245 56
261 244 57
262 245 58
262 245 59
262 245 60
262 245 61
262 245 62
262 245 63
262 246 64
262 246 65
263 246 66
262 247 67
261 247 68
261 246 69
261 245 70
262 245 71
263 245 72
264 245 73
263 244 74
262 244 75
261 243 76
261 242 76
260 241 77
260 240 78
259 240 79
259 239 80
259 238 81
258 238 82
258 237 83
258 237 84
259 236 85
260 235 86
260 234 87
259 234 88
259 233 89
258 233 90
257 233 90
256 233 91
255 233 92
255 232 93
255 231 94
254 231 95
253 230 96
252 231 96
251 230 97
250 229 98
250 228 99
251 227 100
77
262 248 25
262 248 26
262 248 27
262 248 28
263 249 29
264 250 29
265 251 29
264 252 30
264 252 31
264 252 32
263 252 33
264 252 34
264 252 35
264 252 36
264 252 37
265 253 38
265 254 39
265 254 40
264 255 41
265 255 42
265 255 43
265 255 44
265 255 45
265 256 46
266 256 47
265 257 48
265 257 49
265 257 50
265 257 51
265 257 52
265 258 53
265 258 54
265 258 55
265 259 56
265 260 57
266 260 58
266 261 59
266 261 60
266 262 61
266 262 62
266 263 63
266 263 64
267 263 65
266 264 66
267 264 67
267 265 68
267 266 69
267 267 70
268 267 71
269 267 72
269 268 73
269 269 74
269 270 75
270 270 76
270 271 77
270 272 78
271 273 79
271 274 80
272 275 80
272 276 81
273 276 82
273 277 83
274 277 84
275 278 85
275 279 85
276 280 86
277 281 87
278 281 87
279 282 88
279 283 89
280 284 89
281 285 90
282 286 91
283 287 91
284 288 92
285 287 92
291 286 92
73
262 248 25
262 248 26
262 248 27
262 248 28
263 249 29
262 248 30
262 248 31
262 248 32
262 249 33
262 248 34
262 248 35
261 249 36
261 249 37
262 248 38
261 247 39
262 247 40
261 246 41
261 246 42
261 246 43
261 246 44
261 246 45
261 246 46
261 246 47
261 246 48
261 246 49
261 246 50
261 246 51
261 246 52
261 246 53
261 246 54
261 245 55
261 245 56
261 244 57
262 245 58
262 245 59
262 245 60
262 245 61
262 245 62
262 245 63
262 246 64
262 246 65
263 246 66
262 247 67
261 247 68
261 246 69
261 245 70
262 245 71
263 245 72
264 245 73
263 244 74
262 244 75
262 244 76
262 245 77
261 245 78
261 246 79
262 246 80
263 245 81
263 245 82
264 244 83
263 245 84
263 244 85
263 244 86
264 244 87
264 243 88
264 243 89
263 244 90
263 244 91
262 244 92
262 244 93
261 243 94
260 244 95
259 243 95
258 243 94
73
262 248 25
262 248 26
262 248 27
262 248 28
263 249 29
262 248 30
262 248 31
262 248 32
262 249 33
262 248 34
262 248 35
261 249 36
261 249 37
262 248 38
261 247 39
262 247 40
261 246 41
261 246 42
261 246 43
261 246 44
261 246 45
261 246 46
261 246 47
261 246 48
261 246 49
261 246 50
261 246 51
261 246 52
261 246 53
261 246 54
261 245 55
261 245 56
261 244 57
262 245 58
262 245 59
262 245 60
262 245 61
262 245 62
262 245 63
262 246 64
262 246 65
263 246 66
262 247 67
261 247 68
261 246 69
261 245 70
262 245 71
263 245 72
264 245 73
263 244 74
262 244 75
261 243 76
261 242 76
260 241 77
260 240 78
259 240 79
259 239 80
259 238 81
258 238 82
258 237 83
258 237 84
259 236 85
260 235 86
260 234 87
259 234 88
259 233 89
258 233 90
257 233 90
256 233 91
257 232 92
258 231 93
259 231 93
260 232 94
72
262 248 25
262 248 26
262 248 27
262 248 28
263 249 29
262 248 30
262 248 31
262 248 32
262 249 33
262 248 34
262 248 35
261 249 36
261 249 37
262 248 38
261 247 39
262 247 40
261 246 41
261 246 42
261 246 43
261 246 44
261 246 45
261 246 46
261 246 47
261 246 48
261 246 49
261 246 50
261 246 51
261 246 52
261 246 53
261 246 54
261 245 55
261 245 56
261 244 57
262 245 58
262 245 59
262 245 60
262 245 61
262 245 62
262 245 63
262 246 64
262 246 65
263 246 66
262 247 67
261 247 68
261 246 69
261 245 70
262 245 71
263 245 72
264 245 73
263 244 74
262 244 75
262 244 76
262 245 77
261 245 78
261 246 79
260 246 80
259 247 81
258 247 82
257 247 83
256 248 84
255 249 85
255 249 86
255 250 87
255 250 88
255 250 89
254 250 90
254 250 91
254 250 92
255 250 93
255 251 94
255 251 95
255 251 96
72
262 248 25
262 248 26
262 248 27
262 248 28
263 249 29
262 248 30
262 248 31
262 248 32
262 249 33
262 248 34
262 248 35
261 249 36
261 249 37
262 248 38
261 247 39
262 247 40
261 246 41
261 246 42
261 246 43
261 246 44
261 246 45
261 246 46
261 246 47
261 246 48
261 246 49
261 246 50
261 246 51
261 246 52
261 246 53
261 246 54
261 245 55
261 245 56
261 244 57
262 245 58
262 245 59
262 245 60
262 245 61
262 245 62
262 245 63
262 246 64
262 246 65
263 246 66
262 247 67
261 247 68
261 246 69
261 245 70
262 245 71
263 245 72
264 245 73
263 244 74
262 244 75
261 243 76
261 242 76
260 241 77
260 240 78
259 240 79
259 239 80
259 238 81
258 238 82
258 237 83
258 237 84
259 236 85
260 235 86
260 234 87
259 234 88
259 233 89
260 232 89
261 232 90
261 231 91
261 230 92
262 231 93
261 232 94
72
262 248 25
262 248 26
262 248 27
262 248 28
263 249 29
262 248 30
262 248 31
262 248 32
262 249 33
262 248 34
262 248 35
261 249 36
261 249 37
262 248 38
261 247 39
262 247 40
261 246 41
261 246 42
261 246 43
261 246 44
261 246 45
261 246 46
261 246 47
261 246 48
261 246 49
261 246 50
261 246 51
261 246 52
261 246 53
261 246 54
261 245 55
261 245 56
261 244 57
262 245 58
262 245 59
262 245 60
262 245 61
262 245 62
262 245 63
262 246 64
262 246 65
263 246 66
262 247 67
261 247 68
261 246 69
261 245 70
262 245 71
263 245 72
264 245 73
263 244 74
262 244 75
261 243 76
261 242 76
260 241 77
260 240 78
259 240 79
259 239 80
259 238 81
258 238 82
258 237 83
258 237 84
259 236 85
260 235 86
260 234 87
259 234 88
259 233 89
260 232 89
261 232 90
261 231 91
261 230 92
262 230 93
263 230 94
70
262 248 25
262 248 26
262 248 27
262 248 28
263 249 29
262 248 30
262 248 31
262 248 32
262 249 33
262 248 34
262 248 35
261 249 36
261 249 37
262 248 38
261 247 39
262 247 40
261 246 41
261 246 42
261 246 43
261 246 44
261 246 45
261 246 46
261 246 47
261 246 48
261 246 49
261 246 50
261 246 51
261 246 52
261 246 53
261 246 54
261 245 55
261 245 56
261 244 57
262 245 58
262 245 59
262 245 60
262 245 61
262 245 62
262 245 63
262 246 64
262 246 65
263 246 66
262 247 67
261 247 68
261 246 69
261 245 70
262 245 71
263 245 72
264 245 73
263 244 74
262 244 75
261 243 76
261 242 76
260 241 77
260 240 78
259 240 79
259 239 80
259 238 81
258 238 82
258 237 83
257 237 84
256 238 84
255 238 84
254 238 85
253 238 86
252 238 87
252 237 88
252 236 89
253 235 90
254 234 91
69
262 248 25
262 248 26
262 248 27
262 248 28
263 249 29
262 248 30
262 248 31
262 248 32
262 249 33
262 248 34
262 248 35
261 249 36
261 249 37
262 248 38
261 247 39
262 247 40
261 246 41
261 246 42
261 246 43
261 246 44
261 246 45
261 246 46
261 246 47
261 246 48
261 246 49
261 246 50
261 246 51
261 246 52
261 246 53
261 246 54
261 245 55
261 245 56
261 244 57
262 245 58
262 245 59
262 245 60
262 245 61
262 245 62
262 245 63
262 246 64
262 246 65
263 246 66
264 247 67
264 248 68
265 249 69
264 250 70
264 251 71
263 252 72
262 251 73
262 252 74
263 252 75
264 253 76
265 253 76
266 253 77
266 253 78
266 254 79
267 254 80
267 254 81
267 255 82
267 255 83
268 255 84
268 256 85
269 256 86
270 256 87
270 256 88
270 256 89
271 257 90
271 258 91
271 259 92
54
262 248 25
262 248 26
262 248 27
262 248 28
263 249 29
262 248 30
262 248 31
262 248 32
262 249 33
262 248 34
262 248 35
261 249 36
261 249 37
262 248 38
261 247 39
262 247 40
261 246 41
261 246 42
261 246 43
261 246 44
261 246 45
261 246 46
261 246 47
261 246 48
261 246 49
261 246 50
261 246 51
261 246 52
261 246 53
261 246 54
261 245 55
261 245 56
261 244 57
262 245 58
262 245 59
262 245 60
262 245 61
262 245 62
262 245 63
262 246 64
262 246 65
263 246 66
264 247 67
264 248 68
265 249 69
264 250 70
264 251 71
263 252 72
262 251 73
262 252 74
263 252 75
264 253 76
263 254 77
262 254 78
20
262 248 25
262 248 26
262 248 27
262 248 28
263 249 29
262 248 30
262 248 31
262 248 32
262 249 33
262 248 34
262 248 35
261 249 36
261 249 37
262 248 38
262 249 39
261 250 40
260 250 41
260 250 42
260 251 43
260 251 44
11
262 248 25
262 248 26
262 248 27
262 248 28
263 249 29
262 248 30
262 248 31
262 248 32
262 249 33
261 250 33
262 251 33
