59
239
241 264 23
240 265 24
240 265 25
240 265 26
240 265 27
240 265 28
240 266 29
240 266 30
240 266 31
240 266 32
240 266 33
240 266 34
240 266 35
240 266 36
240 266 37
240 266 38
240 267 39
240 267 40
240 267 41
240 267 42
240 267 43
240 267 44
240 267 45
240 267 46
240 267 47
240 268 48
239 269 49
239 269 50
239 269 51
240 269 52
239 269 53
239 270 54
240 269 55
240 268 56
240 268 57
241 268 58
240 268 59
240 268 60
241 267 61
241 268 62
242 267 63
241 267 64
241 268 65
240 268 66
239 268 67
240 269 68
240 269 69
240 269 70
239 269 71
239 269 72
239 269 73
239 270 74
239 270 75
240 271 76
241 270 77
241 270 78
241 270 79
240 269 80
239 268 81
238 267 82
238 266 83
239 267 84
239 267 85
239 268 86
240 269 87
241 270 88
241 270 89
241 270 90
241 270 91
241 270 92
241 271 93
241 270 94
241 270 95
241 270 96
241 270 97
241 270 98
242 271 99
243 272 99
243 273 100
242 273 101
242 273 102
242 274 103
241 273 104
240 273 105
240 273 106
240 273 107
240 273 108
239 273 109
239 273 110
239 273 111
239 274 112
239 274 113
240 275 114
241 276 115
240 275 116
239 275 117
239 275 118
239 275 119
238 274 120
238 275 121
238 275 122
238 275 123
238 275 124
237 275 125
238 276 126
237 276 127
238 277 128
237 277 129
237 277 130
237 277 131
237 277 132
237 277 133
237 277 134
237 277 135
237 277 136
238 277 137
238 278 138
238 279 137
238 280 136
237 281 137
236 281 138
236 282 139
236 283 140
235 282 141
234 281 142
235 282 143
235 282 144
235 283 145
235 283 146
236 284 147
236 285 148
236 286 149
235 285 150
234 285 151
234 286 152
233 286 153
234 287 154
233 287 155
233 287 156
233 287 157
233 288 158
233 288 159
233 288 160
232 288 161
233 289 162
232 289 163
233 289 164
233 289 165
234 290 166
234 290 167
234 291 168
234 291 169
234 291 170
234 292 171
234 292 172
234 293 173
234 294 174
234 294 175
233 295 176
234 296 177
233 296 178
233 297 179
233 298 180
232 298 181
231 299 182
232 300 183
232 301 184
231 301 185
230 302 185
231 303 186
230 304 187
230 305 188
230 306 189
229 307 190
229 308 191
229 308 192
229 309 193
229 309 194
229 309 195
229 310 196
229 310 197
229 310 198
228 310 199
228 310 200
229 311 201
228 311 202
228 311 203
228 312 204
228 313 205
228 314 206
227 315 207
228 316 208
228 317 209
227 318 210
227 318 211
228 318 212
228 318 213
227 319 214
227 319 215
227 320 216
227 320 217
227 320 218
226 321 219
227 321 220
226 322 221
226 322 222
226 323 223
226 323 224
226 324 225
226 325 226
226 325 227
225 326 228
226 326 229
225 327 230
225 328 231
225 328 232
224 329 233
225 329 234
225 330 235
225 331 236
225 332 237
226 332 238
226 333 239
226 334 240
227 334 241
227 335 242
227 336 243
227 336 244
227 337 245
227 338 246
226 339 247
226 340 248
226 341 249
226 341 250
225 342 251
225 343 252
224 344 253
224 344 254
225 344 255
231
241 264 23
240 265 24
240 265 25
240 265 26
240 265 27
240 265 28
240 266 29
240 266 30
240 266 31
240 266 32
240 266 33
240 266 34
240 266 35
240 266 36
240 266 37
240 266 38
240 267 39
240 267 40
240 267 41
240 267 42
240 267 43
240 267 44
240 267 45
240 267 46
240 267 47
240 268 48
239 269 49
239 269 50
239 269 51
240 269 52
239 269 53
239 270 54
240 269 55
240 268 56
240 268 57
241 268 58
240 268 59
240 268 60
241 267 61
241 268 62
242 267 63
241 267 64
241 268 65
240 268 66
239 268 67
240 269 68
240 269 69
240 269 70
239 269 71
239 269 72
239 269 73
239 270 74
239 270 75
240 271 76
241 270 77
241 270 78
241 270 79
240 269 80
239 268 81
238 267 82
238 266 83
239 267 84
239 267 85
239 268 86
240 269 87
241 270 88
241 270 89
241 270 90
241 270 91
241 270 92
241 271 93
241 270 94
241 270 95
241 270 96
241 270 97
241 270 98
242 271 99
243 272 99
243 273 100
242 273 101
242 273 102
242 274 103
241 273 104
240 273 105
240 273 106
240 273 107
240 273 108
239 273 109
239 273 110
239 273 111
239 274 112
239 274 113
240 275 114
241 276 115
240 275 116
239 275 117
239 275 118
239 275 119
238 274 120
238 275 121
238 275 122
238 275 123
238 275 124
237 275 125
238 276 126
237 276 127
238 277 128
237 277 129
237 277 130
237 277 131
237 277 132
237 277 133
237 277 134
237 277 135
237 277 136
238 277 137
238 278 138
239 278 139
239 277 140
240 277 141
239 277 142
239 277 143
240 277 144
239 276 145
240 275 146
240 275 147
240 275 148
241 275 149
240 275 150
241 275 151
242 275 152
242 275 153
242 274 154
243 274 155
243 274 156
243 274 157
244 274 158
244 274 159
244 273 160
244 273 161
245 273 162
245 272 163
245 272 164
246 272 165
246 272 166
246 272 167
246 272 168
246 272 169
247 271 170
247 271 171
248 271 172
248 271 173
248 271 174
248 271 175
249 271 176
249 271 177
250 271 178
250 271 179
249 270 180
249 270 181
249 270 182
249 270 183
250 270 184
250 270 185
250 270 186
251 270 187
252 270 188
252 270 189
251 269 190
251 269 191
251 269 192
251 269 193
252 269 194
252 269 195
252 269 196
252 269 197
252 269 198
252 269 199
253 269 200
253 269 201
253 269 202
253 269 203
253 269 204
253 269 205
254 269 206
255 270 207
255 270 208
255 269 209
254 268 210
255 268 211
255 268 212
256 269 213
255 268 214
256 268 215
256 267 216
256 267 217
257 267 218
257 267 219
257 267 220
257 267 221
258 267 222
258 267 223
258 266 224
258 266 225
259 266 226
260 267 227
260 266 228
260 266 229
260 265 230
260 265 231
261 265 232
261 265 233
262 265 234
262 264 235
262 264 236
262 264 237
263 264 238
263 263 239
263 263 240
264 263 241
264 263 242
264 263 243
265 262 244
266 262 245
266 262 246
266 262 247
266 262 248
266 262 249
266 262 250
267 262 251
269 262 255
230
241 264 23
240 265 24
240 265 25
240 265 26
240 265 27
240 265 28
240 266 29
240 266 30
240 266 31
240 266 32
240 266 33
240 266 34
240 266 35
240 266 36
240 266 37
240 266 38
240 267 39
240 267 40
240 267 41
240 267 42
240 267 43
240 267 44
240 267 45
240 267 46
240 267 47
240 268 48
239 269 49
239 269 50
239 269 51
240 269 52
239 269 53
239 270 54
240 269 55
240 268 56
240 268 57
241 268 58
240 268 59
240 268 60
241 267 61
241 268 62
242 267 63
241 267 64
241 268 65
240 268 66
239 268 67
240 269 68
240 269 69
240 269 70
239 269 71
239 269 72
239 269 73
239 270 74
239 270 75
240 271 76
241 270 77
241 270 78
241 270 79
240 269 80
239 268 81
238 267 82
238 266 83
239 267 84
239 267 85
239 268 86
240 269 87
241 270 88
241 270 89
241 270 90
241 270 91
241 270 92
241 271 93
241 270 94
241 270 95
241 270 96
241 270 97
241 270 98
242 271 99
243 272 99
243 273 100
242 273 101
242 273 102
242 274 103
241 273 104
240 273 105
240 273 106
240 273 107
240 273 108
239 273 109
239 273 110
239 273 111
239 274 112
239 274 113
240 275 114
241 276 115
240 275 116
239 275 117
239 275 118
239 275 119
238 274 120
238 275 121
238 275 122
238 275 123
238 275 124
237 275 125
238 276 126
237 276 127
238 277 128
237 277 129
237 277 130
237 277 131
237 277 132
237 277 133
237 277 134
237 277 135
237 277 136
238 277 137
238 278 138
239 278 139
239 277 140
240 277 141
239 277 142
239 277 143
240 277 144
239 276 145
240 275 146
240 275 147
240 275 148
241 275 149
240 275 150
241 275 151
242 275 152
242 275 153
242 274 154
243 274 155
243 274 156
243 274 157
244 274 158
244 274 159
244 273 160
244 273 161
245 273 162
245 272 163
245 272 164
246 272 165
246 272 166
246 272 167
246 272 168
246 272 169
247 271 170
247 271 171
248 271 172
248 271 173
248 271 174
248 271 175
249 271 176
249 271 177
250 271 178
250 271 179
249 270 180
249 270 181
249 270 182
249 270 183
250 270 184
250 270 185
250 270 186
251 270 187
252 270 188
252 270 189
251 269 190
251 269 191
251 269 192
251 269 193
252 269 194
252 269 195
252 269 196
252 269 197
252 269 198
252 269 199
253 269 200
253 269 201
253 269 202
253 269 203
253 269 204
253 269 205
254 269 206
255 270 207
255 270 208
255 269 209
254 268 210
255 268 211
255 268 212
256 269 213
255 268 214
256 268 215
256 267 216
256 267 217
257 267 218
257 267 219
257 267 220
257 267 221
258 267 222
258 267 223
258 266 224
258 266 225
259 266 226
260 267 227
260 266 228
260 266 229
260 265 230
260 265 231
261 265 232
261 265 233
262 265 234
262 264 235
262 264 236
262 264 237
263 264 238
263 263 239
263 263 240
264 263 241
264 263 242
264 263 243
265 262 244
266 262 245
266 262 246
266 262 247
266 262 248
266 262 249
266 262 250
267 262 251
224
241 264 23
240 265 24
240 265 25
240 265 26
240 265 27
240 265 28
240 266 29
240 266 30
240 266 31
240 266 32
240 266 33
240 266 34
240 266 35
240 266 36
240 266 37
240 266 38
240 267 39
240 267 40
240 267 41
240 267 42
240 267 43
240 267 44
240 267 45
240 267 46
240 267 47
240 268 48
239 269 49
239 269 50
239 269 51
240 269 52
239 269 53
239 270 54
240 269 55
240 268 56
240 268 57
241 268 58
240 268 59
240 268 60
241 267 61
241 268 62
242 267 63
241 267 64
241 268 65
240 268 66
239 268 67
240 269 68
240 269 69
240 269 70
239 269 71
239 269 72
239 269 73
239 270 74
239 270 75
240 271 76
241 270 77
241 270 78
241 270 79
240 269 80
239 268 81
238 267 82
238 266 83
239 267 84
239 267 85
239 268 86
240 269 87
241 270 88
241 270 89
241 270 90
241 270 91
241 270 92
241 271 93
241 270 94
241 270 95
241 270 96
241 270 97
241 270 98
242 271 99
243 272 99
243 273 100
242 273 101
242 273 102
242 274 103
241 273 104
240 273 105
240 273 106
240 273 107
240 273 108
239 273 109
239 273 110
239 273 111
239 274 112
239 274 113
240 275 114
241 276 115
240 275 116
239 275 117
239 275 118
239 275 119
238 274 120
238 275 121
238 275 122
238 275 123
238 275 124
237 275 125
238 276 126
237 276 127
238 277 128
237 277 129
237 277 130
237 277 131
237 277 132
237 277 133
237 277 134
237 277 135
237 277 136
238 277 137
238 278 138
238 279 137
238 280 136
237 281 137
236 281 138
236 282 139
236 283 140
235 282 141
234 281 142
235 282 143
235 282 144
235 283 145
235 283 146
236 284 147
236 285 148
236 286 149
235 285 150
234 285 151
234 286 152
233 286 153
234 287 154
233 287 155
233 287 156
233 287 157
233 288 158
233 288 159
233 288 160
232 288 161
233 289 162
232 289 163
233 289 164
233 289 165
234 290 166
234 290 167
234 291 168
234 291 169
234 291 170
234 292 171
234 292 172
234 293 173
234 294 174
234 294 175
233 295 176
234 296 177
233 296 178
233 297 179
233 298 180
232 298 181
231 299 182
232 300 183
232 301 184
231 301 185
230 302 185
231 303 186
230 304 187
230 305 188
230 306 189
229 307 190
229 308 191
229 308 192
229 309 193
229 309 194
229 309 195
229 310 196
229 310 197
229 310 198
228 310 199
228 310 200
229 311 201
228 311 202
228 311 203
228 312 204
228 313 205
228 314 206
227 315 207
228 316 208
228 317 209
227 318 210
227 318 211
228 318 212
228 318 213
227 319 214
227 319 215
227 320 216
227 320 217
227 320 218
226 321 219
227 321 220
226 322 221
226 322 222
226 323 223
226 323 224
226 324 225
226 325 226
226 325 227
225 326 228
226 326 229
225 327 230
225 328 231
225 328 232
224 329 233
223 329 233
222 330 233
221 331 233
220 331 234
219 331 235
219 331 236
219 331 237
199
241 264 23
240 265 24
240 265 25
240 265 26
240 265 27
240 265 28
240 266 29
240 266 30
240 266 31
240 266 32
240 266 33
240 266 34
240 266 35
240 266 36
240 266 37
240 266 38
240 267 39
240 267 40
240 267 41
240 267 42
240 267 43
240 267 44
240 267 45
240 267 46
240 267 47
240 268 48
239 269 49
239 269 50
239 269 51
240 269 52
239 269 53
239 270 54
240 269 55
240 268 56
240 268 57
241 268 58
240 268 59
240 268 60
241 267 61
241 268 62
242 267 63
241 267 64
241 268 65
240 268 66
239 268 67
240 269 68
240 269 69
240 269 70
239 269 71
239 269 72
239 269 73
239 270 74
239 270 75
240 271 76
241 270 77
241 270 78
241 270 79
240 269 80
239 268 81
238 267 82
238 266 83
239 267 84
239 267 85
239 268 86
240 269 87
241 270 88
241 270 89
241 270 90
241 270 91
241 270 92
241 271 93
241 270 94
241 270 95
241 270 96
241 270 97
241 270 98
242 269 99
243 268 100
242 267 100
243 266 101
243 265 102
244 266 103
244 266 104
244 265 105
245 266 106
245 266 107
245 266 108
245 266 109
246 266 110
246 266 111
247 267 112
247 266 113
247 266 114
248 267 115
247 266 116
248 266 117
249 267 118
249 267 119
248 266 120
248 265 121
248 265 122
248 265 123
248 264 124
249 265 125
250 265 126
249 264 127
250 264 128
251 264 129
251 264 130
251 263 131
252 263 132
251 262 133
252 262 134
251 262 135
252 262 136
253 262 137
253 262 138
253 262 139
253 262 140
253 262 141
254 262 142
254 262 143
254 262 144
253 261 145
254 261 146
254 261 147
254 261 148
254 261 149
254 261 150
254 261 151
254 261 152
255 261 153
255 261 154
255 261 155
256 261 156
256 261 157
256 261 158
256 261 159
257 260 160
257 260 161
258 259 162
259 258 163
260 258 164
260 257 165
261 257 166
261 256 167
262 256 168
262 255 169
263 255 170
263 254 171
264 254 172
264 254 173
264 253 174
265 253 175
265 253 176
266 253 177
265 252 178
266 252 179
267 252 180
267 251 181
267 251 182
268 251 183
268 251 184
268 250 185
269 250 186
270 250 187
269 249 188
270 248 189
271 248 190
271 247 191
272 247 192
272 246 193
273 246 194
273 245 195
273 245 196
274 245 197
274 244 198
275 244 199
275 243 200
276 243 201
276 242 202
277 242 203
278 242 204
277 241 205
278 241 206
279 240 207
280 240 208
281 239 209
281 239 210
282 239 211
282 238 212
283 238 213
283 237 214
283 236 215
284 236 216
283 235 217
284 234 218
285 234 219
285 233 220
173
241 264 23
240 265 24
240 265 25
240 265 26
240 265 27
240 265 28
240 266 29
240 266 30
240 266 31
240 266 32
240 266 33
240 266 34
240 266 35
240 266 36
240 266 37
240 266 38
240 267 39
240 267 40
240 267 41
240 267 42
240 267 43
240 267 44
240 267 45
240 267 46
240 267 47
240 268 48
239 269 49
239 269 50
239 269 51
240 269 52
239 269 53
239 270 54
240 269 55
240 268 56
240 268 57
241 268 58
240 268 59
240 268 60
241 267 61
241 268 62
242 267 63
241 267 64
241 268 65
240 268 66
239 268 67
240 269 68
240 269 69
240 269 70
239 269 71
239 269 72
239 269 73
239 270 74
239 270 75
240 271 76
241 270 77
241 270 78
241 270 79
240 269 80
239 268 81
238 267 82
238 266 83
239 267 84
239 267 85
239 268 86
240 269 87
241 270 88
241 270 89
241 270 90
241 270 91
241 270 92
241 271 93
241 270 94
241 270 95
241 270 96
241 270 97
241 270 98
242 271 99
243 272 99
243 273 100
242 273 101
242 273 102
242 274 103
241 273 104
240 273 105
240 273 106
240 273 107
240 273 108
239 273 109
239 273 110
239 273 111
239 274 112
239 274 113
240 275 114
241 276 115
240 275 116
239 275 117
239 275 118
239 275 119
238 274 120
238 275 121
238 275 122
238 275 123
238 275 124
237 275 125
238 276 126
237 276 127
238 277 128
237 277 129
237 277 130
237 277 131
237 277 132
237 277 133
237 277 134
237 277 135
237 277 136
238 277 137
238 278 138
238 279 137
238 280 136
237 281 137
236 281 138
236 282 139
236 283 140
235 282 141
234 281 142
235 282 143
235 282 144
235 283 145
235 283 146
236 284 147
236 285 148
236 286 149
235 285 150
234 285 151
234 286 152
233 286 153
234 287 154
233 287 155
233 287 156
233 287 157
233 288 158
233 288 159
233 288 160
232 288 161
233 289 162
232 289 163
233 289 164
233 289 165
234 290 166
234 290 167
234 291 168
234 291 169
234 291 170
234 292 171
234 292 172
234 293 173
234 294 174
234 294 175
233 295 176
234 296 177
233 296 178
233 297 179
233 298 180
232 298 181
231 299 182
232 300 183
233 300 183
234 301 184
235 302 184
236 303 185
237 303 184
238 304 184
239 305 185
169
241 264 23
240 265 24
240 265 25
240 265 26
240 265 27
240 265 28
240 266 29
240 266 30
240 266 31
240 266 32
240 266 33
240 266 34
240 266 35
240 266 36
240 266 37
240 266 38
240 267 39
240 267 40
240 267 41
240 267 42
240 267 43
240 267 44
240 267 45
240 267 46
240 267 47
240 268 48
239 269 49
239 269 50
239 269 51
240 269 52
239 269 53
239 270 54
240 269 55
240 268 56
240 268 57
241 268 58
240 268 59
240 268 60
241 267 61
241 268 62
242 267 63
241 267 64
241 268 65
240 268 66
239 268 67
240 269 68
240 269 69
240 269 70
239 269 71
239 269 72
239 269 73
239 270 74
239 270 75
240 271 76
240 272 77
239 273 78
238 274 79
237 274 80
237 275 81
236 275 82
235 275 83
235 276 84
236 277 85
235 277 86
235 278 87
236 279 88
235 279 89
234 278 90
234 279 91
234 279 92
235 280 93
234 280 94
234 281 95
234 281 96
233 281 97
234 282 98
234 283 99
234 283 100
233 283 101
233 283 102
233 284 103
233 284 104
233 285 105
233 286 106
232 285 107
232 286 108
232 287 109
232 287 110
231 288 111
230 288 112
230 289 113
231 290 114
230 290 115
230 290 116
229 289 117
228 290 117
228 291 118
229 292 119
229 293 120
229 294 121
229 295 122
228 296 123
229 296 124
229 297 125
228 298 126
228 298 127
229 298 128
228 298 129
227 299 130
227 299 131
226 300 132
226 301 133
226 302 134
226 303 135
225 304 136
225 304 137
224 305 138
224 306 139
224 307 140
224 308 141
224 309 142
223 310 143
223 311 144
223 312 145
223 313 146
223 314 147
222 315 148
222 316 149
222 316 150
221 317 151
221 318 152
220 319 153
220 320 154
221 320 155
220 321 156
220 322 157
220 323 158
219 324 159
220 324 160
219 325 161
219 326 162
218 327 163
218 327 164
217 328 165
217 329 166
217 330 167
216 331 168
216 332 169
216 333 170
216 334 171
217 335 172
216 336 173
217 336 174
216 337 175
217 338 176
216 339 176
216 340 177
217 340 178
218 341 179
217 342 180
216 343 180
216 344 181
216 345 182
216 346 183
215 347 183
216 348 184
217 349 184
216 350 185
217 351 185
168
241 264 23
240 265 24
240 265 25
240 265 26
240 265 27
240 265 28
240 266 29
240 266 30
240 266 31
240 266 32
240 266 33
240 266 34
240 266 35
240 266 36
240 266 37
240 266 38
240 267 39
240 267 40
240 267 41
240 267 42
240 267 43
240 267 44
240 267 45
240 267 46
240 267 47
240 268 48
239 269 49
239 269 50
239 269 51
240 269 52
239 269 53
239 270 54
240 269 55
240 268 56
240 268 57
241 268 58
240 268 59
240 268 60
241 267 61
241 268 62
242 267 63
241 267 64
241 268 65
240 268 66
239 268 67
240 269 68
240 269 69
240 269 70
239 269 71
239 269 72
239 269 73
239 270 74
239 270 75
240 271 76
240 272 77
239 273 78
238 274 79
237 274 80
237 275 81
236 275 82
235 275 83
235 276 84
236 277 85
235 277 86
235 278 87
236 279 88
235 279 89
234 278 90
234 279 91
234 279 92
235 280 93
234 280 94
234 281 95
234 281 96
233 281 97
234 282 98
234 283 99
234 283 100
233 283 101
233 283 102
233 284 103
233 284 104
233 285 105
233 286 106
232 285 107
232 286 108
232 287 109
232 287 110
231 288 111
230 288 112
230 289 113
231 290 114
230 290 115
230 290 116
229 289 117
228 290 117
228 291 118
229 292 119
229 293 120
229 294 121
229 295 122
228 296 123
229 296 124
229 297 125
228 298 126
228 298 127
229 298 128
228 298 129
227 299 130
227 299 131
226 300 132
226 301 133
226 302 134
226 303 135
225 304 136
225 304 137
224 305 138
224 306 139
224 307 140
224 308 141
224 309 142
223 310 143
223 311 144
223 312 145
223 313 146
223 314 147
222 315 148
222 316 149
222 316 150
221 317 151
221 318 152
220 319 153
220 320 154
221 320 155
220 321 156
220 322 157
220 323 158
219 324 159
220 324 160
219 325 161
219 326 162
218 327 163
218 327 164
217 328 165
217 329 166
217 330 167
216 331 168
216 332 169
216 333 170
216 334 171
217 335 172
216 336 173
217 336 174
216 337 175
217 338 176
216 339 176
216 340 177
217 340 178
218 341 179
217 342 180
216 343 180
216 344 181
216 345 182
216 346 183
215 347 183
216 348 184
217 349 184
218 350 184
166
241 264 23
240 265 24
240 265 25
240 265 26
240 265 27
240 265 28
240 266 29
240 266 30
240 266 31
240 266 32
240 266 33
240 266 34
240 266 35
240 266 36
240 266 37
240 266 38
240 267 39
240 267 40
240 267 41
240 267 42
240 267 43
240 267 44
240 267 45
240 267 46
240 267 47
240 268 48
239 269 49
239 269 50
239 269 51
240 269 52
239 269 53
239 270 54
240 269 55
240 268 56
240 268 57
241 268 58
240 268 59
240 268 60
241 267 61
241 268 62
242 267 63
241 267 64
241 268 65
240 268 66
239 268 67
240 269 68
240 269 69
240 269 70
239 269 71
239 269 72
239 269 73
239 270 74
239 270 75
240 271 76
240 272 77
239 273 78
238 274 79
237 274 80
237 275 81
236 275 82
235 275 83
235 276 84
236 277 85
235 277 86
235 278 87
236 279 88
235 279 89
234 278 90
234 279 91
234 279 92
235 280 93
234 280 94
234 281 95
234 281 96
233 281 97
234 282 98
234 283 99
234 283 100
233 283 101
233 283 102
233 284 103
233 284 104
233 285 105
233 286 106
232 285 107
232 286 108
232 287 109
232 287 110
231 288 111
230 288 112
230 289 113
231 290 114
230 290 115
230 290 116
229 289 117
228 290 117
228 291 118
229 292 119
229 293 120
229 294 121
229 295 122
228 296 123
229 296 124
229 297 125
228 298 126
228 298 127
229 298 128
228 298 129
227 299 130
227 299 131
226 300 132
226 301 133
226 302 134
226 303 135
225 304 136
225 304 137
224 305 138
224 306 139
224 307 140
224 308 141
224 309 142
223 310 143
223 311 144
223 312 145
223 313 146
223 314 147
222 315 148
222 316 149
222 316 150
221 317 151
221 318 152
220 319 153
220 320 154
221 320 155
220 321 156
220 322 157
220 323 158
219 324 159
220 324 160
219 325 161
219 326 162
218 327 163
218 327 164
217 328 165
217 329 166
217 330 167
216 331 168
216 332 169
216 333 170
216 334 171
217 335 172
216 336 173
217 336 174
216 337 175
217 338 176
216 339 176
216 340 177
217 340 178
218 341 179
217 342 180
218 342 181
219 342 182
220 343 183
220 344 183
220 345 183
220 346 184
164
241 264 23
240 265 24
240 265 25
240 265 26
240 265 27
240 265 28
240 266 29
240 266 30
240 266 31
240 266 32
240 266 33
240 266 34
240 266 35
240 266 36
240 266 37
240 266 38
240 267 39
240 267 40
240 267 41
240 267 42
240 267 43
240 267 44
240 267 45
240 267 46
240 267 47
240 268 48
239 269 49
239 269 50
239 269 51
240 269 52
239 269 53
239 270 54
240 269 55
240 268 56
240 268 57
241 268 58
240 268 59
240 268 60
241 267 61
241 268 62
242 267 63
241 267 64
241 268 65
240 268 66
239 268 67
240 269 68
240 269 69
240 269 70
239 269 71
239 269 72
239 269 73
239 270 74
239 270 75
240 271 76
240 272 77
239 273 78
238 274 79
237 274 80
237 275 81
236 275 82
235 275 83
235 276 84
236 277 85
235 277 86
235 278 87
236 279 88
235 279 89
234 278 90
234 279 91
234 279 92
235 280 93
234 280 94
234 281 95
234 281 96
233 281 97
234 282 98
234 283 99
234 283 100
233 283 101
233 283 102
233 284 103
233 284 104
233 285 105
233 286 106
232 285 107
232 286 108
232 287 109
232 287 110
231 288 111
230 288 112
230 289 113
231 290 114
230 290 115
230 290 116
229 289 117
228 290 117
228 291 118
229 292 119
229 293 120
229 294 121
229 295 122
228 296 123
229 296 124
229 297 125
228 298 126
228 298 127
229 298 128
228 298 129
227 299 130
227 299 131
226 300 132
226 301 133
226 302 134
226 303 135
225 304 136
225 304 137
224 305 138
224 306 139
224 307 140
224 308 141
224 309 142
223 310 143
223 311 144
223 312 145
223 313 146
223 314 147
222 315 148
222 316 149
222 316 150
221 317 151
221 318 152
220 319 153
220 320 154
221 320 155
220 321 156
220 322 157
220 323 158
219 324 159
220 324 160
219 325 161
219 326 162
218 327 163
218 327 164
217 328 165
217 329 166
217 330 167
216 331 168
216 332 169
216 333 170
216 334 171
217 335 172
216 336 173
217 336 174
216 337 175
217 338 176
216 339 176
216 340 177
217 340 178
218 341 179
217 342 180
218 342 181
219 342 182
220 343 183
221 342 183
163
241 264 23
240 265 24
240 265 25
240 265 26
240 265 27
240 265 28
240 266 29
240 266 30
240 266 31
240 266 32
240 266 33
240 266 34
240 266 35
240 266 36
240 266 37
240 266 38
240 267 39
240 267 40
240 267 41
240 267 42
240 267 43
240 267 44
240 267 45
240 267 46
240 267 47
240 268 48
239 269 49
239 269 50
239 269 51
240 269 52
239 269 53
239 270 54
240 269 55
240 268 56
240 268 57
241 268 58
240 268 59
240 268 60
241 267 61
241 268 62
242 267 63
241 267 64
241 268 65
240 268 66
239 268 67
240 269 68
240 269 69
240 269 70
239 269 71
239 269 72
239 269 73
239 270 74
239 270 75
240 271 76
240 272 77
239 273 78
238 274 79
237 274 80
237 275 81
236 275 82
235 275 83
235 276 84
236 277 85
235 277 86
235 278 87
236 279 88
235 279 89
234 278 90
234 279 91
234 279 92
235 280 93
234 280 94
234 281 95
234 281 96
233 281 97
234 282 98
234 283 99
234 283 100
233 283 101
233 283 102
233 284 103
233 284 104
233 285 105
233 286 106
232 285 107
232 286 108
232 287 109
232 287 110
231 288 111
230 288 112
230 289 113
231 290 114
230 290 115
230 290 116
229 289 117
228 290 117
228 291 118
229 292 119
229 293 120
229 294 121
229 295 122
228 296 123
229 296 124
229 297 125
228 298 126
228 298 127
229 298 128
228 298 129
227 299 130
227 299 131
226 300 132
226 301 133
226 302 134
226 303 135
225 304 136
225 304 137
224 305 138
224 306 139
224 307 140
224 308 141
224 309 142
223 310 143
223 311 144
223 312 145
223 313 146
223 314 147
222 315 148
222 316 149
222 316 150
221 317 151
221 318 152
220 319 153
220 320 154
221 320 155
220 321 156
220 322 157
220 323 158
219 324 159
220 324 160
219 325 161
219 326 162
218 327 163
218 327 164
217 328 165
217 329 166
217 330 167
216 331 168
216 332 169
216 333 170
216 334 171
217 335 172
216 336 173
217 336 174
216 337 175
217 338 176
216 339 176
216 340 177
217 340 178
218 341 179
217 342 180
216 343 180
215 343 180
214 342 181
163
241 264 23
240 265 24
240 265 25
240 265 26
240 265 27
240 265 28
240 266 29
240 266 30
240 266 31
240 266 32
240 266 33
240 266 34
240 266 35
240 266 36
240 266 37
240 266 38
240 267 39
240 267 40
240 267 41
240 267 42
240 267 43
240 267 44
240 267 45
240 267 46
240 267 47
240 268 48
239 269 49
239 269 50
239 269 51
240 269 52
239 269 53
239 270 54
240 269 55
240 268 56
240 268 57
241 268 58
240 268 59
240 268 60
241 267 61
241 268 62
242 267 63
241 267 64
241 268 65
240 268 66
239 268 67
240 269 68
240 269 69
240 269 70
239 269 71
239 269 72
239 269 73
239 270 74
239 270 75
240 271 76
240 272 77
239 273 78
238 274 79
237 274 80
237 275 81
236 275 82
235 275 83
235 276 84
236 277 85
235 277 86
235 278 87
236 279 88
235 279 89
234 278 90
234 279 91
234 279 92
235 280 93
234 280 94
234 281 95
234 281 96
233 281 97
234 282 98
234 283 99
234 283 100
233 283 101
233 283 102
233 284 103
233 284 104
233 285 105
233 286 106
232 285 107
232 286 108
232 287 109
232 287 110
231 288 111
230 288 112
230 289 113
231 290 114
230 290 115
230 290 116
229 289 117
228 290 117
228 291 118
229 292 119
229 293 120
229 294 121
229 295 122
228 296 123
229 296 124
229 297 125
228 298 126
228 298 127
229 298 128
228 298 129
227 299 130
227 299 131
226 300 132
226 301 133
226 302 134
226 303 135
225 304 136
225 304 137
224 305 138
224 306 139
224 307 140
224 308 141
224 309 142
223 310 143
223 311 144
223 312 145
223 313 146
223 314 147
222 315 148
222 316 149
222 316 150
221 317 151
221 318 152
220 319 153
220 320 154
221 320 155
220 321 156
220 322 157
220 323 158
219 324 159
220 324 160
219 325 161
219 326 162
218 327 163
218 327 164
217 328 165
217 329 166
217 330 167
216 331 168
216 332 169
216 333 170
216 334 171
217 335 172
216 336 173
217 336 174
216 337 175
217 338 176
216 339 176
215 340 176
214 341 177
213 340 178
212 341 179
211 341 180
212 341 181
212 342 182
162
241 264 23
240 265 24
240 265 25
240 265 26
240 265 27
240 265 28
240 266 29
240 266 30
240 266 31
240 266 32
240 266 33
240 266 34
240 266 35
240 266 36
240 266 37
240 266 38
240 267 39
240 267 40
240 267 41
240 267 42
240 267 43
240 267 44
240 267 45
240 267 46
240 267 47
240 268 48
239 269 49
239 269 50
239 269 51
240 269 52
239 269 53
239 270 54
240 269 55
240 268 56
240 268 57
241 268 58
240 268 59
240 268 60
241 267 61
241 268 62
242 267 63
241 267 64
241 268 65
240 268 66
239 268 67
240 269 68
240 269 69
240 269 70
239 269 71
239 269 72
239 269 73
239 270 74
239 270 75
240 271 76
240 272 77
239 273 78
238 274 79
237 274 80
237 275 81
236 275 82
235 275 83
235 276 84
236 277 85
235 277 86
235 278 87
236 279 88
235 279 89
234 278 90
234 279 91
234 279 92
235 280 93
234 280 94
234 281 95
234 281 96
233 281 97
234 282 98
234 283 99
234 283 100
233 283 101
233 283 102
233 284 103
233 284 104
233 285 105
233 286 106
232 285 107
232 286 108
232 287 109
232 287 110
231 288 111
230 288 112
230 289 113
231 290 114
230 290 115
230 290 116
229 289 117
228 290 117
228 291 118
229 292 119
229 293 120
229 294 121
229 295 122
228 296 123
229 296 124
229 297 125
228 298 126
228 298 127
229 298 128
228 298 129
227 299 130
227 299 131
226 300 132
226 301 133
226 302 134
226 303 135
225 304 136
225 304 137
224 305 138
224 306 139
224 307 140
224 308 141
224 309 142
223 310 143
223 311 144
223 312 145
223 313 146
223 314 147
222 315 148
222 316 149
222 316 150
221 317 151
221 318 152
220 319 153
220 320 154
221 320 155
220 321 156
220 322 157
220 323 158
219 324 159
220 324 160
219 325 161
219 326 162
218 327 163
218 327 164
217 328 165
217 329 166
217 330 167
216 331 168
216 332 169
216 333 170
216 334 171
217 335 172
216 336 173
217 336 174
216 337 175
217 338 176
218 338 177
219 337 176
220 337 177
221 337 178
222 337 179
223 336 178
223 335 177
162
241 264 23
240 265 24
240 265 25
240 265 26
240 265 27
240 265 28
240 266 29
240 266 30
240 266 31
240 266 32
240 266 33
240 266 34
240 266 35
240 266 36
240 266 37
240 266 38
240 267 39
240 267 40
240 267 41
240 267 42
240 267 43
240 267 44
240 267 45
240 267 46
240 267 47
240 268 48
239 269 49
239 269 50
239 269 51
240 269 52
239 269 53
239 270 54
240 269 55
240 268 56
240 268 57
241 268 58
240 268 59
240 268 60
241 267 61
241 268 62
242 267 63
241 267 64
241 268 65
240 268 66
239 268 67
240 269 68
240 269 69
240 269 70
239 269 71
239 269 72
239 269 73
239 270 74
239 270 75
240 271 76
240 272 77
239 273 78
238 274 79
237 274 80
237 275 81
236 275 82
235 275 83
235 276 84
236 277 85
235 277 86
235 278 87
236 279 88
235 279 89
234 278 90
234 279 91
234 279 92
235 280 93
234 280 94
234 281 95
234 281 96
233 281 97
234 282 98
234 283 99
234 283 100
233 283 101
233 283 102
233 284 103
233 284 104
233 285 105
233 286 106
232 285 107
232 286 108
232 287 109
232 287 110
231 288 111
230 288 112
230 289 113
231 290 114
230 290 115
230 290 116
229 289 117
228 290 117
228 291 118
229 292 119
229 293 120
229 294 121
229 295 122
228 296 123
229 296 124
229 297 125
228 298 126
228 298 127
229 298 128
228 298 129
227 299 130
227 299 131
226 300 132
226 301 133
226 302 134
226 303 135
225 304 136
225 304 137
224 305 138
224 306 139
224 307 140
224 308 141
224 309 142
223 310 143
223 311 144
223 312 145
223 313 146
223 314 147
222 315 148
222 316 149
222 316 150
221 317 151
221 318 152
220 319 153
220 320 154
221 320 155
220 321 156
220 322 157
220 323 158
219 324 159
220 324 160
219 325 161
219 326 162
218 327 163
218 327 164
217 328 165
217 329 166
217 330 167
216 331 168
216 332 169
216 333 170
216 334 171
217 335 172
216 336 173
217 336 174
216 337 175
217 338 176
218 338 177
219 337 176
220 337 177
221 337 178
222 338 179
222 339 180
222 340 181
156
241 264 23
240 265 24
240 265 25
240 265 26
240 265 27
240 265 28
240 266 29
240 266 30
240 266 31
240 266 32
240 266 33
240 266 34
240 266 35
240 266 36
240 266 37
240 266 38
240 267 39
240 267 40
240 267 41
240 267 42
240 267 43
240 267 44
240 267 45
240 267 46
240 267 47
240 268 48
239 269 49
239 269 50
239 269 51
240 269 52
239 269 53
239 270 54
240 269 55
240 268 56
240 268 57
241 268 58
240 268 59
240 268 60
241 267 61
241 268 62
242 267 63
241 267 64
241 268 65
240 268 66
239 268 67
240 269 68
240 269 69
240 269 70
239 269 71
239 269 72
239 269 73
239 270 74
239 270 75
240 271 76
241 270 77
241 270 78
241 270 79
240 269 80
239 268 81
238 267 82
238 266 83
239 267 84
239 267 85
239 268 86
240 269 87
241 270 88
241 270 89
241 270 90
241 270 91
241 270 92
241 271 93
241 270 94
241 270 95
241 270 96
241 270 97
241 270 98
242 271 99
243 272 99
243 273 100
242 273 101
242 273 102
242 274 103
241 273 104
240 273 105
240 273 106
240 273 107
240 273 108
239 273 109
239 273 110
239 273 111
239 274 112
239 274 113
240 275 114
241 276 115
240 275 116
239 275 117
239 275 118
239 275 119
238 274 120
238 275 121
238 275 122
238 275 123
238 275 124
237 275 125
238 276 126
237 276 127
238 277 128
237 277 129
237 277 130
237 277 131
237 277 132
237 277 133
237 277 134
237 277 135
237 277 136
238 277 137
238 278 138
238 279 137
238 280 136
237 281 137
236 281 138
236 282 139
236 283 140
235 282 141
234 281 142
235 282 143
235 282 144
235 283 145
235 283 146
236 284 147
236 285 148
236 286 149
235 285 150
234 285 151
234 286 152
233 286 153
234 287 154
233 287 155
233 287 156
233 287 157
233 288 158
233 288 159
233 288 160
232 288 161
231 288 161
230 287 161
229 287 162
229 286 163
229 285 164
229 285 165
228 285 166
228 285 167
228 285 168
228 285 169
228 285 170
227 285 171
154
241 264 23
240 265 24
240 265 25
240 265 26
240 265 27
240 265 28
240 266 29
240 266 30
240 266 31
240 266 32
240 266 33
240 266 34
240 266 35
240 266 36
240 266 37
240 266 38
240 267 39
240 267 40
240 267 41
240 267 42
240 267 43
240 267 44
240 267 45
240 267 46
240 267 47
240 268 48
239 269 49
239 269 50
239 269 51
240 269 52
239 269 53
239 270 54
238 271 55
237 272 56
236 272 57
236 273 58
236 274 59
235 274 60
235 274 61
234 274 62
234 275 63
234 276 64
234 276 65
234 277 66
233 277 67
232 277 68
232 278 69
231 279 70
231 279 71
231 280 72
231 281 73
231 282 74
230 281 75
230 282 76
230 282 77
230 283 78
229 283 79
230 284 80
230 285 81
229 285 82
229 286 83
228 285 84
228 286 85
228 287 86
227 287 87
227 288 88
226 288 89
226 289 90
226 290 91
226 291 92
225 291 93
225 292 94
225 293 95
224 294 96
223 295 97
223 296 98
222 297 99
221 298 100
221 299 101
220 300 102
219 301 103
218 302 104
218 303 105
218 304 106
217 304 107
217 305 108
217 306 109
216 307 110
215 308 111
215 309 111
215 310 111
215 311 112
214 312 113
213 313 113
213 314 113
213 315 114
213 316 114
212 317 115
212 318 115
211 319 115
211 320 116
210 321 116
210 322 116
209 323 116
208 324 117
208 325 117
207 326 118
207 327 118
207 328 119
207 329 120
206 330 120
206 331 121
206 332 121
207 333 122
206 334 123
205 335 123
204 336 123
205 337 123
204 338 124
203 339 123
203 340 124
202 341 124
202 342 124
202 343 124
202 344 124
202 345 124
202 346 125
202 347 125
201 348 125
201 349 125
201 350 125
201 351 125
201 352 125
201 353 125
201 354 125
201 355 125
201 356 125
200 357 124
200 358 124
200 359 124
200 360 124
200 361 124
199 362 124
199 363 124
200 364 124
199 365 124
198 366 123
198 367 124
198 368 124
198 369 123
198 370 123
197 371 123
197 372 123
196 380 119
153
241 264 23
240 265 24
240 265 25
240 265 26
240 265 27
240 265 28
240 266 29
240 266 30
240 266 31
240 266 32
240 266 33
240 266 34
240 266 35
240 266 36
240 266 37
240 266 38
240 267 39
240 267 40
240 267 41
240 267 42
240 267 43
240 267 44
240 267 45
240 267 46
240 267 47
240 268 48
239 269 49
239 269 50
239 269 51
240 269 52
239 269 53
239 270 54
238 271 55
237 272 56
236 272 57
236 273 58
236 274 59
235 274 60
235 274 61
234 274 62
234 275 63
234 276 64
234 276 65
234 277 66
233 277 67
232 277 68
232 278 69
231 279 70
231 279 71
231 280 72
231 281 73
231 282 74
230 281 75
230 282 76
230 282 77
230 283 78
229 283 79
230 284 80
230 285 81
229 285 82
229 286 83
228 285 84
228 286 85
228 287 86
227 287 87
227 288 88
226 288 89
226 289 90
226 290 91
226 291 92
225 291 93
225 292 94
225 293 95
224 294 96
223 295 97
223 296 98
222 297 99
221 298 100
221 299 101
220 300 102
219 301 103
218 302 104
218 303 105
218 304 106
217 304 107
217 305 108
217 306 109
216 307 110
215 308 111
215 309 111
215 310 111
215 311 112
214 312 113
213 313 113
213 314 113
213 315 114
213 316 114
212 317 115
212 318 115
211 319 115
211 320 116
210 321 116
210 322 116
209 323 116
208 324 117
208 325 117
207 326 118
207 327 118
207 328 119
207 329 120
206 330 120
206 331 121
206 332 121
207 333 122
206 334 123
205 335 123
204 336 123
205 337 123
204 338 124
203 339 123
203 340 124
202 341 124
202 342 124
202 343 124
202 344 124
202 345 124
202 346 125
202 347 125
201 348 125
201 349 125
201 350 125
201 351 125
201 352 125
201 353 125
201 354 125
201 355 125
201 356 125
200 357 124
200 358 124
200 359 124
200 360 124
200 361 124
199 362 124
199 363 124
200 364 124
199 365 124
198 366 123
198 367 124
198 368 124
198 369 123
198 370 123
197 371 123
197 372 123
152
241 264 23
240 265 24
240 265 25
240 265 26
240 265 27
240 265 28
240 266 29
240 266 30
240 266 31
240 266 32
240 266 33
240 266 34
240 266 35
240 266 36
240 266 37
240 266 38
240 267 39
240 267 40
240 267 41
240 267 42
240 267 43
240 267 44
240 267 45
240 267 46
240 267 47
240 268 48
239 269 49
239 269 50
239 269 51
240 269 52
239 269 53
239 270 54
240 269 55
240 268 56
240 268 57
241 268 58
240 268 59
240 268 60
241 267 61
241 268 62
242 267 63
241 267 64
241 268 65
240 268 66
239 268 67
240 269 68
240 269 69
240 269 70
239 269 71
239 269 72
239 269 73
239 270 74
239 270 75
240 271 76
240 272 77
239 273 78
238 274 79
237 274 80
237 275 81
236 275 82
235 275 83
235 276 84
236 277 85
235 277 86
235 278 87
236 279 88
235 279 89
234 278 90
234 279 91
234 279 92
235 280 93
234 280 94
234 281 95
234 281 96
233 281 97
234 282 98
234 283 99
234 283 100
233 283 101
233 283 102
233 284 103
233 284 104
233 285 105
233 286 106
232 285 107
232 286 108
232 287 109
232 287 110
231 288 111
230 288 112
230 289 113
231 290 114
230 290 115
230 290 116
229 289 117
228 290 117
228 291 118
229 292 119
229 293 120
229 294 121
229 295 122
228 296 123
229 296 124
229 297 125
228 298 126
228 298 127
229 298 128
228 298 129
227 299 130
227 299 131
226 300 132
226 301 133
226 302 134
226 303 135
225 304 136
225 304 137
224 305 138
224 306 139
224 307 140
224 308 141
224 309 142
223 310 143
223 311 144
223 312 145
223 313 146
223 314 147
222 315 148
222 316 149
222 316 150
221 317 151
221 318 152
220 319 153
220 320 154
221 320 155
220 321 156
220 322 157
220 323 158
219 324 159
220 324 160
219 325 161
219 326 162
218 327 163
218 327 164
217 328 165
217 329 166
217 330 167
216 331 168
215 332 168
214 333 168
213 333 168
212 333 169
211 333 170
151
241 264 23
240 265 24
240 265 25
240 265 26
240 265 27
240 265 28
240 266 29
240 266 30
240 266 31
240 266 32
240 266 33
240 266 34
240 266 35
240 266 36
240 266 37
240 266 38
240 267 39
240 267 40
240 267 41
240 267 42
240 267 43
240 267 44
240 267 45
240 267 46
240 267 47
240 268 48
239 269 49
239 269 50
239 269 51
240 269 52
239 269 53
239 270 54
240 269 55
240 268 56
240 268 57
241 268 58
240 268 59
240 268 60
241 267 61
241 268 62
242 267 63
241 267 64
241 268 65
240 268 66
239 268 67
240 269 68
240 269 69
240 269 70
239 269 71
239 269 72
239 269 73
239 270 74
239 270 75
240 271 76
241 270 77
241 270 78
241 270 79
240 269 80
239 268 81
238 267 82
238 266 83
239 267 84
239 267 85
239 268 86
240 269 87
241 270 88
241 270 89
241 270 90
241 270 91
241 270 92
241 271 93
241 270 94
241 270 95
241 270 96
241 270 97
241 270 98
242 271 99
243 272 99
243 273 100
242 273 101
242 273 102
242 274 103
241 273 104
240 273 105
240 273 106
240 273 107
240 273 108
239 273 109
239 273 110
239 273 111
239 274 112
239 274 113
240 275 114
241 276 115
240 275 116
239 275 117
239 275 118
239 275 119
238 274 120
238 275 121
238 275 122
238 275 123
238 275 124
237 275 125
238 276 126
237 276 127
238 277 128
237 277 129
237 277 130
237 277 131
237 277 132
237 277 133
237 277 134
237 277 135
237 277 136
238 277 137
238 278 138
238 279 137
238 280 136
237 281 137
236 281 138
236 282 139
236 283 140
235 282 141
234 281 142
235 282 143
235 282 144
235 283 145
235 283 146
236 284 147
236 285 148
236 286 149
235 285 150
234 285 151
234 286 152
233 286 153
234 287 154
233 287 155
233 287 156
233 287 157
233 288 158
233 288 159
233 288 160
232 288 161
231 288 161
230 287 161
229 287 162
228 287 162
227 286 163
226 286 162
225 286 163
149
241 264 23
240 265 24
240 265 25
240 265 26
240 265 27
240 265 28
240 266 29
240 266 30
240 266 31
240 266 32
240 266 33
240 266 34
240 266 35
240 266 36
240 266 37
240 266 38
240 267 39
240 267 40
240 267 41
240 267 42
240 267 43
240 267 44
240 267 45
240 267 46
240 267 47
240 268 48
239 269 49
239 269 50
239 269 51
240 269 52
239 269 53
239 270 54
238 271 55
237 272 56
236 272 57
236 273 58
236 274 59
235 274 60
235 274 61
234 274 62
234 275 63
234 276 64
234 276 65
234 277 66
233 277 67
232 277 68
232 278 69
231 279 70
231 279 71
231 280 72
231 281 73
231 282 74
230 281 75
230 282 76
230 282 77
230 283 78
229 283 79
230 284 80
230 285 81
229 285 82
229 286 83
228 285 84
228 286 85
228 287 86
227 287 87
227 288 88
226 288 89
226 289 90
226 290 91
226 291 92
225 291 93
225 292 94
225 293 95
224 294 96
223 295 97
223 296 98
222 297 99
221 298 100
221 299 101
220 300 102
219 301 103
218 302 104
218 303 105
218 304 106
217 304 107
217 305 108
217 306 109
216 307 110
215 308 111
215 309 111
215 310 111
215 311 112
214 312 113
213 313 113
213 314 113
213 315 114
213 316 114
212 317 115
212 318 115
211 319 115
211 320 116
210 321 116
210 322 116
209 323 116
208 324 117
208 325 117
207 326 118
207 327 118
207 328 119
207 329 120
206 330 120
206 331 121
206 332 121
207 333 122
206 334 123
205 335 123
204 336 123
205 337 123
204 338 124
203 339 123
203 340 124
202 341 124
202 342 124
202 343 124
202 344 124
202 345 124
202 346 125
202 347 125
201 348 125
201 349 125
201 350 125
201 351 125
201 352 125
201 353 125
201 354 125
201 355 125
201 356 125
200 357 124
200 358 124
200 359 124
200 360 124
200 361 124
199 362 124
199 363 124
200 364 124
199 365 124
198 366 123
197 366 123
196 365 123
142
241 264 23
240 265 24
240 265 25
240 265 26
240 265 27
240 265 28
240 266 29
240 266 30
240 266 31
240 266 32
240 266 33
240 266 34
240 266 35
240 266 36
240 266 37
240 266 38
240 267 39
240 267 40
240 267 41
240 267 42
240 267 43
240 267 44
240 267 45
240 267 46
240 267 47
240 268 48
239 269 49
239 269 50
239 269 51
240 269 52
239 269 53
239 270 54
240 269 55
240 268 56
240 268 57
241 268 58
240 268 59
240 268 60
241 267 61
241 268 62
242 267 63
241 267 64
241 268 65
240 268 66
239 268 67
240 269 68
240 269 69
240 269 70
239 269 71
239 269 72
239 269 73
239 270 74
239 270 75
240 271 76
241 270 77
241 270 78
241 270 79
240 269 80
239 268 81
238 267 82
238 266 83
239 267 84
239 267 85
239 268 86
240 269 87
241 270 88
241 270 89
241 270 90
241 270 91
241 270 92
241 271 93
241 270 94
241 270 95
241 270 96
241 270 97
241 270 98
242 271 99
243 272 99
243 273 100
242 273 101
242 273 102
242 274 103
241 273 104
240 273 105
240 273 106
240 273 107
240 273 108
239 273 109
239 273 110
239 273 111
239 274 112
239 274 113
240 275 114
241 276 115
240 275 116
239 275 117
239 275 118
239 275 119
238 274 120
238 275 121
238 275 122
238 275 123
238 275 124
237 275 125
238 276 126
237 276 127
238 277 128
237 277 129
237 277 130
237 277 131
237 277 132
237 277 133
237 277 134
237 277 135
237 277 136
238 277 137
238 278 138
239 278 139
239 277 140
240 277 141
239 277 142
239 277 143
240 277 144
239 276 145
240 275 146
240 275 147
240 275 148
241 275 149
240 275 150
239 274 150
238 274 150
237 275 150
236 275 151
236 275 152
235 275 153
235 275 154
234 274 155
234 274 156
234 274 157
233 274 158
233 273 159
233 273 160
140
241 264 23
240 265 24
240 265 25
240 265 26
240 265 27
240 265 28
240 266 29
240 266 30
240 266 31
240 266 32
240 266 33
240 266 34
240 266 35
240 266 36
240 266 37
240 266 38
240 267 39
240 267 40
240 267 41
240 267 42
240 267 43
240 267 44
240 267 45
240 267 46
240 267 47
240 268 48
239 269 49
239 269 50
239 269 51
240 269 52
239 269 53
239 270 54
238 271 55
237 272 56
236 272 57
236 273 58
236 274 59
235 274 60
235 274 61
234 274 62
234 275 63
234 276 64
234 276 65
234 277 66
233 277 67
232 277 68
232 278 69
231 279 70
231 279 71
231 280 72
231 281 73
231 282 74
230 281 75
230 282 76
230 282 77
230 283 78
229 283 79
230 284 80
230 285 81
229 285 82
229 286 83
228 285 84
228 286 85
228 287 86
227 287 87
227 288 88
226 288 89
226 289 90
226 290 91
226 291 92
225 291 93
225 292 94
225 293 95
224 294 96
223 295 97
223 296 98
222 297 99
221 298 100
221 299 101
220 300 102
219 301 103
218 302 104
218 303 105
218 304 106
217 304 107
217 305 108
217 306 109
216 307 110
215 308 111
215 309 111
215 310 111
215 311 112
214 312 113
213 313 113
213 314 113
213 315 114
213 316 114
212 317 115
212 318 115
211 319 115
211 320 116
210 321 116
210 322 116
209 323 116
208 324 117
208 325 117
207 326 118
207 327 118
207 328 119
207 329 120
206 330 120
206 331 121
206 332 121
207 333 122
206 334 123
205 335 123
204 336 123
205 337 123
204 338 124
203 339 123
203 340 124
202 341 124
202 342 124
202 343 124
202 344 124
202 345 124
202 346 125
202 347 125
201 348 125
201 349 125
201 350 125
201 351 125
201 352 125
201 353 125
201 354 125
201 355 125
201 356 125
200 357 124
200 358 124
195 358 123
136
241 264 23
240 265 24
240 265 25
240 265 26
240 265 27
240 265 28
240 266 29
240 266 30
240 266 31
240 266 32
240 266 33
240 266 34
240 266 35
240 266 36
240 266 37
240 266 38
240 267 39
240 267 40
240 267 41
240 267 42
240 267 43
240 267 44
240 267 45
240 267 46
240 267 47
240 268 48
239 269 49
239 269 50
239 269 51
240 269 52
239 269 53
239 270 54
240 269 55
240 268 56
240 268 57
241 268 58
240 268 59
240 268 60
241 267 61
241 268 62
242 267 63
241 267 64
241 268 65
240 268 66
239 268 67
240 269 68
240 269 69
240 269 70
239 269 71
239 269 72
239 269 73
239 270 74
239 270 75
240 271 76
241 270 77
241 270 78
241 270 79
240 269 80
239 268 81
238 267 82
238 266 83
239 267 84
239 267 85
239 268 86
240 269 87
241 270 88
241 270 89
241 270 90
241 270 91
241 270 92
241 271 93
241 270 94
241 270 95
241 270 96
241 270 97
241 270 98
242 271 99
243 272 99
243 273 100
242 273 101
242 273 102
242 274 103
241 273 104
240 273 105
240 273 106
240 273 107
240 273 108
239 273 109
239 273 110
239 273 111
239 274 112
239 274 113
240 275 114
241 276 115
240 275 116
239 275 117
239 275 118
239 275 119
238 274 120
238 275 121
238 275 122
238 275 123
238 275 124
237 275 125
238 276 126
237 276 127
238 277 128
237 277 129
237 277 130
237 277 131
237 277 132
237 277 133
237 277 134
237 277 135
237 277 136
238 277 137
238 278 138
239 278 139
239 277 140
240 277 141
239 277 142
239 277 143
240 277 144
239 276 145
240 275 146
240 275 147
240 275 148
241 275 149
240 275 150
241 275 151
242 275 152
242 275 153
242 274 154
243 274 155
243 274 156
259 275 156
135
241 264 23
240 265 24
240 265 25
240 265 26
240 265 27
240 265 28
240 266 29
240 266 30
240 266 31
240 266 32
240 266 33
240 266 34
240 266 35
240 266 36
240 266 37
240 266 38
240 267 39
240 267 40
240 267 41
240 267 42
240 267 43
240 267 44
240 267 45
240 267 46
240 267 47
240 268 48
239 269 49
239 269 50
239 269 51
240 269 52
239 269 53
239 270 54
240 269 55
240 268 56
240 268 57
241 268 58
240 268 59
240 268 60
241 267 61
241 268 62
242 267 63
241 267 64
241 268 65
240 268 66
239 268 67
240 269 68
240 269 69
240 269 70
239 269 71
239 269 72
239 269 73
239 270 74
239 270 75
240 271 76
241 270 77
241 270 78
241 270 79
240 269 80
239 268 81
238 267 82
238 266 83
239 267 84
239 267 85
239 268 86
240 269 87
241 270 88
241 270 89
241 270 90
241 270 91
241 270 92
241 271 93
241 270 94
241 270 95
241 270 96
241 270 97
241 270 98
242 271 99
243 272 99
243 273 100
242 273 101
242 273 102
242 274 103
241 273 104
240 273 105
240 273 106
240 273 107
240 273 108
239 273 109
239 273 110
239 273 111
239 274 112
239 274 113
240 275 114
241 276 115
240 275 116
239 275 117
239 275 118
239 275 119
238 274 120
238 275 121
238 275 122
238 275 123
238 275 124
237 275 125
238 276 126
237 276 127
238 277 128
237 277 129
237 277 130
237 277 131
237 277 132
237 277 133
237 277 134
237 277 135
237 277 136
238 277 137
238 278 138
239 278 139
239 277 140
240 277 141
239 277 142
239 277 143
240 277 144
239 276 145
240 275 146
240 275 147
240 275 148
241 275 149
240 275 150
241 275 151
242 275 152
242 275 153
242 274 154
243 274 155
259 275 155
135
241 264 23
240 265 24
240 265 25
240 265 26
240 265 27
240 265 28
240 266 29
240 266 30
240 266 31
240 266 32
240 266 33
240 266 34
240 266 35
240 266 36
240 266 37
240 266 38
240 267 39
240 267 40
240 267 41
240 267 42
240 267 43
240 267 44
240 267 45
240 267 46
240 267 47
240 268 48
239 269 49
239 269 50
239 269 51
240 269 52
239 269 53
239 270 54
240 269 55
240 268 56
240 268 57
241 268 58
240 268 59
240 268 60
241 267 61
241 268 62
242 267 63
241 267 64
241 268 65
240 268 66
239 268 67
240 269 68
240 269 69
240 269 70
239 269 71
239 269 72
239 269 73
239 270 74
239 270 75
240 271 76
241 270 77
241 270 78
241 270 79
240 269 80
239 268 81
238 267 82
238 266 83
239 267 84
239 267 85
239 268 86
240 269 87
241 270 88
241 270 89
241 270 90
241 270 91
241 270 92
241 271 93
241 270 94
241 270 95
241 270 96
241 270 97
241 270 98
242 271 99
243 272 99
243 273 100
242 273 101
242 273 102
242 274 103
241 273 104
240 273 105
240 273 106
240 273 107
240 273 108
239 273 109
239 273 110
239 273 111
239 274 112
239 274 113
240 275 114
241 276 115
240 275 116
239 275 117
239 275 118
239 275 119
238 274 120
238 275 121
238 275 122
238 275 123
238 275 124
237 275 125
238 276 126
237 276 127
238 277 128
237 277 129
237 277 130
237 277 131
237 277 132
237 277 133
237 277 134
237 277 135
237 277 136
238 277 137
238 278 138
238 279 137
238 280 136
239 281 137
240 282 138
241 283 139
242 283 140
242 283 141
242 283 142
242 283 143
242 283 144
242 283 145
242 283 146
242 284 147
242 284 148
242 285 149
243 286 150
242 286 151
241 287 150
135
241 264 23
240 265 24
240 265 25
240 265 26
240 265 27
240 265 28
240 266 29
240 266 30
240 266 31
240 266 32
240 266 33
240 266 34
240 266 35
240 266 36
240 266 37
240 266 38
240 267 39
240 267 40
240 267 41
240 267 42
240 267 43
240 267 44
240 267 45
240 267 46
240 267 47
240 268 48
239 269 49
239 269 50
239 269 51
240 269 52
239 269 53
239 270 54
240 269 55
240 268 56
240 268 57
241 268 58
240 268 59
240 268 60
241 267 61
241 268 62
242 267 63
241 267 64
241 268 65
240 268 66
239 268 67
240 269 68
240 269 69
240 269 70
239 269 71
239 269 72
239 269 73
239 270 74
239 270 75
240 271 76
241 270 77
241 270 78
241 270 79
240 269 80
239 268 81
238 267 82
238 266 83
239 267 84
239 267 85
239 268 86
240 269 87
241 270 88
241 270 89
241 270 90
241 270 91
241 270 92
241 271 93
241 270 94
241 270 95
241 270 96
241 270 97
241 270 98
242 271 99
243 272 99
243 273 100
242 273 101
242 273 102
242 274 103
241 273 104
240 273 105
240 273 106
240 273 107
240 273 108
239 273 109
239 273 110
239 273 111
239 274 112
239 274 113
240 275 114
241 276 115
240 275 116
239 275 117
239 275 118
239 275 119
238 274 120
238 275 121
238 275 122
238 275 123
238 275 124
237 275 125
238 276 126
237 276 127
238 277 128
237 277 129
237 277 130
237 277 131
237 277 132
237 277 133
237 277 134
237 277 135
237 277 136
238 277 137
238 278 138
238 279 137
238 280 136
237 281 137
236 281 138
236 282 139
236 283 140
235 282 141
234 281 142
234 280 143
233 279 144
232 278 145
232 277 146
232 277 147
232 276 148
232 276 149
232 276 150
232 276 151
232 276 152
135
241 264 23
240 265 24
240 265 25
240 265 26
240 265 27
240 265 28
240 266 29
240 266 30
240 266 31
240 266 32
240 266 33
240 266 34
240 266 35
240 266 36
240 266 37
240 266 38
240 267 39
240 267 40
240 267 41
240 267 42
240 267 43
240 267 44
240 267 45
240 267 46
240 267 47
240 268 48
239 269 49
239 269 50
239 269 51
240 269 52
239 269 53
239 270 54
240 269 55
240 268 56
240 268 57
241 268 58
240 268 59
240 268 60
241 267 61
241 268 62
242 267 63
241 267 64
241 268 65
240 268 66
239 268 67
240 269 68
240 269 69
240 269 70
239 269 71
239 269 72
239 269 73
239 270 74
239 270 75
240 271 76
241 270 77
241 270 78
241 270 79
240 269 80
239 268 81
238 267 82
238 266 83
239 267 84
239 267 85
239 268 86
240 269 87
241 270 88
241 270 89
241 270 90
241 270 91
241 270 92
241 271 93
241 270 94
241 270 95
241 270 96
241 270 97
241 270 98
242 271 99
243 272 99
243 273 100
242 273 101
242 273 102
242 274 103
241 273 104
240 273 105
240 273 106
240 273 107
240 273 108
239 273 109
239 273 110
239 273 111
239 274 112
239 274 113
240 275 114
241 276 115
240 275 116
239 275 117
239 275 118
239 275 119
238 274 120
238 275 121
238 275 122
238 275 123
238 275 124
237 275 125
238 276 126
237 276 127
238 277 128
237 277 129
237 277 130
237 277 131
237 277 132
237 277 133
237 277 134
237 277 135
237 277 136
238 277 137
238 278 138
238 279 137
238 280 136
237 281 137
236 281 138
236 282 139
236 283 140
235 282 141
234 281 142
235 282 143
235 282 144
235 283 145
235 283 146
236 284 147
236 285 148
237 286 149
238 286 149
239 287 149
240 288 149
132
241 264 23
240 265 24
240 265 25
240 265 26
240 265 27
240 265 28
240 266 29
240 266 30
240 266 31
240 266 32
240 266 33
240 266 34
240 266 35
240 266 36
240 266 37
240 266 38
240 267 39
240 267 40
240 267 41
240 267 42
240 267 43
240 267 44
240 267 45
240 267 46
240 267 47
240 268 48
239 269 49
239 269 50
239 269 51
240 269 52
239 269 53
239 270 54
240 269 55
240 268 56
240 268 57
241 268 58
240 268 59
240 268 60
241 267 61
241 268 62
242 267 63
241 267 64
241 268 65
240 268 66
239 268 67
240 269 68
240 269 69
240 269 70
239 269 71
239 269 72
239 269 73
239 270 74
239 270 75
240 271 76
241 270 77
241 270 78
241 270 79
240 269 80
239 268 81
238 267 82
238 266 83
239 267 84
239 267 85
239 268 86
240 269 87
241 270 88
241 270 89
241 270 90
241 270 91
241 270 92
241 271 93
241 270 94
241 270 95
241 270 96
241 270 97
241 270 98
242 271 99
243 272 99
243 273 100
242 273 101
242 273 102
242 274 103
241 273 104
240 273 105
240 273 106
240 273 107
240 273 108
239 273 109
239 273 110
239 273 111
239 274 112
239 274 113
240 275 114
241 276 115
242 276 115
243 277 115
244 278 116
245 279 117
246 279 118
246 279 119
247 280 120
246 280 121
247 280 122
247 279 123
247 279 124
247 279 125
247 279 126
247 279 127
247 279 128
247 279 129
247 279 130
247 280 131
247 280 132
247 280 133
247 279 134
247 279 135
247 279 136
247 279 137
247 279 138
247 279 139
248 279 140
248 279 141
248 279 142
248 279 143
248 279 144
248 279 145
248 279 146
248 279 147
247 278 148
246 278 149
245 278 150
244 277 151
132
241 264 23
240 265 24
240 265 25
240 265 26
240 265 27
240 265 28
240 266 29
240 266 30
240 266 31
240 266 32
240 266 33
240 266 34
240 266 35
240 266 36
240 266 37
240 266 38
240 267 39
240 267 40
240 267 41
240 267 42
240 267 43
240 267 44
240 267 45
240 267 46
240 267 47
240 268 48
239 269 49
239 269 50
239 269 51
240 269 52
239 269 53
239 270 54
240 269 55
240 268 56
240 268 57
241 268 58
240 268 59
240 268 60
241 267 61
241 268 62
242 267 63
241 267 64
241 268 65
240 268 66
239 268 67
240 269 68
240 269 69
240 269 70
239 269 71
239 269 72
239 269 73
239 270 74
239 270 75
240 271 76
241 270 77
241 270 78
241 270 79
240 269 80
239 268 81
238 267 82
238 266 83
239 267 84
239 267 85
239 268 86
240 269 87
241 270 88
241 270 89
241 270 90
241 270 91
241 270 92
241 271 93
241 270 94
241 270 95
241 270 96
241 270 97
241 270 98
242 271 99
243 272 99
243 273 100
242 273 101
242 273 102
242 274 103
241 273 104
240 273 105
240 273 106
240 273 107
240 273 108
239 273 109
239 273 110
239 273 111
239 274 112
239 274 113
240 275 114
241 276 115
240 275 116
239 275 117
239 275 118
239 275 119
238 274 120
238 275 121
238 275 122
238 275 123
238 275 124
237 275 125
238 276 126
237 276 127
238 277 128
237 277 129
237 277 130
237 277 131
237 277 132
237 277 133
237 277 134
237 277 135
237 277 136
238 277 137
238 278 138
239 278 139
239 277 140
240 277 141
239 277 142
239 277 143
240 277 144
239 276 145
240 275 146
240 275 147
240 275 148
241 275 149
240 275 150
241 275 151
242 275 152
243 276 151
125
241 264 23
240 265 24
240 265 25
240 265 26
240 265 27
240 265 28
240 266 29
240 266 30
240 266 31
240 266 32
240 266 33
240 266 34
240 266 35
240 266 36
240 266 37
240 266 38
240 267 39
240 267 40
240 267 41
240 267 42
240 267 43
240 267 44
240 267 45
240 267 46
240 267 47
240 268 48
239 269 49
239 269 50
239 269 51
240 269 52
239 269 53
239 270 54
240 269 55
240 268 56
240 268 57
241 268 58
240 268 59
240 268 60
241 267 61
241 268 62
242 267 63
241 266 64
241 265 64
242 264 65
243 264 66
243 263 67
244 263 68
243 262 69
244 263 70
244 262 71
245 263 72
245 263 73
245 262 74
245 262 75
245 262 76
245 261 77
246 261 78
246 260 79
246 260 80
246 260 81
246 260 82
247 259 83
247 259 84
248 259 85
249 259 86
249 259 87
250 258 88
250 258 89
249 258 90
249 258 91
250 257 92
250 257 93
250 257 94
251 257 95
251 256 96
251 256 97
251 255 98
252 255 99
252 254 100
252 254 101
252 253 102
252 253 103
252 252 104
252 251 105
253 251 106
253 250 107
253 249 108
254 249 109
255 248 110
255 247 111
255 247 112
256 247 113
256 246 114
257 246 115
257 246 116
257 246 117
257 246 118
258 245 119
258 245 120
257 245 121
258 245 122
257 244 123
258 244 124
259 243 125
259 243 126
260 242 127
260 241 128
260 240 129
261 239 130
262 238 131
262 237 132
263 236 133
264 235 134
265 234 135
266 233 136
267 232 137
267 231 138
268 230 139
268 229 140
269 228 141
269 227 142
270 226 143
271 226 144
271 225 145
270 224 145
117
241 264 23
240 265 24
240 265 25
240 265 26
240 265 27
240 265 28
240 266 29
240 266 30
240 266 31
240 266 32
240 266 33
240 266 34
240 266 35
240 266 36
240 266 37
240 266 38
240 267 39
240 267 40
240 267 41
240 267 42
240 267 43
240 267 44
240 267 45
240 267 46
240 267 47
240 268 48
239 269 49
239 269 50
239 269 51
240 269 52
239 269 53
239 270 54
238 271 55
237 272 56
236 272 57
236 273 58
236 274 59
235 274 60
235 274 61
234 274 62
234 275 63
234 276 64
234 276 65
234 277 66
233 277 67
232 277 68
232 278 69
231 279 70
231 279 71
231 280 72
231 281 73
231 282 74
230 281 75
230 282 76
230 282 77
230 283 78
229 283 79
230 284 80
230 285 81
229 285 82
229 286 83
228 285 84
228 286 85
228 287 86
227 287 87
227 288 88
226 288 89
226 289 90
226 290 91
226 291 92
225 291 93
225 292 94
225 293 95
224 294 96
223 295 97
223 296 98
222 297 99
221 298 100
221 299 101
220 300 102
219 301 103
218 302 104
218 303 105
218 304 106
217 304 107
217 305 108
217 306 109
216 307 110
215 308 111
215 309 111
215 310 111
215 311 112
214 312 113
213 313 113
213 314 113
213 315 114
213 316 114
212 317 115
212 318 115
211 319 115
211 320 116
210 321 116
210 322 116
209 323 116
208 324 117
208 325 117
207 326 118
207 327 118
207 328 119
207 329 120
206 330 120
206 331 121
206 332 121
207 333 122
208 334 123
209 333 122
210 334 122
110
241 264 23
240 265 24
240 265 25
240 265 26
240 265 27
240 265 28
240 266 29
240 266 30
240 266 31
240 266 32
240 266 33
240 266 34
240 266 35
240 266 36
240 266 37
240 266 38
240 267 39
240 267 40
240 267 41
240 267 42
240 267 43
240 267 44
240 267 45
240 267 46
240 267 47
240 268 48
239 269 49
239 269 50
239 269 51
240 269 52
239 269 53
239 270 54
240 269 55
240 268 56
240 268 57
241 268 58
240 268 59
240 268 60
241 267 61
241 268 62
242 267 63
241 267 64
241 268 65
240 268 66
239 268 67
240 269 68
240 269 69
240 269 70
239 269 71
239 269 72
239 269 73
239 270 74
239 270 75
240 271 76
240 272 77
239 273 78
238 274 79
237 274 80
237 275 81
236 275 82
235 275 83
235 276 84
236 277 85
235 277 86
235 278 87
236 279 88
235 279 89
234 278 90
234 279 91
234 279 92
235 280 93
234 280 94
234 281 95
234 281 96
233 281 97
234 282 98
234 283 99
234 283 100
233 283 101
233 283 102
233 284 103
233 284 104
233 285 105
233 286 106
232 285 107
232 286 108
232 287 109
232 287 110
231 288 111
230 288 112
230 289 113
231 290 114
230 290 115
230 290 116
229 289 117
228 288 117
227 287 118
226 288 119
225 289 119
224 288 120
224 288 121
223 289 122
224 289 123
223 290 124
224 290 125
224 290 126
223 291 127
222 291 128
222 292 129
221 292 130
105
241 264 23
240 265 24
240 265 25
240 265 26
240 265 27
240 265 28
240 266 29
240 266 30
240 266 31
240 266 32
240 266 33
240 266 34
240 266 35
240 266 36
240 266 37
240 266 38
240 267 39
240 267 40
240 267 41
240 267 42
240 267 43
240 267 44
240 267 45
240 267 46
240 267 47
240 268 48
239 269 49
239 269 50
239 269 51
240 269 52
239 269 53
239 270 54
240 269 55
240 268 56
240 268 57
241 268 58
240 268 59
240 268 60
241 267 61
241 268 62
242 267 63
241 267 64
241 268 65
240 268 66
239 268 67
240 269 68
240 269 69
240 269 70
239 269 71
239 269 72
239 269 73
239 270 74
239 270 75
240 271 76
241 270 77
241 270 78
241 270 79
240 269 80
239 268 81
238 267 82
238 266 83
239 267 84
239 267 85
239 268 86
240 269 87
241 270 88
241 270 89
241 270 90
241 270 91
241 270 92
241 271 93
241 270 94
241 270 95
241 270 96
241 270 97
241 270 98
242 269 99
243 268 100
242 267 100
243 266 101
243 265 102
244 266 103
244 266 104
244 265 105
245 266 106
245 266 107
245 266 108
245 266 109
246 266 110
246 266 111
247 267 112
247 266 113
247 266 114
248 267 115
247 266 116
248 266 117
249 267 118
249 267 119
248 266 120
248 265 121
247 264 120
246 263 120
245 262 121
244 262 122
243 261 123
103
241 264 23
240 265 24
240 265 25
240 265 26
240 265 27
240 265 28
240 266 29
240 266 30
240 266 31
240 266 32
240 266 33
240 266 34
240 266 35
240 266 36
240 266 37
240 266 38
240 267 39
240 267 40
240 267 41
240 267 42
240 267 43
240 267 44
240 267 45
240 267 46
240 267 47
240 268 48
239 269 49
239 269 50
239 269 51
240 269 52
239 269 53
239 270 54
240 269 55
240 268 56
240 268 57
241 268 58
240 268 59
240 268 60
241 267 61
241 268 62
242 267 63
241 267 64
241 268 65
240 268 66
239 268 67
240 269 68
240 269 69
240 269 70
239 269 71
239 269 72
239 269 73
239 270 74
239 270 75
240 271 76
240 272 77
239 273 78
238 274 79
237 274 80
237 275 81
236 275 82
235 275 83
235 276 84
236 277 85
235 277 86
235 278 87
236 279 88
235 279 89
234 278 90
234 279 91
234 279 92
235 280 93
234 280 94
234 281 95
234 281 96
233 281 97
234 282 98
234 283 99
234 283 100
233 283 101
233 283 102
233 284 103
233 284 104
233 285 105
233 286 106
232 285 107
232 286 108
232 287 109
232 287 110
231 288 111
230 288 112
230 289 113
231 290 114
230 290 115
230 290 116
229 289 117
228 288 117
227 289 117
226 290 117
225 291 118
224 292 119
223 292 119
222 292 120
221 291 121
103
241 264 23
240 265 24
240 265 25
240 265 26
240 265 27
240 265 28
240 266 29
240 266 30
240 266 31
240 266 32
240 266 33
240 266 34
240 266 35
240 266 36
240 266 37
240 266 38
240 267 39
240 267 40
240 267 41
240 267 42
240 267 43
240 267 44
240 267 45
240 267 46
240 267 47
240 268 48
239 269 49
239 269 50
239 269 51
240 269 52
239 269 53
239 270 54
240 269 55
240 268 56
240 268 57
241 268 58
240 268 59
240 268 60
241 267 61
241 268 62
242 267 63
241 267 64
241 268 65
240 268 66
239 268 67
240 269 68
240 269 69
240 269 70
239 269 71
239 269 72
239 269 73
239 270 74
239 270 75
240 271 76
240 272 77
239 273 78
238 274 79
237 274 80
237 275 81
236 275 82
235 275 83
235 276 84
236 277 85
235 277 86
235 278 87
236 279 88
235 279 89
234 278 90
234 279 91
234 279 92
235 280 93
234 280 94
234 281 95
234 281 96
233 281 97
234 282 98
234 283 99
234 283 100
233 283 101
233 283 102
233 284 103
233 284 104
233 285 105
233 286 106
232 285 107
232 286 108
232 287 109
232 287 110
231 288 111
230 288 112
230 289 113
231 290 114
230 290 115
230 290 116
229 289 117
228 288 117
227 287 118
226 288 119
225 289 119
224 288 120
224 288 121
223 289 122
222 290 122
101
241 264 23
240 265 24
240 265 25
240 265 26
240 265 27
240 265 28
240 266 29
240 266 30
240 266 31
240 266 32
240 266 33
240 266 34
240 266 35
240 266 36
240 266 37
240 266 38
240 267 39
240 267 40
240 267 41
240 267 42
240 267 43
240 267 44
240 267 45
240 267 46
240 267 47
240 268 48
239 269 49
239 269 50
239 269 51
240 269 52
239 269 53
239 270 54
240 269 55
240 268 56
240 268 57
241 268 58
240 268 59
240 268 60
241 267 61
241 268 62
242 267 63
241 267 64
241 268 65
240 268 66
239 268 67
240 269 68
240 269 69
240 269 70
239 269 71
239 269 72
239 269 73
239 270 74
239 270 75
240 271 76
241 270 77
241 270 78
241 270 79
240 269 80
239 268 81
238 267 82
238 266 83
239 267 84
239 267 85
239 268 86
240 269 87
241 270 88
241 270 89
241 270 90
241 270 91
241 270 92
241 271 93
241 270 94
241 270 95
241 270 96
241 270 97
241 270 98
242 269 99
243 268 100
242 267 100
241 267 99
240 266 100
239 266 101
239 266 102
239 266 103
239 266 104
238 265 105
238 265 106
238 265 107
239 266 108
238 265 109
238 265 110
238 266 111
238 266 112
238 266 113
238 266 114
238 266 115
238 266 116
238 266 117
238 266 118
238 266 119
238 266 120
100
241 264 23
240 265 24
240 265 25
240 265 26
240 265 27
240 265 28
240 266 29
240 266 30
240 266 31
240 266 32
240 266 33
240 266 34
240 266 35
240 266 36
240 266 37
240 266 38
240 267 39
240 267 40
240 267 41
240 267 42
240 267 43
240 267 44
240 267 45
240 267 46
240 267 47
240 268 48
239 269 49
239 269 50
239 269 51
240 269 52
239 269 53
239 270 54
240 269 55
240 268 56
240 268 57
241 268 58
240 268 59
240 268 60
241 267 61
241 268 62
242 267 63
241 267 64
241 268 65
240 268 66
239 268 67
240 269 68
240 269 69
240 269 70
239 269 71
239 269 72
239 269 73
239 270 74
239 270 75
240 271 76
241 270 77
241 270 78
241 270 79
240 269 80
239 268 81
238 267 82
238 266 83
239 267 84
239 267 85
239 268 86
240 269 87
241 270 88
241 270 89
241 270 90
241 270 91
241 270 92
241 271 93
241 270 94
241 270 95
241 270 96
241 270 97
241 270 98
242 271 99
243 272 99
244 273 100
245 273 100
246 273 101
247 273 102
247 273 103
248 273 104
248 273 105
248 273 106
248 273 107
248 273 108
248 272 109
249 273 110
249 273 111
249 273 112
249 273 113
250 274 114
251 274 115
251 274 116
252 274 117
252 275 118
253 275 119
254 275 120
99
241 264 23
240 265 24
240 265 25
240 265 26
240 265 27
240 265 28
240 266 29
240 266 30
240 266 31
240 266 32
240 266 33
240 266 34
240 266 35
240 266 36
240 266 37
240 266 38
240 267 39
240 267 40
240 267 41
240 267 42
240 267 43
240 267 44
240 267 45
240 267 46
240 267 47
240 268 48
239 269 49
239 269 50
239 269 51
240 269 52
239 269 53
239 270 54
240 269 55
240 268 56
240 268 57
241 268 58
240 268 59
240 268 60
241 267 61
241 268 62
242 267 63
241 267 64
241 268 65
240 268 66
239 268 67
240 269 68
240 269 69
240 269 70
239 269 71
239 269 72
239 269 73
239 270 74
239 270 75
240 271 76
241 270 77
241 270 78
241 270 79
240 269 80
239 268 81
238 267 82
238 266 83
239 267 84
239 267 85
239 268 86
240 269 87
241 270 88
241 270 89
241 270 90
241 270 91
241 270 92
241 271 93
241 270 94
241 270 95
241 270 96
241 270 97
241 270 98
242 269 99
243 268 100
242 267 100
243 266 101
243 265 102
244 266 103
244 266 104
244 265 105
245 266 106
245 266 107
245 266 108
245 266 109
246 266 110
246 266 111
247 267 112
247 266 113
247 266 114
248 267 115
247 266 116
248 266 117
249 267 118
249 267 119
262 264 119
89
241 264 23
240 265 24
240 265 25
240 265 26
240 265 27
240 265 28
240 266 29
240 266 30
240 266 31
240 266 32
240 266 33
240 266 34
240 266 35
240 266 36
240 266 37
240 266 38
240 267 39
240 267 40
240 267 41
240 267 42
240 267 43
240 267 44
240 267 45
240 267 46
240 267 47
240 268 48
239 269 49
239 269 50
239 269 51
240 269 52
239 269 53
239 270 54
240 269 55
240 268 56
240 268 57
241 268 58
240 268 59
240 268 60
241 267 61
241 268 62
242 267 63
241 267 64
241 268 65
240 268 66
239 268 67
240 269 68
240 269 69
240 269 70
239 269 71
239 269 72
239 269 73
239 270 74
239 270 75
240 271 76
241 270 77
241 270 78
241 270 79
240 269 80
239 268 81
238 267 82
238 266 83
239 267 84
239 267 85
239 268 86
240 269 87
241 270 88
241 270 89
241 270 90
241 270 91
241 270 92
241 271 93
241 270 94
241 270 95
241 270 96
241 270 97
241 270 98
242 269 99
243 268 100
242 267 100
243 266 101
243 265 102
242 264 102
242 263 103
241 262 104
241 261 105
240 260 106
241 260 107
240 260 108
240 258 113
88
241 264 23
240 265 24
240 265 25
240 265 26
240 265 27
240 265 28
240 266 29
240 266 30
240 266 31
240 266 32
240 266 33
240 266 34
240 266 35
240 266 36
240 266 37
240 266 38
240 267 39
240 267 40
240 267 41
240 267 42
240 267 43
240 267 44
240 267 45
240 267 46
240 267 47
240 268 48
239 269 49
239 269 50
239 269 51
240 269 52
239 269 53
239 270 54
240 269 55
240 268 56
240 268 57
241 268 58
240 268 59
240 268 60
241 267 61
241 268 62
242 267 63
241 267 64
241 268 65
240 268 66
239 268 67
240 269 68
240 269 69
240 269 70
239 269 71
239 269 72
239 269 73
239 270 74
239 270 75
240 271 76
241 270 77
241 270 78
241 270 79
240 269 80
239 268 81
238 267 82
238 266 83
239 267 84
239 267 85
239 268 86
240 269 87
241 270 88
241 270 89
241 270 90
241 270 91
241 270 92
241 271 93
241 270 94
241 270 95
241 270 96
241 270 97
241 270 98
242 269 99
243 268 100
242 267 100
243 266 101
243 265 102
242 264 102
242 263 103
241 262 104
241 261 105
240 260 106
241 260 107
240 260 108
87
241 264 23
240 265 24
240 265 25
240 265 26
240 265 27
240 265 28
240 266 29
240 266 30
240 266 31
240 266 32
240 266 33
240 266 34
240 266 35
240 266 36
240 266 37
240 266 38
240 267 39
240 267 40
240 267 41
240 267 42
240 267 43
240 267 44
240 267 45
240 267 46
240 267 47
240 268 48
239 269 49
239 269 50
239 269 51
240 269 52
239 269 53
239 270 54
240 269 55
240 268 56
240 268 57
241 268 58
240 268 59
240 268 60
241 267 61
241 268 62
242 267 63
241 267 64
241 268 65
240 268 66
239 268 67
240 269 68
240 269 69
240 269 70
239 269 71
239 269 72
239 269 73
239 270 74
239 270 75
240 271 76
241 270 77
241 270 78
241 270 79
240 269 80
239 268 81
238 267 82
238 266 83
239 267 84
239 267 85
239 268 86
240 269 87
241 270 88
241 270 89
241 270 90
241 270 91
241 270 92
241 271 93
241 270 94
241 270 95
241 270 96
241 270 97
241 270 98
242 269 99
243 268 100
242 267 100
243 266 101
243 265 102
242 264 102
242 263 103
241 262 104
242 261 104
243 261 105
244 262 105
86
241 264 23
240 265 24
240 265 25
240 265 26
240 265 27
240 265 28
240 266 29
240 266 30
240 266 31
240 266 32
240 266 33
240 266 34
240 266 35
240 266 36
240 266 37
240 266 38
240 267 39
240 267 40
240 267 41
240 267 42
240 267 43
240 267 44
240 267 45
240 267 46
240 267 47
240 268 48
239 269 49
239 269 50
239 269 51
240 269 52
239 269 53
239 270 54
240 269 55
240 268 56
240 268 57
241 268 58
240 268 59
240 268 60
241 267 61
241 268 62
242 267 63
241 267 64
241 268 65
240 268 66
239 268 67
240 269 68
240 269 69
240 269 70
239 269 71
239 269 72
239 269 73
239 270 74
239 270 75
240 271 76
241 270 77
241 270 78
241 270 79
240 269 80
239 268 81
238 267 82
238 266 83
239 267 84
239 267 85
239 268 86
240 269 87
241 270 88
241 270 89
241 270 90
241 270 91
241 270 92
241 271 93
241 270 94
241 270 95
241 270 96
241 270 97
241 270 98
242 269 99
243 268 100
242 267 100
243 266 101
243 265 102
244 266 103
244 266 104
244 265 105
244 264 105
244 263 105
84
241 264 23
240 265 24
240 265 25
240 265 26
240 265 27
240 265 28
240 266 29
240 266 30
240 266 31
240 266 32
240 266 33
240 266 34
240 266 35
240 266 36
240 266 37
240 266 38
240 267 39
240 267 40
240 267 41
240 267 42
240 267 43
240 267 44
240 267 45
240 267 46
240 267 47
240 268 48
239 269 49
239 269 50
239 269 51
240 269 52
239 269 53
239 270 54
240 269 55
240 268 56
240 268 57
241 268 58
240 268 59
240 268 60
241 267 61
241 268 62
242 267 63
241 267 64
241 268 65
240 268 66
239 268 67
240 269 68
240 269 69
240 269 70
239 269 71
239 269 72
239 269 73
239 270 74
239 270 75
240 271 76
241 270 77
241 270 78
241 270 79
240 269 80
239 268 81
238 267 82
238 266 83
239 267 84
239 267 85
239 268 86
240 269 87
241 270 88
241 270 89
241 270 90
241 270 91
241 270 92
241 271 93
241 270 94
241 270 95
241 270 96
241 270 97
241 270 98
242 269 99
243 268 100
242 267 100
243 266 101
243 265 102
244 266 103
244 266 104
255 265 104
73
241 264 23
240 265 24
240 265 25
240 265 26
240 265 27
240 265 28
240 266 29
240 266 30
240 266 31
240 266 32
240 266 33
240 266 34
240 266 35
240 266 36
240 266 37
240 266 38
240 267 39
240 267 40
240 267 41
240 267 42
240 267 43
240 267 44
240 267 45
240 267 46
240 267 47
240 268 48
239 269 49
239 269 50
239 269 51
240 269 52
239 269 53
239 270 54
240 269 55
240 268 56
240 268 57
241 268 58
240 268 59
240 268 60
241 267 61
241 268 62
242 267 63
241 267 64
241 268 65
240 268 66
239 268 67
240 269 68
240 269 69
240 269 70
239 269 71
239 269 72
239 269 73
239 270 74
239 270 75
240 271 76
240 272 77
239 273 78
238 274 79
237 274 80
237 275 81
236 275 82
235 275 83
235 276 84
236 277 85
235 277 86
235 278 87
236 279 88
235 279 89
234 278 90
234 279 91
234 279 92
235 280 93
236 281 93
237 281 92
72
241 264 23
240 265 24
240 265 25
240 265 26
240 265 27
240 265 28
240 266 29
240 266 30
240 266 31
240 266 32
240 266 33
240 266 34
240 266 35
240 266 36
240 266 37
240 266 38
240 267 39
240 267 40
240 267 41
240 267 42
240 267 43
240 267 44
240 267 45
240 267 46
240 267 47
240 268 48
239 269 49
239 269 50
239 269 51
240 269 52
239 269 53
239 270 54
240 269 55
240 268 56
240 268 57
241 268 58
240 268 59
240 268 60
241 267 61
241 268 62
242 267 63
241 267 64
241 268 65
240 268 66
239 268 67
240 269 68
240 269 69
240 269 70
239 269 71
239 269 72
239 269 73
239 270 74
239 270 75
240 271 76
240 272 77
239 273 78
238 274 79
237 274 80
237 275 81
236 275 82
235 275 83
235 276 84
236 277 85
235 277 86
235 278 87
236 279 88
237 280 89
238 281 89
239 282 90
240 283 91
239 283 92
238 282 92
71
241 264 23
240 265 24
240 265 25
240 265 26
240 265 27
240 265 28
240 266 29
240 266 30
240 266 31
240 266 32
240 266 33
240 266 34
240 266 35
240 266 36
240 266 37
240 266 38
240 267 39
240 267 40
240 267 41
240 267 42
240 267 43
240 267 44
240 267 45
240 267 46
240 267 47
240 268 48
239 269 49
239 269 50
239 269 51
240 269 52
239 269 53
239 270 54
240 269 55
240 268 56
240 268 57
241 268 58
240 268 59
240 268 60
241 267 61
241 268 62
242 267 63
241 267 64
241 268 65
240 268 66
239 268 67
240 269 68
240 269 69
240 269 70
239 269 71
239 269 72
239 269 73
239 270 74
239 270 75
240 271 76
240 272 77
239 273 78
238 274 79
237 274 80
237 275 81
236 275 82
235 275 83
235 276 84
236 277 85
235 277 86
235 278 87
236 279 88
237 280 89
238 281 89
239 282 90
240 283 91
243 281 93
71
241 264 23
240 265 24
240 265 25
240 265 26
240 265 27
240 265 28
240 266 29
240 266 30
240 266 31
240 266 32
240 266 33
240 266 34
240 266 35
240 266 36
240 266 37
240 266 38
240 267 39
240 267 40
240 267 41
240 267 42
240 267 43
240 267 44
240 267 45
240 267 46
240 267 47
240 268 48
239 269 49
239 269 50
239 269 51
240 269 52
239 269 53
239 270 54
240 269 55
240 268 56
240 268 57
241 268 58
240 268 59
240 268 60
241 267 61
241 268 62
242 267 63
241 267 64
241 268 65
240 268 66
239 268 67
240 269 68
240 269 69
240 269 70
239 269 71
239 269 72
239 269 73
239 270 74
239 270 75
240 271 76
241 270 77
241 270 78
241 270 79
240 269 80
239 268 81
238 267 82
238 266 83
239 267 84
239 267 85
239 268 86
240 269 87
241 270 88
241 270 89
241 270 90
241 270 91
240 269 92
241 268 92
66
241 264 23
240 265 24
240 265 25
240 265 26
240 265 27
240 265 28
240 266 29
240 266 30
240 266 31
240 266 32
240 266 33
240 266 34
240 266 35
240 266 36
240 266 37
240 266 38
240 267 39
240 267 40
240 267 41
240 267 42
240 267 43
240 267 44
240 267 45
240 267 46
240 267 47
240 268 48
239 269 49
239 269 50
239 269 51
240 269 52
239 269 53
239 270 54
240 269 55
240 268 56
240 268 57
241 268 58
240 268 59
240 268 60
241 267 61
241 268 62
242 267 63
243 266 64
243 266 65
244 266 66
245 267 67
245 267 68
245 267 69
246 267 70
246 267 71
246 268 72
247 268 73
247 268 74
248 268 75
248 268 76
248 269 77
248 269 78
248 269 79
249 269 80
249 269 81
249 269 82
249 269 83
249 269 84
250 269 85
251 269 90
253 267 98
254 266 99
66
241 264 23
240 265 24
240 265 25
240 265 26
240 265 27
240 265 28
240 266 29
240 266 30
240 266 31
240 266 32
240 266 33
240 266 34
240 266 35
240 266 36
240 266 37
240 266 38
240 267 39
240 267 40
240 267 41
240 267 42
240 267 43
240 267 44
240 267 45
240 267 46
240 267 47
240 268 48
239 269 49
239 269 50
239 269 51
240 269 52
239 269 53
239 270 54
240 269 55
240 268 56
240 268 57
241 268 58
240 268 59
240 268 60
241 267 61
241 268 62
242 267 63
241 267 64
241 268 65
240 268 66
239 268 67
240 269 68
240 269 69
240 269 70
239 269 71
239 269 72
239 269 73
239 270 74
239 270 75
240 271 76
240 272 77
239 273 78
238 274 79
237 274 80
237 275 81
236 275 82
235 275 83
235 276 84
236 277 85
237 278 85
238 278 84
238 283 81
65
241 264 23
240 265 24
240 265 25
240 265 26
240 265 27
240 265 28
240 266 29
240 266 30
240 266 31
240 266 32
240 266 33
240 266 34
240 266 35
240 266 36
240 266 37
240 266 38
240 267 39
240 267 40
240 267 41
240 267 42
240 267 43
240 267 44
240 267 45
240 267 46
240 267 47
240 268 48
239 269 49
239 269 50
239 269 51
240 269 52
239 269 53
239 270 54
240 269 55
240 268 56
240 268 57
241 268 58
240 268 59
240 268 60
241 267 61
241 268 62
242 267 63
243 266 64
243 266 65
244 266 66
245 267 67
245 267 68
245 267 69
246 267 70
246 267 71
246 268 72
247 268 73
247 268 74
248 268 75
248 268 76
248 269 77
248 269 78
248 269 79
249 269 80
249 269 81
249 269 82
249 269 83
249 269 84
250 269 85
251 269 90
253 267 98
65
241 264 23
240 265 24
240 265 25
240 265 26
240 265 27
240 265 28
240 266 29
240 266 30
240 266 31
240 266 32
240 266 33
240 266 34
240 266 35
240 266 36
240 266 37
240 266 38
240 267 39
240 267 40
240 267 41
240 267 42
240 267 43
240 267 44
240 267 45
240 267 46
240 267 47
240 268 48
239 269 49
239 269 50
239 269 51
240 269 52
239 269 53
239 270 54
240 269 55
240 268 56
240 268 57
241 268 58
240 268 59
240 268 60
241 267 61
241 268 62
242 267 63
241 267 64
241 268 65
240 268 66
239 268 67
240 269 68
240 269 69
240 269 70
239 269 71
239 269 72
239 269 73
239 270 74
239 270 75
240 271 76
240 272 77
239 273 78
238 274 79
239 275 80
240 276 81
241 276 82
242 277 83
242 277 84
241 278 85
241 278 86
242 278 87
65
241 264 23
240 265 24
240 265 25
240 265 26
240 265 27
240 265 28
240 266 29
240 266 30
240 266 31
240 266 32
240 266 33
240 266 34
240 266 35
240 266 36
240 266 37
240 266 38
240 267 39
240 267 40
240 267 41
240 267 42
240 267 43
240 267 44
240 267 45
240 267 46
240 267 47
240 268 48
239 269 49
239 269 50
239 269 51
240 269 52
239 269 53
239 270 54
240 269 55
240 268 56
240 268 57
241 268 58
240 268 59
240 268 60
241 267 61
241 268 62
242 267 63
241 267 64
241 268 65
240 268 66
239 268 67
240 269 68
240 269 69
240 269 70
239 269 71
239 269 72
239 269 73
239 270 74
239 270 75
240 271 76
240 272 77
239 273 78
238 274 79
239 275 80
240 276 81
241 276 82
242 277 83
242 277 84
241 278 85
240 279 84
239 278 84
65
241 264 23
240 265 24
240 265 25
240 265 26
240 265 27
240 265 28
240 266 29
240 266 30
240 266 31
240 266 32
240 266 33
240 266 34
240 266 35
240 266 36
240 266 37
240 266 38
240 267 39
240 267 40
240 267 41
240 267 42
240 267 43
240 267 44
240 267 45
240 267 46
240 267 47
240 268 48
239 269 49
239 269 50
239 269 51
240 269 52
239 269 53
239 270 54
240 269 55
240 268 56
240 268 57
241 268 58
240 268 59
240 268 60
241 267 61
241 268 62
242 267 63
241 267 64
241 268 65
240 268 66
239 268 67
240 269 68
240 269 69
240 269 70
239 269 71
239 269 72
239 269 73
239 270 74
239 270 75
240 271 76
240 272 77
239 273 78
238 274 79
239 275 80
240 276 81
241 276 82
242 277 83
242 277 84
241 278 85
240 279 84
241 280 84
64
241 264 23
240 265 24
240 265 25
240 265 26
240 265 27
240 265 28
240 266 29
240 266 30
240 266 31
240 266 32
240 266 33
240 266 34
240 266 35
240 266 36
240 266 37
240 266 38
240 267 39
240 267 40
240 267 41
240 267 42
240 267 43
240 267 44
240 267 45
240 267 46
240 267 47
240 268 48
239 269 49
239 269 50
239 269 51
240 269 52
239 269 53
239 270 54
240 269 55
240 268 56
240 268 57
241 268 58
240 268 59
240 268 60
241 267 61
241 268 62
242 267 63
243 266 64
243 266 65
244 266 66
245 267 67
245 267 68
245 267 69
246 267 70
246 267 71
246 268 72
247 268 73
247 268 74
248 268 75
248 268 76
248 269 77
248 269 78
248 269 79
249 269 80
249 269 81
249 269 82
249 269 83
249 269 84
250 269 85
251 269 90
64
241 264 23
240 265 24
240 265 25
240 265 26
240 265 27
240 265 28
240 266 29
240 266 30
240 266 31
240 266 32
240 266 33
240 266 34
240 266 35
240 266 36
240 266 37
240 266 38
240 267 39
240 267 40
240 267 41
240 267 42
240 267 43
240 267 44
240 267 45
240 267 46
240 267 47
240 268 48
239 269 49
239 269 50
239 269 51
240 269 52
239 269 53
239 270 54
240 269 55
240 268 56
240 268 57
241 268 58
240 268 59
240 268 60
241 267 61
241 268 62
242 267 63
241 267 64
241 268 65
240 268 66
239 268 67
240 269 68
240 269 69
240 269 70
239 269 71
239 269 72
239 269 73
239 270 74
239 270 75
240 271 76
241 270 77
241 270 78
241 270 79
240 269 80
241 270 81
241 270 82
240 270 83
241 270 84
241 270 85
241 270 86
63
241 264 23
240 265 24
240 265 25
240 265 26
240 265 27
240 265 28
240 266 29
240 266 30
240 266 31
240 266 32
240 266 33
240 266 34
240 266 35
240 266 36
240 266 37
240 266 38
240 267 39
240 267 40
240 267 41
240 267 42
240 267 43
240 267 44
240 267 45
240 267 46
240 267 47
240 268 48
239 269 49
239 269 50
239 269 51
240 269 52
239 269 53
239 270 54
240 269 55
240 268 56
240 268 57
241 268 58
240 268 59
240 268 60
241 267 61
241 268 62
242 267 63
243 266 64
243 266 65
244 266 66
245 267 67
245 267 68
245 267 69
246 267 70
246 267 71
246 268 72
247 268 73
247 268 74
248 268 75
248 268 76
248 269 77
248 269 78
248 269 79
249 269 80
249 269 81
249 269 82
249 269 83
249 269 84
250 269 85
40
241 264 23
240 265 24
240 265 25
240 265 26
240 265 27
240 265 28
240 266 29
240 266 30
240 266 31
240 266 32
240 266 33
240 266 34
240 266 35
240 266 36
240 266 37
240 266 38
240 267 39
240 267 40
240 267 41
240 267 42
240 267 43
240 267 44
240 267 45
240 267 46
240 267 47
240 268 48
239 269 49
239 269 50
239 269 51
240 269 52
239 269 53
239 270 54
238 271 55
237 272 56
237 273 57
238 274 58
239 274 59
240 275 60
240 275 61
240 275 62
39
241 264 23
240 265 24
240 265 25
240 265 26
240 265 27
240 265 28
240 266 29
240 266 30
240 266 31
240 266 32
240 266 33
240 266 34
240 266 35
240 266 36
240 266 37
240 266 38
240 267 39
240 267 40
240 267 41
240 267 42
240 267 43
240 267 44
240 267 45
240 267 46
240 267 47
240 268 48
239 269 49
239 269 50
239 269 51
240 269 52
239 269 53
239 270 54
238 271 55
237 272 56
236 272 57
235 271 58
236 270 59
237 269 60
238 268 60
38
241 264 23
240 265 24
240 265 25
240 265 26
240 265 27
240 265 28
240 266 29
240 266 30
240 266 31
240 266 32
240 266 33
240 266 34
240 266 35
240 266 36
240 266 37
240 266 38
240 267 39
240 267 40
240 267 41
240 267 42
240 267 43
240 267 44
240 267 45
240 267 46
240 267 47
240 268 48
239 269 49
239 269 50
239 269 51
240 269 52
239 269 53
239 270 54
238 271 55
237 272 56
237 273 57
238 272 58
239 271 59
240 270 60
