50
277
256 248 22
252 245 25
252 245 26
253 245 27
253 245 28
253 245 29
253 245 30
253 245 31
253 245 32
253 245 33
253 245 34
254 245 35
254 245 36
253 244 37
253 244 38
254 245 39
254 245 40
253 244 41
253 244 42
253 244 43
253 244 44
253 244 45
253 244 46
253 244 47
253 244 48
253 244 49
253 244 50
252 244 51
252 244 52
251 245 53
250 245 54
251 245 55
251 245 56
251 245 57
252 245 58
252 245 59
252 245 60
252 244 61
252 244 62
253 244 63
252 245 64
252 245 65
251 245 66
250 245 67
250 244 68
251 243 69
250 242 70
251 243 71
252 242 72
252 242 73
252 242 74
252 242 75
252 242 76
252 242 77
252 242 78
252 242 79
252 241 80
252 240 81
253 241 82
253 240 83
254 241 84
255 240 85
254 239 86
253 239 87
252 238 88
252 239 89
252 239 90
251 239 91
251 240 92
251 240 93
251 240 94
251 240 95
251 240 96
251 240 97
251 241 98
250 241 99
250 240 100
250 241 101
249 240 102
249 240 103
249 240 104
248 240 105
249 239 106
250 240 106
250 241 107
250 240 108
251 240 109
251 239 110
252 239 111
252 239 112
252 239 113
252 239 114
252 239 115
252 239 116
252 240 117
252 240 118
252 240 119
252 240 120
253 239 121
253 240 122
253 240 123
253 241 124
253 240 125
253 239 126
253 239 127
253 239 128
253 238 129
253 238 130
253 238 131
254 238 132
253 238 133
253 238 134
253 237 135
254 238 136
254 237 137
255 237 138
256 238 139
257 238 140
258 237 140
259 236 141
260 236 142
261 236 143
261 236 144
261 236 145
261 235 146
261 235 147
261 235 148
260 234 149
261 235 150
261 234 151
262 234 152
262 233 153
262 232 154
262 232 155
262 231 156
262 231 157
263 231 158
263 231 159
263 231 160
264 231 161
264 231 162
264 231 163
264 231 164
264 230 165
264 230 166
264 231 167
264 231 168
264 230 169
264 229 170
265 229 171
265 228 172
266 227 173
267 226 174
267 226 175
268 225 176
269 225 177
269 224 178
269 224 179
270 224 180
270 223 181
271 223 182
272 223 183
273 222 184
274 221 185
275 221 186
275 220 187
276 220 188
276 219 189
277 219 190
277 219 191
277 218 192
278 218 193
278 218 194
278 217 195
279 218 196
279 218 197
279 217 198
279 217 199
279 216 200
280 215 201
281 214 202
281 213 203
281 212 204
282 212 205
283 211 206
284 210 207
285 210 208
286 209 209
287 208 210
287 208 211
288 207 212
289 207 213
290 206 214
291 205 215
292 204 216
293 204 217
294 203 218
295 202 219
296 201 220
297 200 221
298 199 222
299 198 222
299 197 223
300 196 223
301 195 224
302 195 224
303 194 225
303 193 225
304 192 225
305 192 225
306 191 226
307 190 226
307 189 227
307 188 228
307 188 229
308 187 230
309 186 231
310 186 232
311 186 233
312 185 234
312 184 235
313 183 236
313 182 236
314 181 236
315 180 237
316 179 238
317 178 239
317 177 239
318 176 239
318 175 239
319 174 239
319 173 239
319 172 239
320 171 240
321 170 240
322 169 240
322 168 240
322 167 240
322 166 241
322 165 241
323 164 241
323 163 242
323 162 242
324 161 242
324 160 242
325 159 241
326 158 241
325 157 241
325 156 241
326 155 241
327 154 240
327 153 240
328 152 239
328 151 239
329 150 239
329 149 239
330 148 238
330 147 238
331 146 239
331 145 239
331 144 239
331 143 239
331 142 238
332 141 238
332 140 238
333 139 238
333 138 238
333 137 238
333 136 238
333 135 238
334 134 237
334 133 237
334 132 237
335 131 237
335 130 236
336 129 236
336 128 236
256
256 248 22
252 245 25
252 245 26
253 245 27
253 245 28
253 245 29
253 245 30
253 245 31
253 245 32
253 245 33
253 245 34
254 245 35
254 245 36
253 244 37
253 244 38
254 245 39
254 245 40
253 244 41
253 244 42
253 244 43
253 244 44
253 244 45
253 244 46
253 244 47
253 244 48
253 244 49
253 244 50
252 244 51
252 244 52
251 245 53
250 245 54
251 245 55
251 245 56
251 245 57
252 245 58
252 245 59
252 245 60
252 244 61
252 244 62
253 244 63
252 245 64
252 245 65
251 245 66
250 245 67
250 244 68
251 243 69
250 242 70
251 243 71
252 242 72
252 242 73
252 242 74
252 242 75
252 242 76
252 242 77
252 242 78
252 242 79
252 241 80
252 240 81
253 241 82
253 240 83
254 241 84
255 240 85
254 239 86
253 239 87
252 238 88
252 239 89
252 239 90
251 239 91
251 240 92
251 240 93
251 240 94
251 240 95
251 240 96
251 240 97
251 241 98
250 241 99
250 240 100
250 241 101
249 240 102
249 240 103
249 240 104
248 240 105
249 239 106
250 240 106
250 241 107
250 240 108
251 240 109
251 239 110
252 239 111
252 239 112
252 239 113
252 239 114
252 239 115
252 239 116
252 240 117
252 240 118
252 240 119
252 240 120
253 239 121
253 240 122
253 240 123
253 241 124
253 240 125
253 239 126
253 239 127
253 239 128
253 238 129
253 238 130
253 238 131
254 238 132
253 238 133
253 238 134
253 237 135
254 238 136
254 237 137
255 237 138
256 238 139
257 238 140
258 237 140
259 236 141
260 236 142
261 236 143
261 236 144
261 236 145
261 235 146
261 235 147
261 235 148
260 234 149
261 235 150
261 234 151
262 234 152
262 233 153
262 232 154
262 232 155
262 231 156
262 231 157
263 231 158
263 231 159
263 231 160
264 231 161
264 231 162
264 231 163
264 231 164
264 230 165
264 230 166
264 231 167
264 231 168
264 230 169
264 229 170
265 229 171
265 228 172
266 227 173
267 226 174
267 226 175
268 225 176
269 225 177
269 224 178
269 224 179
270 224 180
270 223 181
271 223 182
272 223 183
273 222 184
274 221 185
275 221 186
275 220 187
276 220 188
276 219 189
277 219 190
277 219 191
277 218 192
278 218 193
278 218 194
278 217 195
279 218 196
279 218 197
279 217 198
279 217 199
279 216 200
280 215 201
281 214 202
281 213 203
281 212 204
282 212 205
283 211 206
284 210 207
285 210 208
286 209 209
287 208 210
287 208 211
288 207 212
289 207 213
290 206 214
291 205 215
292 204 216
293 204 217
294 203 218
295 202 219
296 201 220
297 200 221
298 199 222
299 198 222
299 197 223
300 196 223
301 195 224
302 195 224
303 194 225
303 193 225
304 192 225
305 192 225
306 191 226
307 190 226
307 189 227
307 188 228
307 188 229
308 187 230
309 186 231
310 186 232
311 186 233
312 185 234
312 184 235
313 183 236
313 182 236
314 181 236
315 180 237
316 179 238
317 178 239
317 177 239
318 176 239
318 175 239
319 174 239
319 173 239
319 172 239
320 171 240
321 170 240
322 169 240
322 168 240
322 167 240
322 166 241
322 165 241
323 164 241
323 163 242
323 162 242
324 161 242
324 160 242
325 159 241
326 158 241
327 158 240
328 158 240
329 158 240
330 158 240
331 159 240
332 160 240
333 161 241
333 162 241
333 163 241
253
256 248 22
252 245 25
252 245 26
253 245 27
253 245 28
253 245 29
253 245 30
253 245 31
253 245 32
253 245 33
253 245 34
254 245 35
254 245 36
253 244 37
253 244 38
254 245 39
254 245 40
253 244 41
253 244 42
253 244 43
253 244 44
253 244 45
253 244 46
253 244 47
253 244 48
253 244 49
253 244 50
252 244 51
252 244 52
251 245 53
250 245 54
251 245 55
251 245 56
251 245 57
252 245 58
252 245 59
252 245 60
252 244 61
252 244 62
253 244 63
252 245 64
252 245 65
251 245 66
250 245 67
250 244 68
251 243 69
250 242 70
251 243 71
252 242 72
252 242 73
252 242 74
252 242 75
252 242 76
252 242 77
252 242 78
252 242 79
252 241 80
252 240 81
253 241 82
253 240 83
254 241 84
255 240 85
254 239 86
253 239 87
252 238 88
252 239 89
252 239 90
251 239 91
251 240 92
251 240 93
251 240 94
251 240 95
251 240 96
251 240 97
251 241 98
250 241 99
250 240 100
250 241 101
249 240 102
249 240 103
249 240 104
248 240 105
247 240 105
246 241 105
245 242 106
244 243 107
244 244 108
243 244 109
243 245 110
243 245 111
242 244 112
241 244 113
241 245 114
240 244 115
239 244 116
238 245 117
238 245 118
237 245 119
236 245 120
235 246 121
234 247 122
234 246 123
233 246 124
232 246 125
231 246 126
230 247 127
229 247 128
228 247 129
227 248 130
226 247 131
226 248 132
225 247 133
225 248 134
224 248 135
223 248 136
222 248 137
221 248 138
221 249 139
220 249 140
220 249 141
219 249 142
219 249 143
218 248 144
218 249 145
217 250 146
216 250 147
215 250 148
214 251 149
213 251 150
212 251 150
211 251 151
210 251 152
209 251 152
208 251 152
207 251 153
206 251 154
205 251 154
204 251 155
203 252 155
202 252 156
201 252 157
201 251 158
200 252 159
199 252 160
198 253 161
197 253 162
196 253 163
195 253 164
194 253 165
193 254 165
192 254 166
191 254 166
190 254 167
189 255 167
188 255 168
187 256 169
186 255 169
185 255 170
184 255 170
183 255 170
182 256 171
181 256 171
180 257 172
179 257 173
178 257 174
177 257 174
176 257 175
175 257 175
174 258 176
173 258 176
172 258 176
171 258 177
170 257 177
169 257 177
168 257 177
167 257 177
166 257 177
165 257 177
164 257 178
163 257 178
162 257 178
161 258 179
160 258 179
159 258 179
158 258 179
157 258 180
156 258 180
155 259 180
154 259 180
153 260 181
152 260 181
151 260 181
150 260 181
149 260 181
148 260 181
147 261 181
146 260 182
145 260 182
144 260 182
143 261 181
142 260 181
141 261 181
140 261 181
139 262 180
138 262 180
137 262 180
136 262 180
135 262 180
134 262 180
133 262 180
132 262 180
131 263 180
130 263 181
129 263 181
128 263 181
127 264 181
126 265 181
125 264 181
124 263 182
123 262 182
122 262 182
121 262 182
120 262 182
119 261 181
118 261 181
117 262 181
116 263 181
115 264 181
114 264 180
113 265 180
112 266 180
111 267 180
110 268 180
109 268 179
108 268 179
107 268 179
106 269 179
105 268 178
104 268 178
103 269 178
102 269 178
101 269 178
100 269 177
99 269 177
98 270 177
97 270 177
96 270 177
95 270 177
94 270 176
93 270 176
92 270 176
91 270 176
90 270 175
227
256 248 22
252 245 25
252 245 26
253 245 27
253 245 28
253 245 29
253 245 30
253 245 31
253 245 32
253 245 33
253 245 34
254 245 35
254 245 36
253 244 37
253 244 38
254 245 39
254 245 40
253 244 41
253 244 42
253 244 43
253 244 44
253 244 45
253 244 46
253 244 47
253 244 48
253 244 49
253 244 50
252 244 51
252 244 52
251 245 53
250 245 54
251 245 55
251 245 56
251 245 57
252 245 58
252 245 59
252 245 60
252 244 61
252 244 62
253 244 63
252 245 64
252 245 65
251 245 66
250 245 67
250 244 68
251 243 69
250 242 70
251 243 71
252 242 72
252 242 73
252 242 74
252 242 75
252 242 76
252 242 77
252 242 78
252 242 79
252 241 80
252 240 81
253 241 82
253 240 83
254 241 84
255 240 85
254 239 86
253 239 87
252 238 88
252 239 89
252 239 90
251 239 91
251 240 92
251 240 93
251 240 94
251 240 95
251 240 96
251 240 97
251 241 98
250 241 99
250 240 100
250 241 101
249 240 102
249 240 103
249 240 104
248 240 105
247 240 105
246 241 105
245 242 106
244 243 107
244 244 108
243 244 109
243 245 110
243 245 111
242 244 112
241 244 113
241 245 114
240 244 115
239 244 116
238 245 117
238 245 118
237 245 119
236 245 120
235 246 121
234 247 122
234 246 123
233 246 124
232 246 125
231 246 126
230 247 127
229 247 128
228 247 129
227 248 130
226 247 131
226 248 132
225 247 133
225 248 134
224 248 135
223 248 136
222 248 137
221 248 138
221 249 139
220 249 140
220 249 141
219 249 142
219 249 143
218 248 144
218 249 145
217 250 146
216 250 147
215 250 148
214 251 149
213 251 150
212 251 150
211 251 151
210 251 152
209 251 152
208 251 152
207 251 153
206 251 154
205 251 154
204 251 155
203 252 155
202 252 156
201 252 157
201 251 158
200 252 159
199 252 160
198 253 161
197 253 162
196 253 163
195 253 164
194 253 165
193 254 165
192 254 166
191 254 166
190 254 167
189 255 167
188 255 168
187 256 169
186 255 169
185 255 170
184 255 170
183 255 170
182 256 171
181 256 171
180 257 172
179 257 173
178 257 174
177 257 174
176 257 175
175 257 175
174 258 176
173 258 176
172 258 176
171 258 177
170 257 177
169 257 177
168 257 177
167 257 177
166 257 177
165 257 177
164 257 178
163 257 178
162 257 178
161 258 179
160 258 179
159 258 179
158 258 179
157 258 180
156 258 180
155 259 180
154 259 180
153 260 181
152 260 181
151 260 181
150 260 181
149 260 181
148 260 181
147 261 181
146 260 182
145 260 182
144 260 182
143 261 181
142 260 181
141 261 181
140 261 181
139 262 180
138 262 180
137 262 180
136 262 180
135 262 180
134 262 180
133 262 180
132 262 180
131 263 180
130 263 181
129 263 181
128 263 181
127 264 181
126 265 181
126 266 181
126 267 180
126 268 180
125 269 180
124 269 181
123 270 181
122 271 181
121 272 181
120 272 181
119 273 181
216
256 248 22
252 245 25
252 245 26
253 245 27
253 245 28
253 245 29
253 245 30
253 245 31
253 245 32
253 245 33
253 245 34
254 245 35
254 245 36
253 244 37
253 244 38
254 245 39
254 245 40
253 244 41
253 244 42
253 244 43
253 244 44
253 244 45
253 244 46
253 244 47
253 244 48
253 244 49
253 244 50
252 244 51
252 244 52
251 245 53
250 245 54
251 245 55
251 245 56
251 245 57
252 245 58
252 245 59
252 245 60
252 244 61
252 244 62
253 244 63
252 245 64
252 245 65
251 245 66
250 245 67
250 244 68
251 243 69
250 242 70
251 243 71
252 242 72
252 242 73
252 242 74
252 242 75
252 242 76
252 242 77
252 242 78
252 242 79
252 241 80
252 240 81
253 241 82
253 240 83
254 241 84
255 240 85
254 239 86
253 239 87
252 238 88
252 239 89
252 239 90
251 239 91
251 240 92
251 240 93
251 240 94
251 240 95
251 240 96
251 240 97
251 241 98
250 241 99
250 240 100
250 241 101
249 240 102
249 240 103
249 240 104
248 240 105
249 239 106
250 240 106
250 241 107
250 240 108
251 240 109
251 239 110
252 239 111
252 239 112
252 239 113
252 239 114
252 239 115
252 239 116
252 240 117
252 240 118
252 240 119
252 240 120
253 239 121
253 240 122
253 240 123
253 241 124
253 240 125
253 239 126
253 239 127
253 239 128
253 238 129
253 238 130
253 238 131
254 238 132
253 238 133
253 238 134
253 237 135
254 238 136
254 237 137
255 237 138
256 238 139
257 238 140
258 237 140
259 236 141
260 236 142
261 236 143
261 236 144
261 236 145
261 235 146
261 235 147
261 235 148
260 234 149
261 235 150
261 234 151
262 234 152
262 233 153
262 232 154
262 232 155
262 231 156
262 231 157
263 231 158
263 231 159
263 231 160
264 231 161
264 231 162
264 231 163
264 231 164
264 230 165
264 230 166
264 231 167
264 231 168
264 230 169
264 229 170
265 229 171
265 228 172
266 227 173
267 226 174
267 226 175
268 225 176
269 225 177
269 224 178
269 224 179
270 224 180
270 223 181
271 223 182
272 223 183
273 222 184
274 221 185
275 221 186
275 220 187
276 220 188
276 219 189
277 219 190
277 219 191
277 218 192
278 218 193
278 218 194
278 217 195
279 218 196
279 218 197
279 217 198
279 217 199
279 216 200
280 215 201
281 214 202
281 213 203
281 212 204
282 212 205
283 211 206
284 210 207
285 210 208
286 209 209
287 208 210
287 208 211
288 207 212
289 207 213
290 206 214
291 205 215
292 204 216
293 204 217
294 203 218
295 202 219
296 201 220
297 200 221
298 199 222
299 198 222
299 197 223
300 196 223
301 195 224
302 195 224
303 194 225
303 193 225
304 192 225
305 192 225
306 191 226
307 190 226
307 189 227
307 188 228
307 188 229
307 187 230
204
256 248 22
252 245 25
252 245 26
253 245 27
253 245 28
253 245 29
253 245 30
253 245 31
253 245 32
253 245 33
253 245 34
254 245 35
254 245 36
253 244 37
253 244 38
254 245 39
254 245 40
253 244 41
253 244 42
253 244 43
253 244 44
253 244 45
253 244 46
253 244 47
253 244 48
253 244 49
253 244 50
252 244 51
252 244 52
251 245 53
250 245 54
251 245 55
251 245 56
251 245 57
252 245 58
252 245 59
252 245 60
252 244 61
252 244 62
253 244 63
252 245 64
252 245 65
251 245 66
250 245 67
250 244 68
251 243 69
250 242 70
251 243 71
252 242 72
252 242 73
252 242 74
252 242 75
252 242 76
252 242 77
252 242 78
252 242 79
252 241 80
252 240 81
253 241 82
253 240 83
254 241 84
255 240 85
254 239 86
253 239 87
252 238 88
252 239 89
252 239 90
251 239 91
251 240 92
251 240 93
251 240 94
251 240 95
251 240 96
251 240 97
251 241 98
250 241 99
250 240 100
250 241 101
249 240 102
249 240 103
249 240 104
248 240 105
249 239 106
250 240 106
250 241 107
250 240 108
251 240 109
251 239 110
252 239 111
252 239 112
252 239 113
252 239 114
252 239 115
252 239 116
252 240 117
252 240 118
252 240 119
252 240 120
253 239 121
253 240 122
253 240 123
253 241 124
253 240 125
253 239 126
253 239 127
253 239 128
253 238 129
253 238 130
253 238 131
254 238 132
253 238 133
253 238 134
253 237 135
254 238 136
254 237 137
255 237 138
256 238 139
255 239 140
254 239 141
253 239 142
253 239 143
253 240 144
252 239 145
252 239 146
252 239 147
252 239 148
251 239 149
251 239 150
251 239 151
250 239 152
250 239 153
249 239 154
248 240 155
248 239 156
247 239 157
246 239 158
246 239 159
245 239 160
245 239 161
244 238 162
243 238 163
243 237 164
243 238 165
242 238 166
242 238 167
241 238 168
241 238 169
240 238 170
240 238 171
240 238 172
239 238 173
239 238 174
239 238 175
238 238 176
238 238 177
238 239 178
237 238 179
237 238 180
237 239 181
237 238 182
236 238 183
236 238 184
236 238 185
236 238 186
236 238 187
235 238 188
236 239 189
236 239 190
236 239 191
236 239 192
236 239 193
236 240 194
236 240 195
236 240 196
236 240 197
237 241 198
237 240 199
238 241 200
238 241 201
238 241 202
239 240 203
240 240 204
241 240 205
242 240 206
243 240 207
244 240 208
245 241 209
246 240 210
247 240 211
248 239 212
249 240 213
250 240 214
251 240 214
252 239 215
253 239 216
254 239 216
255 239 217
256 238 218
257 238 218
258 238 218
259 237 219
260 237 220
261 237 220
265 235 223
203
256 248 22
252 245 25
252 245 26
253 245 27
253 245 28
253 245 29
253 245 30
253 245 31
253 245 32
253 245 33
253 245 34
254 245 35
254 245 36
253 244 37
253 244 38
254 245 39
254 245 40
253 244 41
253 244 42
253 244 43
253 244 44
253 244 45
253 244 46
253 244 47
253 244 48
253 244 49
253 244 50
252 244 51
252 244 52
251 245 53
250 245 54
251 245 55
251 245 56
251 245 57
252 245 58
252 245 59
252 245 60
252 244 61
252 244 62
253 244 63
252 245 64
252 245 65
251 245 66
250 245 67
250 244 68
251 243 69
250 242 70
251 243 71
252 242 72
252 242 73
252 242 74
252 242 75
252 242 76
252 242 77
252 242 78
252 242 79
252 241 80
252 240 81
253 241 82
253 240 83
254 241 84
255 240 85
254 239 86
253 239 87
252 238 88
252 239 89
252 239 90
251 239 91
251 240 92
251 240 93
251 240 94
251 240 95
251 240 96
251 240 97
251 241 98
250 241 99
250 240 100
250 241 101
249 240 102
249 240 103
249 240 104
248 240 105
249 239 106
250 240 106
250 241 107
250 240 108
251 240 109
251 239 110
252 239 111
252 239 112
252 239 113
252 239 114
252 239 115
252 239 116
252 240 117
252 240 118
252 240 119
252 240 120
253 239 121
253 240 122
253 240 123
253 241 124
253 240 125
253 239 126
253 239 127
253 239 128
253 238 129
253 238 130
253 238 131
254 238 132
253 238 133
253 238 134
253 237 135
254 238 136
254 237 137
255 237 138
256 238 139
255 239 140
254 239 141
253 239 142
253 239 143
253 240 144
252 239 145
252 239 146
252 239 147
252 239 148
251 239 149
251 239 150
251 239 151
250 239 152
250 239 153
249 239 154
248 240 155
248 239 156
247 239 157
246 239 158
246 239 159
245 239 160
245 239 161
244 238 162
243 238 163
243 237 164
243 238 165
242 238 166
242 238 167
241 238 168
241 238 169
240 238 170
240 238 171
240 238 172
239 238 173
239 238 174
239 238 175
238 238 176
238 238 177
238 239 178
237 238 179
237 238 180
237 239 181
237 238 182
236 238 183
236 238 184
236 238 185
236 238 186
236 238 187
235 238 188
236 239 189
236 239 190
236 239 191
236 239 192
236 239 193
236 240 194
236 240 195
236 240 196
236 240 197
237 241 198
237 240 199
238 241 200
238 241 201
238 241 202
239 240 203
240 240 204
241 240 205
242 240 206
243 240 207
244 240 208
245 241 209
246 240 210
247 240 211
248 239 212
249 240 213
250 240 214
251 240 214
252 239 215
253 239 216
254 239 216
255 239 217
256 238 218
257 238 218
258 238 218
259 237 219
260 237 220
261 237 220
161
256 248 22
252 245 25
252 245 26
253 245 27
253 245 28
253 245 29
253 245 30
253 245 31
253 245 32
253 245 33
253 245 34
254 245 35
254 245 36
253 244 37
253 244 38
254 245 39
254 245 40
253 244 41
253 244 42
253 244 43
253 244 44
253 244 45
253 244 46
253 244 47
253 244 48
253 244 49
253 244 50
252 244 51
252 244 52
251 245 53
250 245 54
251 245 55
251 245 56
251 245 57
252 245 58
252 245 59
252 245 60
252 244 61
252 244 62
253 244 63
252 245 64
252 245 65
251 245 66
250 245 67
250 244 68
251 243 69
250 242 70
251 243 71
252 242 72
252 242 73
252 242 74
252 242 75
252 242 76
252 242 77
252 242 78
252 242 79
252 241 80
252 240 81
253 241 82
253 240 83
254 241 84
255 240 85
254 239 86
253 239 87
252 238 88
252 239 89
252 239 90
251 239 91
251 240 92
251 240 93
251 240 94
251 240 95
251 240 96
251 240 97
251 241 98
250 241 99
250 240 100
250 241 101
249 240 102
249 240 103
249 240 104
248 240 105
249 239 106
250 240 106
250 241 107
250 240 108
251 240 109
251 239 110
252 239 111
252 239 112
252 239 113
252 239 114
252 239 115
252 239 116
252 240 117
252 240 118
252 240 119
252 240 120
253 239 121
253 240 122
253 240 123
253 241 124
253 240 125
253 239 126
253 239 127
253 239 128
253 238 129
253 238 130
253 238 131
254 238 132
253 238 133
253 238 134
253 237 135
254 238 136
254 237 137
255 237 138
256 238 139
255 239 140
254 239 141
253 239 142
253 239 143
253 240 144
252 239 145
252 239 146
252 239 147
252 239 148
251 239 149
251 239 150
251 239 151
250 239 152
250 239 153
249 239 154
248 240 155
249 241 156
250 241 157
251 241 158
252 241 159
252 241 160
252 241 161
252 241 162
252 241 163
253 242 164
253 241 165
253 240 166
253 239 167
253 239 168
253 238 169
253 238 170
253 238 171
253 238 172
253 237 173
253 237 174
254 237 175
254 236 176
253 235 177
253 234 178
253 234 179
253 233 180
253 233 181
253 232 182
254 232 183
159
256 248 22
252 245 25
252 245 26
253 245 27
253 245 28
253 245 29
253 245 30
253 245 31
253 245 32
253 245 33
253 245 34
254 245 35
254 245 36
253 244 37
253 244 38
254 245 39
254 245 40
253 244 41
253 244 42
253 244 43
253 244 44
253 244 45
253 244 46
253 244 47
253 244 48
253 244 49
253 244 50
252 244 51
252 244 52
251 245 53
250 245 54
249 245 55
248 245 56
247 245 57
246 245 57
245 245 58
245 246 59
244 246 60
243 246 61
242 246 62
242 247 63
241 247 64
240 247 64
239 247 65
239 248 66
238 248 67
237 248 68
236 248 69
235 248 70
234 248 71
233 248 72
232 248 73
231 248 74
230 249 75
229 249 76
228 249 77
227 249 78
226 249 79
225 249 80
224 249 81
223 249 82
222 250 83
221 249 83
220 250 84
219 250 84
218 250 85
217 251 86
216 251 86
215 251 87
214 251 87
213 252 88
212 251 88
211 251 89
210 252 90
209 252 90
208 252 91
207 252 92
206 252 93
205 253 94
204 253 94
203 253 94
202 253 95
201 254 95
200 253 96
199 253 96
198 253 97
197 254 97
196 254 97
195 254 97
194 254 98
193 254 99
192 254 99
191 255 99
190 254 100
189 254 100
188 254 100
187 254 100
186 255 100
185 255 101
184 256 101
183 256 102
182 256 103
181 256 103
180 257 104
179 256 104
178 257 105
177 257 105
176 258 106
175 258 107
174 258 106
173 258 106
172 258 106
171 258 106
170 259 107
169 259 107
168 260 106
167 260 106
166 261 106
165 261 106
164 262 106
163 262 106
162 262 106
161 262 106
160 262 107
159 263 107
158 262 107
157 262 107
156 262 107
155 261 107
154 261 107
153 261 106
152 262 107
151 263 107
150 263 107
149 263 106
148 263 106
147 264 106
146 264 105
145 265 105
144 265 105
143 265 105
142 266 105
141 266 105
140 265 105
139 266 105
138 266 105
137 266 106
137 267 107
136 268 107
135 269 107
134 269 107
133 269 107
132 270 107
131 269 108
130 269 108
129 270 108
128 270 108
127 270 108
126 271 109
149
256 248 22
252 245 25
252 245 26
253 245 27
253 245 28
253 245 29
253 245 30
253 245 31
253 245 32
253 245 33
253 245 34
254 245 35
254 245 36
253 244 37
253 244 38
254 245 39
254 245 40
253 244 41
253 244 42
253 244 43
253 244 44
253 244 45
253 244 46
253 244 47
253 244 48
253 244 49
253 244 50
252 244 51
252 244 52
251 245 53
250 245 54
251 245 55
251 245 56
251 245 57
252 245 58
252 245 59
252 245 60
252 244 61
252 244 62
253 244 63
252 245 64
252 245 65
251 245 66
250 245 67
250 244 68
251 243 69
250 242 70
251 243 71
252 242 72
252 242 73
252 242 74
252 242 75
252 242 76
252 242 77
252 242 78
252 242 79
252 241 80
252 240 81
253 241 82
253 240 83
254 241 84
255 240 85
254 239 86
253 239 87
252 238 88
252 239 89
252 239 90
251 239 91
251 240 92
251 240 93
251 240 94
251 240 95
251 240 96
251 240 97
251 241 98
250 241 99
250 240 100
250 241 101
249 240 102
249 240 103
249 240 104
248 240 105
249 239 106
250 240 106
250 241 107
250 240 108
251 240 109
251 239 110
252 239 111
252 239 112
252 239 113
252 239 114
252 239 115
252 239 116
252 240 117
252 240 118
252 240 119
252 240 120
253 239 121
253 240 122
253 240 123
253 241 124
253 240 125
253 239 126
253 239 127
253 239 128
253 238 129
253 238 130
253 238 131
254 238 132
253 238 133
253 238 134
253 237 135
254 238 136
254 237 137
255 237 138
256 238 139
257 238 140
258 237 140
259 236 141
260 236 142
261 236 143
261 236 144
261 236 145
261 235 146
261 235 147
261 235 148
260 234 149
261 235 150
261 234 151
262 234 152
262 233 153
262 232 154
262 232 155
262 231 156
262 231 157
263 231 158
263 231 159
263 231 160
264 231 161
264 231 162
264 231 163
264 231 164
264 230 165
255 224 165
255 224 164
255 224 163
255 224 162
255 224 161
149
256 248 22
252 245 25
252 245 26
253 245 27
253 245 28
253 245 29
253 245 30
253 245 31
253 245 32
253 245 33
253 245 34
254 245 35
254 245 36
253 244 37
253 244 38
254 245 39
254 245 40
253 244 41
253 244 42
253 244 43
253 244 44
253 244 45
253 244 46
253 244 47
253 244 48
253 244 49
253 244 50
252 244 51
252 244 52
251 245 53
250 245 54
251 245 55
251 245 56
251 245 57
252 245 58
252 245 59
252 245 60
252 244 61
252 244 62
253 244 63
252 245 64
252 245 65
251 245 66
250 245 67
250 244 68
251 243 69
250 242 70
251 243 71
252 242 72
252 242 73
252 242 74
252 242 75
252 242 76
252 242 77
252 242 78
252 242 79
252 241 80
252 240 81
253 241 82
253 240 83
254 241 84
255 240 85
256 241 85
257 241 85
258 241 86
259 241 87
260 241 88
260 241 89
261 241 90
261 241 91
262 241 92
263 242 93
263 242 94
264 242 95
265 241 96
265 240 97
266 239 98
267 239 99
267 240 100
268 240 101
269 240 102
270 240 102
271 239 103
272 240 104
273 240 105
274 240 106
275 239 107
276 239 108
277 239 109
277 238 110
278 239 111
278 238 112
279 238 113
280 238 114
281 239 115
282 239 116
282 238 117
283 238 118
284 239 118
285 238 119
286 238 120
287 238 120
288 237 121
289 237 121
290 237 122
291 237 122
292 237 122
293 237 122
294 237 122
295 237 123
296 237 123
297 236 123
298 236 123
299 235 124
300 234 124
301 234 124
302 233 125
303 232 125
304 232 125
305 231 126
306 230 127
307 230 127
308 229 128
309 229 128
310 228 129
311 228 130
312 228 130
313 228 130
314 228 131
315 228 131
316 227 132
317 228 132
318 228 132
319 227 133
320 228 133
321 227 134
322 227 134
323 227 135
324 227 135
325 226 136
326 226 136
327 226 137
328 226 137
329 226 137
330 225 138
331 225 138
332 224 139
331 223 139
332 222 140
148
256 248 22
252 245 25
252 245 26
253 245 27
253 245 28
253 245 29
253 245 30
253 245 31
253 245 32
253 245 33
253 245 34
254 245 35
254 245 36
253 244 37
253 244 38
254 245 39
254 245 40
253 244 41
253 244 42
253 244 43
253 244 44
253 244 45
253 244 46
253 244 47
253 244 48
253 244 49
253 244 50
252 244 51
252 244 52
251 245 53
250 245 54
251 245 55
251 245 56
251 245 57
252 245 58
252 245 59
252 245 60
252 244 61
252 244 62
253 244 63
252 245 64
252 245 65
251 245 66
250 245 67
250 244 68
251 243 69
250 242 70
251 243 71
252 242 72
252 242 73
252 242 74
252 242 75
252 242 76
252 242 77
252 242 78
252 242 79
252 241 80
252 240 81
253 241 82
253 240 83
254 241 84
255 240 85
254 239 86
253 239 87
252 238 88
252 239 89
252 239 90
251 239 91
251 240 92
251 240 93
251 240 94
251 240 95
251 240 96
251 240 97
251 241 98
250 241 99
250 240 100
250 241 101
249 240 102
249 240 103
249 240 104
248 240 105
249 239 106
250 240 106
250 241 107
250 240 108
251 240 109
251 239 110
252 239 111
252 239 112
252 239 113
252 239 114
252 239 115
252 239 116
252 240 117
252 240 118
252 240 119
252 240 120
253 239 121
253 240 122
253 240 123
253 241 124
253 240 125
253 239 126
253 239 127
253 239 128
253 238 129
253 238 130
253 238 131
254 238 132
253 238 133
253 238 134
253 237 135
254 238 136
254 237 137
255 237 138
256 238 139
255 239 140
254 239 141
253 239 142
253 239 143
253 240 144
252 239 145
252 239 146
252 239 147
252 239 148
251 239 149
251 239 150
251 239 151
250 239 152
250 239 153
249 239 154
248 240 155
248 239 156
247 239 157
246 239 158
246 239 159
245 239 160
245 239 161
244 238 162
243 238 163
243 237 164
243 236 164
243 235 164
243 234 164
243 233 164
243 232 164
243 231 165
148
256 248 22
252 245 25
252 245 26
253 245 27
253 245 28
253 245 29
253 245 30
253 245 31
253 245 32
253 245 33
253 245 34
254 245 35
254 245 36
253 244 37
253 244 38
254 245 39
254 245 40
253 244 41
253 244 42
253 244 43
253 244 44
253 244 45
253 244 46
253 244 47
253 244 48
253 244 49
253 244 50
252 244 51
252 244 52
251 245 53
250 245 54
251 245 55
251 245 56
251 245 57
252 245 58
252 245 59
252 245 60
252 244 61
252 244 62
253 244 63
252 245 64
252 245 65
251 245 66
250 245 67
250 244 68
251 243 69
250 242 70
251 243 71
252 242 72
252 242 73
252 242 74
252 242 75
252 242 76
252 242 77
252 242 78
252 242 79
252 241 80
252 240 81
253 241 82
253 240 83
254 241 84
255 240 85
254 239 86
253 239 87
252 238 88
252 239 89
252 239 90
251 239 91
251 240 92
251 240 93
251 240 94
251 240 95
251 240 96
251 240 97
251 241 98
250 241 99
250 240 100
250 241 101
249 240 102
249 240 103
249 240 104
248 240 105
249 239 106
250 240 106
250 241 107
250 240 108
251 240 109
251 239 110
252 239 111
252 239 112
252 239 113
252 239 114
252 239 115
252 239 116
252 240 117
252 240 118
252 240 119
252 240 120
253 239 121
253 240 122
253 240 123
253 241 124
253 240 125
253 239 126
253 239 127
253 239 128
253 238 129
253 238 130
253 238 131
254 238 132
253 238 133
253 238 134
253 237 135
254 238 136
254 237 137
255 237 138
256 238 139
255 239 140
254 239 141
253 239 142
253 239 143
253 240 144
254 241 145
255 241 146
255 241 147
255 242 148
255 243 149
256 243 150
256 242 151
256 243 152
257 244 152
258 245 153
258 245 154
258 245 155
258 245 156
259 246 157
258 245 158
258 246 159
258 245 160
258 245 161
258 245 162
258 245 163
258 244 164
258 244 165
258 244 166
258 243 167
258 243 168
258 243 169
148
256 248 22
252 245 25
252 245 26
253 245 27
253 245 28
253 245 29
253 245 30
253 245 31
253 245 32
253 245 33
253 245 34
254 245 35
254 245 36
253 244 37
253 244 38
254 245 39
254 245 40
253 244 41
253 244 42
253 244 43
253 244 44
253 244 45
253 244 46
253 244 47
253 244 48
253 244 49
253 244 50
252 244 51
252 244 52
251 245 53
250 245 54
249 245 55
248 245 56
247 245 57
246 245 57
245 245 58
245 246 59
244 246 60
243 246 61
242 246 62
242 247 63
241 247 64
240 247 64
239 247 65
239 248 66
238 248 67
237 248 68
236 248 69
235 248 70
234 248 71
233 248 72
232 248 73
231 248 74
230 249 75
229 249 76
228 249 77
227 249 78
226 249 79
225 249 80
224 249 81
223 249 82
222 250 83
221 249 83
220 250 84
219 250 84
218 250 85
217 251 86
216 251 86
215 251 87
214 251 87
213 252 88
212 251 88
211 251 89
210 252 90
209 252 90
208 252 91
207 252 92
206 252 93
205 253 94
204 253 94
203 253 94
202 253 95
201 254 95
200 253 96
199 253 96
198 253 97
197 254 97
196 254 97
195 254 97
194 254 98
193 254 99
192 254 99
191 255 99
190 254 100
189 254 100
188 254 100
187 254 100
186 255 100
185 255 101
184 256 101
183 256 102
182 256 103
181 256 103
180 257 104
179 256 104
178 257 105
177 257 105
176 258 106
175 258 107
174 258 106
173 258 106
172 258 106
171 258 106
170 259 107
169 259 107
168 260 106
167 260 106
166 261 106
165 261 106
164 262 106
163 262 106
162 262 106
161 262 106
160 262 107
159 263 107
158 262 107
157 262 107
156 262 107
155 261 107
154 261 107
153 261 106
152 262 107
151 263 107
150 263 107
149 263 106
148 263 106
147 264 106
146 264 105
145 265 105
144 265 105
143 265 105
142 266 105
141 266 105
140 265 105
139 266 105
138 266 105
137 266 106
136 266 106
145
256 248 22
252 245 25
252 245 26
253 245 27
253 245 28
253 245 29
253 245 30
253 245 31
253 245 32
253 245 33
253 245 34
254 245 35
254 245 36
253 244 37
253 244 38
254 245 39
254 245 40
253 244 41
253 244 42
253 244 43
253 244 44
253 244 45
253 244 46
253 244 47
253 244 48
253 244 49
253 244 50
252 244 51
252 244 52
251 245 53
250 245 54
251 245 55
251 245 56
251 245 57
252 245 58
252 245 59
252 245 60
252 244 61
252 244 62
253 244 63
252 245 64
252 245 65
251 245 66
250 245 67
250 244 68
251 243 69
250 242 70
251 243 71
252 242 72
252 242 73
252 242 74
252 242 75
252 242 76
252 242 77
252 242 78
252 242 79
252 241 80
252 240 81
253 241 82
253 240 83
254 241 84
255 240 85
254 239 86
253 239 87
252 238 88
252 239 89
252 239 90
251 239 91
251 240 92
251 240 93
251 240 94
251 240 95
251 240 96
251 240 97
251 241 98
250 241 99
250 240 100
250 241 101
249 240 102
249 240 103
249 240 104
248 240 105
249 239 106
250 240 106
250 241 107
250 240 108
251 240 109
251 239 110
252 239 111
252 239 112
252 239 113
252 239 114
252 239 115
252 239 116
252 240 117
252 240 118
252 240 119
252 240 120
253 239 121
253 240 122
253 240 123
253 241 124
253 240 125
253 239 126
253 239 127
253 239 128
253 238 129
253 238 130
253 238 131
254 238 132
253 238 133
253 238 134
253 237 135
254 238 136
254 237 137
255 237 138
256 238 139
257 238 140
258 237 140
259 236 141
260 236 142
261 236 143
261 236 144
261 236 145
261 235 146
261 235 147
261 235 148
260 234 149
261 235 150
261 234 151
262 234 152
262 233 153
262 232 154
262 232 155
262 231 156
262 231 157
263 231 158
263 231 159
263 231 160
264 231 161
264 231 162
264 231 163
264 231 164
264 230 165
255 224 165
144
256 248 22
252 245 25
252 245 26
253 245 27
253 245 28
253 245 29
253 245 30
253 245 31
253 245 32
253 245 33
253 245 34
254 245 35
254 245 36
253 244 37
253 244 38
254 245 39
254 245 40
253 244 41
253 244 42
253 244 43
253 244 44
253 244 45
253 244 46
253 244 47
253 244 48
253 244 49
253 244 50
252 244 51
252 244 52
251 245 53
250 245 54
251 245 55
251 245 56
251 245 57
252 245 58
252 245 59
252 245 60
252 244 61
252 244 62
253 244 63
252 245 64
252 245 65
251 245 66
250 245 67
250 244 68
251 243 69
250 242 70
251 243 71
252 242 72
252 242 73
252 242 74
252 242 75
252 242 76
252 242 77
252 242 78
252 242 79
252 241 80
252 240 81
253 241 82
253 240 83
254 241 84
255 240 85
254 239 86
253 239 87
252 238 88
252 239 89
252 239 90
251 239 91
251 240 92
251 240 93
251 240 94
251 240 95
251 240 96
251 240 97
251 241 98
250 241 99
250 240 100
250 241 101
249 240 102
249 240 103
249 240 104
248 240 105
249 239 106
250 240 106
250 241 107
250 240 108
251 240 109
251 239 110
252 239 111
252 239 112
252 239 113
252 239 114
252 239 115
252 239 116
252 240 117
252 240 118
252 240 119
252 240 120
253 239 121
253 240 122
253 240 123
253 241 124
253 240 125
253 239 126
253 239 127
253 239 128
253 238 129
253 238 130
253 238 131
254 238 132
253 238 133
253 238 134
253 237 135
254 238 136
254 237 137
255 237 138
256 238 139
255 239 140
254 239 141
253 239 142
253 239 143
253 240 144
252 239 145
252 239 146
252 239 147
252 239 148
251 239 149
251 239 150
251 239 151
250 239 152
250 239 153
249 239 154
248 240 155
249 241 156
250 241 157
251 241 158
252 241 159
252 241 160
252 241 161
252 241 162
252 241 163
253 242 164
253 243 165
252 244 166
133
256 248 22
252 245 25
252 245 26
253 245 27
253 245 28
253 245 29
253 245 30
253 245 31
253 245 32
253 245 33
253 245 34
254 245 35
254 245 36
253 244 37
253 244 38
254 245 39
254 245 40
253 244 41
253 244 42
253 244 43
253 244 44
253 244 45
253 244 46
253 244 47
253 244 48
253 244 49
253 244 50
252 244 51
252 244 52
251 245 53
250 245 54
251 245 55
251 245 56
251 245 57
252 245 58
252 245 59
252 245 60
252 244 61
252 244 62
253 244 63
252 245 64
252 245 65
251 245 66
250 245 67
250 244 68
251 243 69
250 242 70
251 243 71
252 242 72
252 242 73
252 242 74
252 242 75
252 242 76
252 242 77
252 242 78
252 242 79
252 241 80
252 240 81
253 241 82
253 240 83
254 241 84
255 240 85
254 239 86
253 239 87
252 238 88
252 239 89
252 239 90
251 239 91
251 240 92
251 240 93
251 240 94
251 240 95
251 240 96
251 240 97
251 241 98
250 241 99
250 240 100
250 241 101
249 240 102
249 240 103
249 240 104
248 240 105
249 239 106
250 240 106
250 241 107
250 240 108
251 240 109
251 239 110
252 239 111
252 239 112
252 239 113
252 239 114
252 239 115
252 239 116
252 240 117
252 240 118
252 240 119
252 240 120
253 239 121
253 240 122
253 240 123
253 241 124
253 240 125
253 239 126
253 239 127
253 239 128
253 238 129
253 238 130
253 238 131
254 238 132
253 238 133
253 238 134
253 237 135
254 238 136
254 237 137
255 237 138
256 238 139
255 239 140
254 239 141
253 239 142
253 239 143
253 240 144
254 241 145
255 241 146
256 242 146
257 241 146
258 242 147
259 243 147
260 243 147
261 242 148
262 241 149
263 242 149
264 241 150
132
256 248 22
252 245 25
252 245 26
253 245 27
253 245 28
253 245 29
253 245 30
253 245 31
253 245 32
253 245 33
253 245 34
254 245 35
254 245 36
253 244 37
253 244 38
254 245 39
254 245 40
253 244 41
253 244 42
253 244 43
253 244 44
253 244 45
253 244 46
253 244 47
253 244 48
253 244 49
253 244 50
252 244 51
252 244 52
251 245 53
250 245 54
249 245 55
248 245 56
247 245 57
246 245 57
245 245 58
245 246 59
244 246 60
243 246 61
242 246 62
242 247 63
241 247 64
240 247 64
239 247 65
239 248 66
238 248 67
237 248 68
236 248 69
235 248 70
234 248 71
233 248 72
232 248 73
231 248 74
230 249 75
229 249 76
228 249 77
227 249 78
226 249 79
225 249 80
224 249 81
223 249 82
222 250 83
221 249 83
220 250 84
219 250 84
218 250 85
217 251 86
216 251 86
215 251 87
214 251 87
213 252 88
212 251 88
211 251 89
210 252 90
209 252 90
208 252 91
207 252 92
206 252 93
205 253 94
204 253 94
203 253 94
202 253 95
201 254 95
200 253 96
199 253 96
198 253 97
197 254 97
196 254 97
195 254 97
194 254 98
193 254 99
192 254 99
191 255 99
190 254 100
189 254 100
188 254 100
187 254 100
186 255 100
185 255 101
184 256 101
183 256 102
182 256 103
181 256 103
180 257 104
179 256 104
178 257 105
177 257 105
176 258 106
175 258 107
174 258 106
173 258 106
172 258 106
171 258 106
170 259 107
169 259 107
168 260 106
167 260 106
166 261 106
165 261 106
164 262 106
163 262 106
162 262 106
161 262 106
160 262 107
159 263 107
158 262 107
157 262 107
156 262 107
155 261 107
154 261 107
153 261 106
153 260 105
132
256 248 22
252 245 25
252 245 26
253 245 27
253 245 28
253 245 29
253 245 30
253 245 31
253 245 32
253 245 33
253 245 34
254 245 35
254 245 36
253 244 37
253 244 38
254 245 39
254 245 40
253 244 41
253 244 42
253 244 43
253 244 44
253 244 45
253 244 46
253 244 47
253 244 48
253 244 49
253 244 50
252 244 51
252 244 52
251 245 53
250 245 54
251 245 55
251 245 56
251 245 57
252 245 58
252 245 59
252 245 60
252 244 61
252 244 62
253 244 63
252 245 64
252 245 65
251 245 66
250 245 67
250 244 68
251 243 69
250 242 70
251 243 71
252 242 72
252 242 73
252 242 74
252 242 75
252 242 76
252 242 77
252 242 78
252 242 79
252 241 80
252 240 81
253 241 82
253 240 83
254 241 84
255 240 85
254 239 86
253 239 87
252 238 88
252 239 89
252 239 90
251 239 91
251 240 92
251 240 93
251 240 94
251 240 95
251 240 96
251 240 97
251 241 98
250 241 99
250 240 100
250 241 101
249 240 102
249 240 103
249 240 104
248 240 105
249 239 106
250 240 106
250 241 107
250 240 108
251 240 109
251 239 110
252 239 111
252 239 112
252 239 113
252 239 114
252 239 115
252 239 116
252 240 117
252 240 118
252 240 119
252 240 120
253 239 121
253 240 122
253 240 123
253 241 124
253 240 125
253 239 126
253 239 127
253 239 128
253 238 129
253 238 130
253 238 131
254 238 132
253 238 133
253 238 134
253 237 135
254 238 136
254 237 137
255 237 138
256 238 139
257 238 140
258 237 140
259 236 141
260 236 142
261 236 143
261 236 144
261 236 145
261 235 146
261 235 147
261 235 148
262 236 149
263 237 150
264 238 150
264 239 150
265 240 150
131
256 248 22
252 245 25
252 245 26
253 245 27
253 245 28
253 245 29
253 245 30
253 245 31
253 245 32
253 245 33
253 245 34
254 245 35
254 245 36
253 244 37
253 244 38
254 245 39
254 245 40
253 244 41
253 244 42
253 244 43
253 244 44
253 244 45
253 244 46
253 244 47
253 244 48
253 244 49
253 244 50
252 244 51
252 244 52
251 245 53
250 245 54
249 245 55
248 245 56
247 245 57
246 245 57
245 245 58
245 246 59
244 246 60
243 246 61
242 246 62
242 247 63
241 247 64
240 247 64
239 247 65
239 248 66
238 248 67
237 248 68
236 248 69
235 248 70
234 248 71
233 248 72
232 248 73
231 248 74
230 249 75
229 249 76
228 249 77
227 249 78
226 249 79
225 249 80
224 249 81
223 249 82
222 250 83
221 249 83
220 250 84
219 250 84
218 250 85
217 251 86
216 251 86
215 251 87
214 251 87
213 252 88
212 251 88
211 251 89
210 252 90
209 252 90
208 252 91
207 252 92
206 252 93
205 253 94
204 253 94
203 253 94
202 253 95
201 254 95
200 253 96
199 253 96
198 253 97
197 254 97
196 254 97
195 254 97
194 254 98
193 254 99
192 254 99
191 255 99
190 254 100
189 254 100
188 254 100
187 254 100
186 255 100
185 255 101
184 256 101
183 256 102
182 256 103
181 256 103
180 257 104
179 256 104
178 257 105
177 257 105
176 258 106
175 258 107
174 258 106
173 258 106
172 258 106
171 258 106
170 259 107
169 258 106
169 257 106
168 256 106
167 256 106
166 255 106
165 254 106
164 254 106
163 253 106
162 253 106
161 254 106
160 254 105
159 255 105
158 256 105
157 256 105
156 257 105
155 258 105
154 259 105
131
256 248 22
252 245 25
252 245 26
253 245 27
253 245 28
253 245 29
253 245 30
253 245 31
253 245 32
253 245 33
253 245 34
254 245 35
254 245 36
253 244 37
253 244 38
254 245 39
254 245 40
253 244 41
253 244 42
253 244 43
253 244 44
253 244 45
253 244 46
253 244 47
253 244 48
253 244 49
253 244 50
252 244 51
252 244 52
251 245 53
250 245 54
251 245 55
251 245 56
251 245 57
252 245 58
252 245 59
252 245 60
252 244 61
252 244 62
253 244 63
252 245 64
252 245 65
251 245 66
250 245 67
250 244 68
251 243 69
250 242 70
251 243 71
252 242 72
252 242 73
252 242 74
252 242 75
252 242 76
252 242 77
252 242 78
252 242 79
252 241 80
252 240 81
253 241 82
253 240 83
254 241 84
255 240 85
254 239 86
253 239 87
252 238 88
252 239 89
252 239 90
251 239 91
251 240 92
251 240 93
251 240 94
251 240 95
251 240 96
251 240 97
251 241 98
250 241 99
250 240 100
250 241 101
249 240 102
249 240 103
249 240 104
248 240 105
249 239 106
250 240 106
250 241 107
250 240 108
251 240 109
251 239 110
252 239 111
252 239 112
252 239 113
252 239 114
252 239 115
252 239 116
252 240 117
252 240 118
252 240 119
252 240 120
253 239 121
253 240 122
253 240 123
253 241 124
253 240 125
253 239 126
253 239 127
253 239 128
253 238 129
253 238 130
253 238 131
254 238 132
253 238 133
253 238 134
253 237 135
254 238 136
254 237 137
255 237 138
256 238 139
255 239 140
254 239 141
253 239 142
253 239 143
253 240 144
254 241 145
255 241 146
256 242 146
257 241 146
258 242 147
259 243 147
260 243 147
261 242 148
262 243 148
130
256 248 22
252 245 25
252 245 26
253 245 27
253 245 28
253 245 29
253 245 30
253 245 31
253 245 32
253 245 33
253 245 34
254 245 35
254 245 36
253 244 37
253 244 38
254 245 39
254 245 40
253 244 41
253 244 42
253 244 43
253 244 44
253 244 45
253 244 46
253 244 47
253 244 48
253 244 49
253 244 50
252 244 51
252 244 52
251 245 53
250 245 54
251 245 55
251 245 56
251 245 57
252 245 58
252 245 59
252 245 60
252 244 61
252 244 62
253 244 63
252 245 64
252 245 65
251 245 66
250 245 67
250 244 68
251 243 69
250 242 70
251 243 71
252 242 72
252 242 73
252 242 74
252 242 75
252 242 76
252 242 77
252 242 78
252 242 79
252 241 80
252 240 81
253 241 82
253 240 83
254 241 84
255 240 85
254 239 86
253 239 87
252 238 88
252 239 89
252 239 90
251 239 91
251 240 92
251 240 93
251 240 94
251 240 95
251 240 96
251 240 97
251 241 98
250 241 99
250 240 100
250 241 101
249 240 102
249 240 103
249 240 104
248 240 105
249 239 106
250 240 106
250 241 107
250 240 108
251 240 109
251 239 110
252 239 111
252 239 112
252 239 113
252 239 114
252 239 115
252 239 116
252 240 117
252 240 118
252 240 119
252 240 120
253 239 121
253 240 122
253 240 123
253 241 124
253 240 125
253 239 126
253 239 127
253 239 128
253 238 129
253 238 130
253 238 131
254 238 132
253 238 133
253 238 134
253 237 135
254 238 136
254 237 137
255 237 138
256 238 139
255 239 140
254 239 141
253 238 141
252 237 142
252 236 143
252 235 144
252 234 145
253 233 146
254 232 147
255 231 148
256 230 148
257 230 148
258 231 148
130
256 248 22
252 245 25
252 245 26
253 245 27
253 245 28
253 245 29
253 245 30
253 245 31
253 245 32
253 245 33
253 245 34
254 245 35
254 245 36
253 244 37
253 244 38
254 245 39
254 245 40
253 244 41
253 244 42
253 244 43
253 244 44
253 244 45
253 244 46
253 244 47
253 244 48
253 244 49
253 244 50
252 244 51
252 244 52
251 245 53
250 245 54
251 245 55
251 245 56
251 245 57
252 245 58
252 245 59
252 245 60
252 244 61
252 244 62
253 244 63
252 245 64
252 245 65
251 245 66
250 245 67
250 244 68
251 243 69
250 242 70
251 243 71
252 242 72
252 242 73
252 242 74
252 242 75
252 242 76
252 242 77
252 242 78
252 242 79
252 241 80
252 240 81
253 241 82
253 240 83
254 241 84
255 240 85
254 239 86
253 239 87
252 238 88
252 239 89
252 239 90
251 239 91
251 240 92
251 240 93
251 240 94
251 240 95
251 240 96
251 240 97
251 241 98
250 241 99
250 240 100
250 241 101
249 240 102
249 240 103
249 240 104
248 240 105
249 239 106
250 240 106
250 241 107
250 240 108
251 240 109
251 239 110
252 239 111
252 239 112
252 239 113
252 239 114
252 239 115
252 239 116
252 240 117
252 240 118
252 240 119
252 240 120
253 239 121
253 240 122
253 240 123
253 241 124
253 240 125
253 239 126
253 239 127
253 239 128
253 238 129
253 238 130
253 238 131
254 238 132
253 238 133
253 238 134
253 237 135
254 238 136
254 237 137
255 237 138
256 238 139
257 238 140
258 237 140
259 236 141
260 236 142
261 236 143
261 236 144
261 236 145
261 235 146
261 235 147
261 235 148
260 234 149
259 233 148
259 232 149
129
256 248 22
252 245 25
252 245 26
253 245 27
253 245 28
253 245 29
253 245 30
253 245 31
253 245 32
253 245 33
253 245 34
254 245 35
254 245 36
253 244 37
253 244 38
254 245 39
254 245 40
253 244 41
253 244 42
253 244 43
253 244 44
253 244 45
253 244 46
253 244 47
253 244 48
253 244 49
253 244 50
252 244 51
252 244 52
251 245 53
250 245 54
251 245 55
251 245 56
251 245 57
252 245 58
252 245 59
252 245 60
252 244 61
252 244 62
253 244 63
252 245 64
252 245 65
251 245 66
250 245 67
250 244 68
251 243 69
250 242 70
251 243 71
252 242 72
252 242 73
252 242 74
252 242 75
252 242 76
252 242 77
252 242 78
252 242 79
252 241 80
252 240 81
253 241 82
253 240 83
254 241 84
255 240 85
254 239 86
253 239 87
252 238 88
252 239 89
252 239 90
251 239 91
251 240 92
251 240 93
251 240 94
251 240 95
251 240 96
251 240 97
251 241 98
250 241 99
250 240 100
250 241 101
249 240 102
249 240 103
249 240 104
248 240 105
249 239 106
250 240 106
250 241 107
250 240 108
251 240 109
251 239 110
252 239 111
252 239 112
252 239 113
252 239 114
252 239 115
252 239 116
252 240 117
252 240 118
252 240 119
252 240 120
253 239 121
253 240 122
253 240 123
253 241 124
253 240 125
253 239 126
253 239 127
253 239 128
253 238 129
253 238 130
253 238 131
254 238 132
253 238 133
253 238 134
253 237 135
254 238 136
254 237 137
255 237 138
256 238 139
255 239 140
254 239 141
253 239 142
253 239 143
253 240 144
254 241 145
255 241 146
256 242 146
257 241 146
258 240 147
259 239 148
260 238 149
129
256 248 22
252 245 25
252 245 26
253 245 27
253 245 28
253 245 29
253 245 30
253 245 31
253 245 32
253 245 33
253 245 34
254 245 35
254 245 36
253 244 37
253 244 38
254 245 39
254 245 40
253 244 41
253 244 42
253 244 43
253 244 44
253 244 45
253 244 46
253 244 47
253 244 48
253 244 49
253 244 50
252 244 51
252 244 52
251 245 53
250 245 54
251 245 55
251 245 56
251 245 57
252 245 58
252 245 59
252 245 60
252 244 61
252 244 62
253 244 63
252 245 64
252 245 65
251 245 66
250 245 67
250 244 68
251 243 69
250 242 70
251 243 71
252 242 72
252 242 73
252 242 74
252 242 75
252 242 76
252 242 77
252 242 78
252 242 79
252 241 80
252 240 81
253 241 82
253 240 83
254 241 84
255 240 85
254 239 86
253 239 87
252 238 88
252 239 89
252 239 90
251 239 91
251 240 92
251 240 93
251 240 94
251 240 95
251 240 96
251 240 97
251 241 98
250 241 99
250 240 100
250 241 101
249 240 102
249 240 103
249 240 104
248 240 105
249 239 106
250 240 106
250 241 107
250 240 108
251 240 109
251 239 110
252 239 111
252 239 112
252 239 113
252 239 114
252 239 115
252 239 116
252 240 117
252 240 118
252 240 119
252 240 120
253 239 121
253 240 122
253 240 123
253 241 124
253 240 125
253 239 126
253 239 127
253 239 128
253 238 129
253 238 130
253 238 131
254 238 132
253 238 133
253 238 134
253 237 135
254 238 136
254 237 137
255 237 138
256 238 139
257 238 140
258 237 140
259 236 141
260 236 142
261 236 143
261 236 144
261 236 145
261 235 146
261 235 147
261 235 148
262 236 149
261 237 149
128
256 248 22
252 245 25
252 245 26
253 245 27
253 245 28
253 245 29
253 245 30
253 245 31
253 245 32
253 245 33
253 245 34
254 245 35
254 245 36
253 244 37
253 244 38
254 245 39
254 245 40
253 244 41
253 244 42
253 244 43
253 244 44
253 244 45
253 244 46
253 244 47
253 244 48
253 244 49
253 244 50
252 244 51
252 244 52
251 245 53
250 245 54
251 245 55
251 245 56
251 245 57
252 245 58
252 245 59
252 245 60
252 244 61
252 244 62
253 244 63
252 245 64
252 245 65
251 245 66
250 245 67
250 244 68
251 243 69
250 242 70
251 243 71
252 242 72
252 242 73
252 242 74
252 242 75
252 242 76
252 242 77
252 242 78
252 242 79
252 241 80
252 240 81
253 241 82
253 240 83
254 241 84
255 240 85
254 239 86
253 239 87
252 238 88
252 239 89
252 239 90
251 239 91
251 240 92
251 240 93
251 240 94
251 240 95
251 240 96
251 240 97
251 241 98
250 241 99
250 240 100
250 241 101
249 240 102
249 240 103
249 240 104
248 240 105
249 239 106
250 240 106
250 241 107
250 240 108
251 240 109
251 239 110
252 239 111
252 239 112
252 239 113
252 239 114
252 239 115
252 239 116
252 240 117
252 240 118
252 240 119
252 240 120
253 239 121
253 240 122
253 240 123
253 241 124
253 240 125
253 239 126
253 239 127
253 239 128
253 238 129
253 238 130
253 238 131
254 238 132
253 238 133
253 238 134
253 237 135
254 238 136
254 237 137
255 237 138
256 238 139
255 239 140
254 239 141
253 239 142
253 239 143
253 240 144
252 239 145
253 238 145
254 237 146
255 236 146
256 235 147
257 236 147
112
256 248 22
252 245 25
252 245 26
253 245 27
253 245 28
253 245 29
253 245 30
253 245 31
253 245 32
253 245 33
253 245 34
254 245 35
254 245 36
253 244 37
253 244 38
254 245 39
254 245 40
253 244 41
253 244 42
253 244 43
253 244 44
253 244 45
253 244 46
253 244 47
253 244 48
253 244 49
253 244 50
252 244 51
252 244 52
251 245 53
250 245 54
251 245 55
251 245 56
251 245 57
252 245 58
252 245 59
252 245 60
252 244 61
252 244 62
253 244 63
252 245 64
252 245 65
251 245 66
250 245 67
250 244 68
251 243 69
250 242 70
251 243 71
252 242 72
252 242 73
252 242 74
252 242 75
252 242 76
252 242 77
252 242 78
252 242 79
252 241 80
252 240 81
253 241 82
253 240 83
254 241 84
255 240 85
254 239 86
253 239 87
252 238 88
252 239 89
252 239 90
251 239 91
251 240 92
251 240 93
251 240 94
251 240 95
251 240 96
251 240 97
251 241 98
250 241 99
250 240 100
250 241 101
249 240 102
249 240 103
249 240 104
248 240 105
249 239 106
250 240 106
250 241 107
250 240 108
251 240 109
251 239 110
252 239 111
252 239 112
252 239 113
252 239 114
252 239 115
252 239 116
252 240 117
252 240 118
252 240 119
252 240 120
253 239 121
253 240 122
253 240 123
253 241 124
252 242 124
252 243 124
252 244 124
252 245 124
252 246 124
252 247 125
251 247 126
252 248 127
252 249 128
253 250 129
109
256 248 22
252 245 25
252 245 26
253 245 27
253 245 28
253 245 29
253 245 30
253 245 31
253 245 32
253 245 33
253 245 34
254 245 35
254 245 36
253 244 37
253 244 38
254 245 39
254 245 40
253 244 41
253 244 42
253 244 43
253 244 44
253 244 45
253 244 46
253 244 47
253 244 48
253 244 49
253 244 50
252 244 51
252 244 52
251 245 53
250 245 54
251 245 55
251 245 56
251 245 57
252 245 58
252 245 59
252 245 60
252 244 61
252 244 62
253 244 63
252 245 64
252 245 65
251 245 66
250 245 67
250 244 68
251 243 69
250 242 70
251 243 71
252 242 72
252 242 73
252 242 74
252 242 75
252 242 76
252 242 77
252 242 78
252 242 79
252 241 80
252 240 81
253 241 82
253 240 83
254 241 84
255 240 85
254 239 86
253 239 87
252 238 88
252 239 89
252 239 90
251 239 91
251 240 92
251 240 93
251 240 94
251 240 95
251 240 96
251 240 97
251 241 98
250 241 99
250 240 100
250 241 101
249 240 102
249 240 103
249 240 104
248 240 105
247 240 105
246 241 105
245 242 106
244 243 107
244 244 108
243 244 109
243 245 110
243 245 111
242 244 112
241 244 113
241 245 114
240 244 115
239 244 116
238 245 117
238 245 118
237 245 119
236 245 120
235 246 121
234 247 122
234 248 122
234 249 121
233 250 122
233 251 123
233 252 124
234 252 125
234 252 126
234 253 127
108
256 248 22
252 245 25
252 245 26
253 245 27
253 245 28
253 245 29
253 245 30
253 245 31
253 245 32
253 245 33
253 245 34
254 245 35
254 245 36
253 244 37
253 244 38
254 245 39
254 245 40
253 244 41
253 244 42
253 244 43
253 244 44
253 244 45
253 244 46
253 244 47
253 244 48
253 244 49
253 244 50
252 244 51
252 244 52
251 245 53
250 245 54
251 245 55
251 245 56
251 245 57
252 245 58
252 245 59
252 245 60
252 244 61
252 244 62
253 244 63
252 245 64
252 245 65
251 245 66
250 245 67
250 244 68
251 243 69
250 242 70
251 243 71
252 242 72
252 242 73
252 242 74
252 242 75
252 242 76
252 242 77
252 242 78
252 242 79
252 241 80
252 240 81
253 241 82
253 240 83
254 241 84
255 240 85
254 239 86
253 239 87
252 238 88
252 239 89
252 239 90
251 239 91
251 240 92
251 240 93
251 240 94
251 240 95
251 240 96
251 240 97
251 241 98
250 241 99
250 240 100
250 241 101
249 240 102
249 240 103
249 240 104
248 240 105
247 240 105
246 241 105
245 242 106
244 243 107
244 244 108
243 244 109
243 245 110
243 245 111
242 244 112
241 244 113
241 245 114
240 244 115
239 244 116
238 245 117
238 245 118
237 245 119
236 245 120
235 246 121
234 247 122
234 248 122
234 249 121
233 250 122
233 251 123
233 252 124
234 252 125
235 251 124
107
256 248 22
252 245 25
252 245 26
253 245 27
253 245 28
253 245 29
253 245 30
253 245 31
253 245 32
253 245 33
253 245 34
254 245 35
254 245 36
253 244 37
253 244 38
254 245 39
254 245 40
253 244 41
253 244 42
253 244 43
253 244 44
253 244 45
253 244 46
253 244 47
253 244 48
253 244 49
253 244 50
252 244 51
252 244 52
251 245 53
250 245 54
251 245 55
251 245 56
251 245 57
252 245 58
252 245 59
252 245 60
252 244 61
252 244 62
253 244 63
252 245 64
252 245 65
251 245 66
250 245 67
250 244 68
251 243 69
250 242 70
251 243 71
252 242 72
252 242 73
252 242 74
252 242 75
252 242 76
252 242 77
252 242 78
252 242 79
252 241 80
252 240 81
253 241 82
253 240 83
254 241 84
255 240 85
254 239 86
253 239 87
252 238 88
252 239 89
252 239 90
251 239 91
251 240 92
251 240 93
251 240 94
251 240 95
251 240 96
251 240 97
251 241 98
250 241 99
250 240 100
250 241 101
249 240 102
249 240 103
249 240 104
248 240 105
247 240 105
246 241 105
245 242 106
244 243 107
244 244 108
243 244 109
243 245 110
243 245 111
242 244 112
241 244 113
241 245 114
240 244 115
239 244 116
238 245 117
238 245 118
237 245 119
236 245 120
235 246 121
234 247 122
234 248 122
234 249 121
235 250 120
235 251 121
235 252 122
235 252 123
101
256 248 22
252 245 25
252 245 26
253 245 27
253 245 28
253 245 29
253 245 30
253 245 31
253 245 32
253 245 33
253 245 34
254 245 35
254 245 36
253 244 37
253 244 38
254 245 39
254 245 40
253 244 41
253 244 42
253 244 43
253 244 44
253 244 45
253 244 46
253 244 47
253 244 48
253 244 49
253 244 50
252 244 51
252 244 52
251 245 53
250 245 54
251 245 55
251 245 56
251 245 57
252 245 58
252 245 59
252 245 60
252 244 61
252 244 62
253 244 63
252 245 64
252 245 65
251 245 66
250 245 67
250 244 68
251 243 69
250 242 70
251 243 71
252 242 72
252 242 73
252 242 74
252 242 75
252 242 76
252 242 77
252 242 78
252 242 79
252 241 80
252 240 81
253 241 82
253 240 83
254 241 84
255 240 85
256 241 85
257 241 85
258 241 86
259 241 87
260 241 88
260 241 89
261 241 90
261 241 91
262 241 92
263 242 93
263 242 94
264 242 95
265 241 96
265 240 97
266 239 98
267 239 99
267 240 100
268 240 101
269 240 102
270 240 102
271 239 103
272 240 104
273 240 105
274 240 106
275 239 107
276 239 108
277 239 109
277 238 110
278 239 111
278 238 112
279 238 113
280 238 114
281 239 115
282 239 116
282 238 117
283 238 118
284 239 118
285 238 119
285 225 121
100
256 248 22
252 245 25
252 245 26
253 245 27
253 245 28
253 245 29
253 245 30
253 245 31
253 245 32
253 245 33
253 245 34
254 245 35
254 245 36
253 244 37
253 244 38
254 245 39
254 245 40
253 244 41
253 244 42
253 244 43
253 244 44
253 244 45
253 244 46
253 244 47
253 244 48
253 244 49
253 244 50
252 244 51
252 244 52
251 245 53
250 245 54
251 245 55
251 245 56
251 245 57
252 245 58
252 245 59
252 245 60
252 244 61
252 244 62
253 244 63
252 245 64
252 245 65
251 245 66
250 245 67
250 244 68
251 243 69
250 242 70
251 243 71
252 242 72
252 242 73
252 242 74
252 242 75
252 242 76
252 242 77
252 242 78
252 242 79
252 241 80
252 240 81
253 241 82
253 240 83
254 241 84
255 240 85
254 239 86
253 239 87
252 238 88
252 239 89
252 239 90
251 239 91
251 240 92
251 240 93
251 240 94
251 240 95
251 240 96
251 240 97
251 241 98
250 241 99
250 240 100
250 241 101
249 240 102
249 240 103
249 240 104
248 240 105
249 239 106
250 240 106
250 241 107
249 242 107
250 243 107
250 244 107
249 245 107
249 246 108
249 247 109
248 248 110
248 248 111
248 248 112
248 249 113
248 249 114
248 250 115
248 250 116
248 250 117
248 251 118
98
256 248 22
252 245 25
252 245 26
253 245 27
253 245 28
253 245 29
253 245 30
253 245 31
253 245 32
253 245 33
253 245 34
254 245 35
254 245 36
253 244 37
253 244 38
254 245 39
254 245 40
253 244 41
253 244 42
253 244 43
253 244 44
253 244 45
253 244 46
253 244 47
253 244 48
253 244 49
253 244 50
252 244 51
252 244 52
251 245 53
250 245 54
251 245 55
251 245 56
251 245 57
252 245 58
252 245 59
252 245 60
252 244 61
252 244 62
253 244 63
252 245 64
252 245 65
251 245 66
250 245 67
250 244 68
251 243 69
250 242 70
251 243 71
252 242 72
252 242 73
252 242 74
252 242 75
252 242 76
252 242 77
252 242 78
252 242 79
252 241 80
252 240 81
253 241 82
253 240 83
254 241 84
255 240 85
256 241 85
257 241 85
258 241 86
259 241 87
260 241 88
260 241 89
261 241 90
261 241 91
262 241 92
263 242 93
263 242 94
264 242 95
265 241 96
265 240 97
266 239 98
267 239 99
267 240 100
268 240 101
269 240 102
270 240 102
271 239 103
272 240 104
273 240 105
274 240 106
275 239 107
276 239 108
277 239 109
277 238 110
278 239 111
278 238 112
279 238 113
280 238 114
281 239 115
282 239 116
282 238 117
279 230 117
96
256 248 22
252 245 25
252 245 26
253 245 27
253 245 28
253 245 29
253 245 30
253 245 31
253 245 32
253 245 33
253 245 34
254 245 35
254 245 36
253 244 37
253 244 38
254 245 39
254 245 40
253 244 41
253 244 42
253 244 43
253 244 44
253 244 45
253 244 46
253 244 47
253 244 48
253 244 49
253 244 50
252 244 51
252 244 52
251 245 53
250 245 54
251 245 55
251 245 56
251 245 57
252 245 58
252 245 59
252 245 60
252 244 61
252 244 62
253 244 63
252 245 64
252 245 65
251 245 66
250 245 67
250 244 68
251 243 69
250 242 70
251 243 71
252 242 72
252 242 73
252 242 74
252 242 75
252 242 76
252 242 77
252 242 78
252 242 79
252 241 80
252 240 81
253 241 82
253 240 83
254 241 84
255 240 85
254 239 86
253 239 87
252 238 88
252 239 89
252 239 90
251 239 91
251 240 92
251 240 93
251 240 94
251 240 95
251 240 96
251 240 97
251 241 98
250 241 99
250 240 100
250 241 101
249 240 102
249 240 103
249 240 104
248 240 105
249 239 106
248 238 106
248 237 106
247 236 106
246 235 107
245 235 108
244 235 109
244 235 110
243 235 111
242 234 112
241 235 112
240 236 112
240 237 112
240 238 112
96
256 248 22
252 245 25
252 245 26
253 245 27
253 245 28
253 245 29
253 245 30
253 245 31
253 245 32
253 245 33
253 245 34
254 245 35
254 245 36
253 244 37
253 244 38
254 245 39
254 245 40
253 244 41
253 244 42
253 244 43
253 244 44
253 244 45
253 244 46
253 244 47
253 244 48
253 244 49
253 244 50
252 244 51
252 244 52
251 245 53
250 245 54
251 245 55
251 245 56
251 245 57
252 245 58
252 245 59
252 245 60
252 244 61
252 244 62
253 244 63
252 245 64
252 245 65
251 245 66
250 245 67
250 244 68
251 243 69
250 242 70
251 243 71
252 242 72
252 242 73
252 242 74
252 242 75
252 242 76
252 242 77
252 242 78
252 242 79
252 241 80
252 240 81
253 241 82
253 240 83
254 241 84
255 240 85
254 239 86
253 239 87
252 238 88
252 239 89
252 239 90
251 239 91
251 240 92
251 240 93
251 240 94
251 240 95
251 240 96
251 240 97
251 241 98
250 241 99
250 240 100
250 241 101
249 240 102
249 240 103
249 240 104
248 240 105
247 240 105
246 241 105
245 242 106
244 243 107
244 244 108
243 244 109
243 245 110
243 245 111
242 244 112
241 243 113
241 242 113
241 241 113
241 240 112
241 239 112
93
256 248 22
252 245 25
252 245 26
253 245 27
253 245 28
253 245 29
253 245 30
253 245 31
253 245 32
253 245 33
253 245 34
254 245 35
254 245 36
253 244 37
253 244 38
254 245 39
254 245 40
253 244 41
253 244 42
253 244 43
253 244 44
253 244 45
253 244 46
253 244 47
253 244 48
253 244 49
253 244 50
252 244 51
252 244 52
251 245 53
250 245 54
251 245 55
251 245 56
251 245 57
252 245 58
252 245 59
252 245 60
252 244 61
252 244 62
253 244 63
252 245 64
252 245 65
251 245 66
250 245 67
250 244 68
251 243 69
250 242 70
251 243 71
252 242 72
252 242 73
252 242 74
252 242 75
252 242 76
252 242 77
252 242 78
252 242 79
252 241 80
252 240 81
253 241 82
253 240 83
254 241 84
255 240 85
256 241 85
257 241 85
258 241 86
259 241 87
260 241 88
260 241 89
261 241 90
261 241 91
262 241 92
263 242 93
263 242 94
264 242 95
265 241 96
265 240 97
266 239 98
267 239 99
267 240 100
268 240 101
269 240 102
270 240 102
271 239 103
272 240 104
273 240 105
274 240 106
275 239 107
276 239 108
277 239 109
277 238 110
278 239 111
278 238 112
278 237 112
90
256 248 22
252 245 25
252 245 26
253 245 27
253 245 28
253 245 29
253 245 30
253 245 31
253 245 32
253 245 33
253 245 34
254 245 35
254 245 36
253 244 37
253 244 38
254 245 39
254 245 40
253 244 41
253 244 42
253 244 43
253 244 44
253 244 45
253 244 46
253 244 47
253 244 48
253 244 49
253 244 50
252 244 51
252 244 52
251 245 53
250 245 54
251 245 55
251 245 56
251 245 57
252 245 58
252 245 59
252 245 60
252 244 61
252 244 62
253 244 63
252 245 64
252 245 65
251 245 66
250 245 67
250 244 68
251 243 69
250 242 70
251 243 71
252 242 72
252 242 73
252 242 74
252 242 75
252 242 76
252 242 77
252 242 78
252 242 79
252 241 80
252 240 81
253 241 82
253 240 83
254 241 84
255 240 85
254 239 86
253 239 87
252 238 88
252 239 89
252 239 90
251 239 91
251 240 92
251 240 93
251 240 94
251 240 95
251 240 96
251 240 97
251 241 98
250 241 99
250 240 100
250 241 101
249 240 102
249 240 103
249 240 104
248 240 105
247 240 105
246 240 106
245 240 107
244 240 106
243 239 107
242 238 108
241 237 109
242 236 109
82
256 248 22
252 245 25
252 245 26
253 245 27
253 245 28
253 245 29
253 245 30
253 245 31
253 245 32
253 245 33
253 245 34
254 245 35
254 245 36
253 244 37
253 244 38
254 245 39
254 245 40
253 244 41
253 244 42
253 244 43
253 244 44
253 244 45
253 244 46
253 244 47
253 244 48
253 244 49
253 244 50
252 244 51
252 244 52
251 245 53
250 245 54
251 245 55
251 245 56
251 245 57
252 245 58
252 245 59
252 245 60
252 244 61
252 244 62
253 244 63
252 245 64
252 245 65
251 245 66
250 245 67
250 244 68
251 243 69
250 242 70
251 243 71
252 242 72
252 242 73
252 242 74
252 242 75
252 242 76
252 242 77
252 242 78
252 242 79
252 241 80
252 240 81
253 241 82
253 240 83
254 241 84
255 240 85
254 239 86
253 239 87
252 238 88
252 239 89
252 239 90
251 239 91
251 240 92
251 240 93
251 240 94
251 240 95
251 240 96
251 240 97
251 241 98
251 242 99
252 243 99
253 244 98
254 245 98
255 246 97
255 247 98
255 248 99
78
256 248 22
252 245 25
252 245 26
253 245 27
253 245 28
253 245 29
253 245 30
253 245 31
253 245 32
253 245 33
253 245 34
254 245 35
254 245 36
253 244 37
253 244 38
254 245 39
254 245 40
253 244 41
253 244 42
253 244 43
253 244 44
253 244 45
253 244 46
253 244 47
253 244 48
253 244 49
253 244 50
252 244 51
252 244 52
251 245 53
250 245 54
251 245 55
251 245 56
251 245 57
252 245 58
252 245 59
252 245 60
252 244 61
252 244 62
253 244 63
252 245 64
252 245 65
251 245 66
250 245 67
250 244 68
251 243 69
250 242 70
251 243 71
252 242 72
252 242 73
252 242 74
252 242 75
252 242 76
252 242 77
252 242 78
252 242 79
252 241 80
252 240 81
253 241 82
253 240 83
254 241 84
255 240 85
254 239 86
253 239 87
252 238 88
252 237 88
253 236 88
254 237 89
255 236 90
255 236 91
255 235 92
255 234 93
255 235 94
255 234 95
255 233 96
255 234 97
255 233 98
255 232 99
72
256 248 22
252 245 25
252 245 26
253 245 27
253 245 28
253 245 29
253 245 30
253 245 31
253 245 32
253 245 33
253 245 34
254 245 35
254 245 36
253 244 37
253 244 38
254 245 39
254 245 40
253 244 41
253 244 42
253 244 43
253 244 44
253 244 45
253 244 46
253 244 47
253 244 48
253 244 49
253 244 50
252 244 51
252 244 52
251 245 53
250 245 54
251 245 55
251 245 56
251 245 57
252 245 58
252 245 59
252 245 60
252 244 61
252 244 62
253 244 63
252 245 64
252 245 65
251 245 66
250 245 67
249 245 67
248 246 68
247 247 69
246 247 70
246 248 71
246 249 72
245 249 73
244 249 73
243 249 74
243 250 75
242 250 76
242 251 77
242 252 78
241 252 79
241 253 80
240 253 81
239 253 82
239 254 83
238 254 84
238 255 85
238 256 86
237 256 87
237 256 88
236 257 89
236 257 90
235 257 91
234 256 92
233 257 93
71
256 248 22
252 245 25
252 245 26
253 245 27
253 245 28
253 245 29
253 245 30
253 245 31
253 245 32
253 245 33
253 245 34
254 245 35
254 245 36
253 244 37
253 244 38
254 245 39
254 245 40
253 244 41
253 244 42
253 244 43
253 244 44
253 244 45
253 244 46
253 244 47
253 244 48
253 244 49
253 244 50
252 244 51
252 244 52
251 245 53
250 245 54
251 245 55
251 245 56
251 245 57
252 245 58
252 245 59
252 245 60
252 244 61
252 244 62
253 244 63
252 245 64
252 245 65
251 245 66
250 245 67
249 245 67
248 246 68
247 247 69
246 247 70
246 248 71
246 249 72
245 249 73
244 249 73
243 249 74
243 250 75
242 250 76
242 251 77
242 252 78
241 252 79
241 253 80
240 253 81
239 253 82
239 254 83
238 254 84
238 255 85
238 256 86
237 256 87
237 256 88
236 257 89
237 258 90
238 259 91
239 259 92
59
256 248 22
252 245 25
252 245 26
253 245 27
253 245 28
253 245 29
253 245 30
253 245 31
253 245 32
253 245 33
253 245 34
254 245 35
254 245 36
253 244 37
253 244 38
254 245 39
254 245 40
253 244 41
253 244 42
253 244 43
253 244 44
253 244 45
253 244 46
253 244 47
253 244 48
253 244 49
253 244 50
252 244 51
252 244 52
251 245 53
250 245 54
249 245 55
248 245 56
247 245 57
246 245 57
245 245 58
245 246 59
244 246 60
243 246 61
242 246 62
242 247 63
241 247 64
240 247 64
239 247 65
239 248 66
238 248 67
237 248 68
236 248 69
235 248 70
234 248 71
233 248 72
232 248 73
231 248 74
230 249 75
229 249 76
228 249 77
227 249 78
226 249 79
226 244 82
58
256 248 22
252 245 25
252 245 26
253 245 27
253 245 28
253 245 29
253 245 30
253 245 31
253 245 32
253 245 33
253 245 34
254 245 35
254 245 36
253 244 37
253 244 38
254 245 39
254 245 40
253 244 41
253 244 42
253 244 43
253 244 44
253 244 45
253 244 46
253 244 47
253 244 48
253 244 49
253 244 50
252 244 51
252 244 52
251 245 53
250 245 54
249 245 55
248 245 56
247 245 57
246 245 57
245 245 58
245 246 59
244 246 60
243 246 61
242 246 62
242 247 63
241 247 64
240 247 64
239 247 65
239 248 66
238 248 67
237 248 68
236 248 69
235 248 70
234 248 71
233 248 72
232 248 73
231 248 74
231 244 78
230 243 79
229 243 79
228 243 80
227 243 81
56
256 248 22
252 245 25
252 245 26
253 245 27
253 245 28
253 245 29
253 245 30
253 245 31
253 245 32
253 245 33
253 245 34
254 245 35
254 245 36
253 244 37
253 244 38
254 245 39
254 245 40
253 244 41
253 244 42
253 244 43
253 244 44
253 244 45
253 244 46
253 244 47
253 244 48
253 244 49
253 244 50
252 244 51
252 244 52
251 245 53
250 245 54
251 245 55
251 245 56
251 245 57
252 245 58
252 245 59
252 245 60
252 244 61
252 244 62
253 244 63
252 245 64
252 245 65
251 245 66
250 245 67
250 244 68
251 243 69
250 242 70
249 241 71
248 241 72
248 240 73
247 240 74
246 240 75
246 240 76
246 240 77
245 239 78
244 238 84
55
256 248 22
252 245 25
252 245 26
253 245 27
253 245 28
253 245 29
253 245 30
253 245 31
253 245 32
253 245 33
253 245 34
254 245 35
254 245 36
253 244 37
253 244 38
254 245 39
254 245 40
253 244 41
253 244 42
253 244 43
253 244 44
253 244 45
253 244 46
253 244 47
253 244 48
253 244 49
253 244 50
252 244 51
252 244 52
251 245 53
250 245 54
251 245 55
251 245 56
251 245 57
252 245 58
252 245 59
252 245 60
252 244 61
252 244 62
253 244 63
252 245 64
252 245 65
251 245 66
250 245 67
250 244 68
251 243 69
250 242 70
249 241 71
248 241 72
248 240 73
247 240 74
246 240 75
246 240 76
246 240 77
245 239 78
54
256 248 22
252 245 25
252 245 26
253 245 27
253 245 28
253 245 29
253 245 30
253 245 31
253 245 32
253 245 33
253 245 34
254 245 35
254 245 36
253 244 37
253 244 38
254 245 39
254 245 40
253 244 41
253 244 42
253 244 43
253 244 44
253 244 45
253 244 46
253 244 47
253 244 48
253 244 49
253 244 50
252 244 51
252 244 52
251 245 53
250 245 54
249 245 55
248 245 56
247 245 57
246 245 57
245 245 58
245 246 59
244 246 60
243 246 61
242 246 62
242 247 63
241 247 64
240 247 64
239 247 65
239 248 66
238 248 67
237 248 68
236 248 69
235 248 70
234 248 71
233 248 72
232 248 73
231 248 74
231 244 78
51
256 248 22
252 245 25
252 245 26
253 245 27
253 245 28
253 245 29
253 245 30
253 245 31
253 245 32
253 245 33
253 245 34
254 245 35
254 245 36
253 244 37
253 244 38
254 245 39
254 245 40
253 244 41
253 244 42
253 244 43
253 244 44
253 244 45
253 244 46
253 244 47
253 244 48
253 244 49
253 244 50
252 244 51
252 244 52
251 245 53
250 245 54
251 245 55
251 245 56
251 245 57
252 245 58
252 245 59
252 245 60
252 244 61
252 244 62
253 244 63
252 245 64
252 245 65
251 245 66
250 245 67
250 244 68
251 243 69
252 244 70
251 245 71
251 246 72
250 246 73
251 247 74
42
256 248 22
252 245 25
252 245 26
253 245 27
253 245 28
253 245 29
253 245 30
253 245 31
253 245 32
253 245 33
253 245 34
254 245 35
254 245 36
253 244 37
253 244 38
254 245 39
254 245 40
253 244 41
253 244 42
253 244 43
253 244 44
253 244 45
253 244 46
253 244 47
253 244 48
253 244 49
253 244 50
252 244 51
252 244 52
251 245 53
250 245 54
249 245 55
248 245 56
247 245 57
246 245 57
245 245 58
246 244 59
247 243 60
247 243 61
246 242 62
245 242 63
244 242 64
40
256 248 22
252 245 25
252 245 26
253 245 27
253 245 28
253 245 29
253 245 30
253 245 31
253 245 32
253 245 33
253 245 34
254 245 35
254 245 36
253 244 37
253 244 38
254 245 39
254 245 40
253 244 41
253 244 42
253 244 43
253 244 44
253 244 45
253 244 46
253 244 47
253 244 48
253 244 49
253 244 50
252 244 51
252 244 52
251 245 53
250 245 54
249 245 55
248 245 56
247 245 57
246 245 57
245 245 58
245 246 59
245 246 60
246 246 61
247 245 62
2
256 248 22
252 244 24
