46
296
245 275 26
245 275 27
245 275 28
245 275 29
245 275 30
245 275 31
245 275 32
245 275 33
245 275 34
245 275 35
245 275 36
245 275 37
245 275 38
245 275 39
245 275 40
245 275 41
245 275 42
245 275 43
245 275 44
245 275 45
245 275 46
245 275 47
245 275 48
244 275 49
244 276 50
244 276 51
244 276 52
244 276 53
243 276 54
244 276 55
244 275 56
245 275 57
245 275 58
245 275 59
245 274 60
245 274 61
245 274 62
245 274 63
245 274 64
245 274 65
246 274 66
246 274 67
246 274 68
246 274 69
246 274 70
246 273 71
246 273 72
246 273 73
246 273 74
246 274 75
246 274 76
246 274 77
247 273 78
246 273 79
246 274 80
246 274 81
245 274 82
245 274 83
245 274 84
245 273 85
244 274 86
245 274 87
245 274 88
246 274 89
246 274 90
246 274 91
246 275 92
247 275 93
247 274 94
247 274 95
247 274 96
247 273 97
247 273 98
247 273 99
247 273 100
247 273 101
247 273 102
247 273 103
248 274 104
248 273 105
248 273 106
248 273 107
248 273 108
247 272 109
248 272 110
248 272 111
248 271 112
247 272 113
247 272 114
246 272 115
245 272 116
245 272 117
245 272 118
245 273 119
245 272 120
245 272 121
245 272 122
245 272 123
245 272 124
245 272 125
244 272 126
244 272 127
244 272 128
244 272 129
244 272 130
244 271 131
244 272 132
244 272 133
244 272 134
244 272 135
244 272 136
244 272 137
244 272 138
244 271 139
244 272 140
244 273 141
244 272 142
244 272 143
244 272 144
244 271 145
244 271 146
244 271 147
244 271 148
244 271 149
244 271 150
244 271 151
244 271 152
243 271 153
244 271 154
245 271 155
245 270 156
246 271 157
247 271 158
247 271 159
247 272 160
247 272 161
247 272 162
247 271 163
247 271 164
247 270 165
247 269 166
247 270 167
247 270 168
247 270 169
247 270 170
247 270 171
248 270 172
249 271 173
250 271 172
251 270 172
251 269 173
251 269 174
252 269 175
252 268 176
253 268 177
253 268 178
253 268 179
253 267 180
254 268 181
254 268 182
254 267 183
254 267 184
255 267 185
256 267 186
257 268 187
257 267 188
257 267 189
257 266 190
258 266 191
258 266 192
258 266 193
258 266 194
258 266 195
258 266 196
258 266 197
258 266 198
259 266 199
259 266 200
259 266 201
259 266 202
259 266 203
259 266 204
260 266 205
260 266 206
260 266 207
260 266 208
260 266 209
260 266 210
260 266 211
261 266 212
261 266 213
261 266 214
261 266 215
261 266 216
261 266 217
261 266 218
261 266 219
262 266 220
262 266 221
262 266 222
262 266 223
263 266 224
263 265 225
263 265 226
264 265 227
265 265 228
265 265 229
266 265 230
266 265 231
267 265 232
267 264 233
268 264 234
269 264 235
269 264 236
270 263 237
271 264 238
271 263 239
272 263 240
273 263 241
273 262 242
274 263 243
274 263 244
275 263 245
275 263 246
276 263 247
276 263 248
276 263 249
277 263 250
277 263 251
277 263 252
278 264 253
278 263 254
278 263 255
279 264 256
279 263 257
280 263 258
280 264 259
281 264 260
282 264 261
283 263 262
283 264 263
283 264 264
284 264 265
285 264 266
285 264 267
286 264 268
286 264 269
287 263 270
287 264 271
287 264 272
288 264 273
288 264 274
288 264 275
288 264 276
289 264 277
289 265 278
289 265 279
290 264 280
290 265 281
291 264 282
291 265 283
291 265 284
291 265 285
292 265 286
292 265 287
293 265 288
293 265 289
293 265 290
294 264 291
294 265 292
295 264 293
295 264 294
295 265 295
295 265 296
296 265 297
297 265 298
298 265 299
298 265 300
299 265 301
299 265 302
299 266 303
300 266 304
301 266 305
302 265 305
303 265 305
304 265 306
305 265 306
306 265 307
307 265 308
312 271 321
313 271 322
314 271 323
315 270 324
316 270 325
316 271 326
317 270 327
290
245 275 26
245 275 27
245 275 28
245 275 29
245 275 30
245 275 31
245 275 32
245 275 33
245 275 34
245 275 35
245 275 36
245 275 37
245 275 38
245 275 39
245 275 40
245 275 41
245 275 42
245 275 43
245 275 44
245 275 45
245 275 46
245 275 47
245 275 48
244 275 49
244 276 50
244 276 51
244 276 52
244 276 53
243 276 54
244 276 55
244 275 56
245 275 57
245 275 58
245 275 59
245 274 60
245 274 61
245 274 62
245 274 63
245 274 64
245 274 65
246 274 66
246 274 67
246 274 68
246 274 69
246 274 70
246 273 71
246 273 72
246 273 73
246 273 74
246 274 75
246 274 76
246 274 77
247 273 78
246 273 79
246 274 80
246 274 81
245 274 82
245 274 83
245 274 84
245 273 85
244 274 86
245 274 87
245 274 88
246 274 89
246 274 90
246 274 91
246 275 92
247 275 93
247 274 94
247 274 95
247 274 96
247 273 97
247 273 98
247 273 99
247 273 100
247 273 101
247 273 102
247 273 103
248 274 104
248 273 105
248 273 106
248 273 107
248 273 108
247 272 109
248 272 110
248 272 111
248 271 112
247 272 113
247 272 114
246 272 115
245 272 116
245 272 117
245 272 118
245 273 119
245 272 120
245 272 121
245 272 122
245 272 123
245 272 124
245 272 125
244 272 126
244 272 127
244 272 128
244 272 129
244 272 130
244 271 131
244 272 132
244 272 133
244 272 134
244 272 135
244 272 136
244 272 137
244 272 138
244 271 139
244 272 140
244 273 141
244 272 142
244 272 143
244 272 144
244 271 145
244 271 146
244 271 147
244 271 148
244 271 149
244 271 150
244 271 151
244 271 152
243 271 153
244 271 154
245 271 155
245 270 156
246 271 157
247 271 158
247 271 159
247 272 160
247 272 161
247 272 162
247 271 163
247 271 164
247 270 165
247 269 166
247 270 167
247 270 168
247 270 169
247 270 170
247 270 171
248 270 172
249 271 173
250 271 172
251 270 172
251 269 173
251 269 174
252 269 175
252 268 176
253 268 177
253 268 178
253 268 179
253 267 180
254 268 181
254 268 182
254 267 183
254 267 184
255 267 185
256 267 186
257 268 187
257 267 188
257 267 189
257 266 190
258 266 191
258 266 192
258 266 193
258 266 194
258 266 195
258 266 196
258 266 197
258 266 198
259 266 199
259 266 200
259 266 201
259 266 202
259 266 203
259 266 204
260 266 205
260 266 206
260 266 207
260 266 208
260 266 209
260 266 210
260 266 211
261 266 212
261 266 213
261 266 214
261 266 215
261 266 216
261 266 217
261 266 218
261 266 219
262 266 220
262 266 221
262 266 222
262 266 223
263 266 224
263 265 225
263 265 226
264 265 227
265 265 228
265 265 229
266 265 230
266 265 231
267 265 232
267 264 233
268 264 234
269 264 235
269 264 236
270 263 237
271 264 238
271 263 239
272 263 240
273 263 241
273 262 242
274 263 243
274 263 244
275 263 245
275 263 246
276 263 247
276 263 248
276 263 249
277 263 250
277 263 251
277 263 252
278 264 253
278 263 254
278 263 255
279 264 256
279 263 257
280 263 258
280 264 259
281 264 260
282 264 261
283 263 262
283 264 263
283 264 264
284 264 265
285 264 266
285 264 267
286 264 268
286 264 269
287 263 270
287 264 271
287 264 272
288 264 273
288 264 274
288 264 275
288 264 276
289 264 277
289 265 278
289 265 279
290 264 280
290 265 281
291 264 282
291 265 283
291 265 284
291 265 285
292 265 286
292 265 287
293 265 288
293 265 289
293 265 290
294 264 291
294 265 292
295 264 293
295 264 294
295 265 295
295 265 296
296 265 297
297 265 298
298 265 299
298 265 300
299 265 301
299 265 302
299 266 303
300 266 304
301 266 305
302 265 305
303 265 305
304 265 306
305 265 306
306 265 307
307 265 308
312 271 321
289
245 275 26
245 275 27
245 275 28
245 275 29
245 275 30
245 275 31
245 275 32
245 275 33
245 275 34
245 275 35
245 275 36
245 275 37
245 275 38
245 275 39
245 275 40
245 275 41
245 275 42
245 275 43
245 275 44
245 275 45
245 275 46
245 275 47
245 275 48
244 275 49
244 276 50
244 276 51
244 276 52
244 276 53
243 276 54
244 276 55
244 275 56
245 275 57
245 275 58
245 275 59
245 274 60
245 274 61
245 274 62
245 274 63
245 274 64
245 274 65
246 274 66
246 274 67
246 274 68
246 274 69
246 274 70
246 273 71
246 273 72
246 273 73
246 273 74
246 274 75
246 274 76
246 274 77
247 273 78
246 273 79
246 274 80
246 274 81
245 274 82
245 274 83
245 274 84
245 273 85
244 274 86
245 274 87
245 274 88
246 274 89
246 274 90
246 274 91
246 275 92
247 275 93
247 274 94
247 274 95
247 274 96
247 273 97
247 273 98
247 273 99
247 273 100
247 273 101
247 273 102
247 273 103
248 274 104
248 273 105
248 273 106
248 273 107
248 273 108
247 272 109
248 272 110
248 272 111
248 271 112
247 272 113
247 272 114
246 272 115
245 272 116
245 272 117
245 272 118
245 273 119
245 272 120
245 272 121
245 272 122
245 272 123
245 272 124
245 272 125
244 272 126
244 272 127
244 272 128
244 272 129
244 272 130
244 271 131
244 272 132
244 272 133
244 272 134
244 272 135
244 272 136
244 272 137
244 272 138
244 271 139
244 272 140
244 273 141
244 272 142
244 272 143
244 272 144
244 271 145
244 271 146
244 271 147
244 271 148
244 271 149
244 271 150
244 271 151
244 271 152
243 271 153
244 271 154
245 271 155
245 270 156
246 271 157
247 271 158
247 271 159
247 272 160
247 272 161
247 272 162
247 271 163
247 271 164
247 270 165
247 269 166
247 270 167
247 270 168
247 270 169
247 270 170
247 270 171
248 270 172
249 271 173
250 271 172
251 270 172
251 269 173
251 269 174
252 269 175
252 268 176
253 268 177
253 268 178
253 268 179
253 267 180
254 268 181
254 268 182
254 267 183
254 267 184
255 267 185
256 267 186
257 268 187
257 267 188
257 267 189
257 266 190
258 266 191
258 266 192
258 266 193
258 266 194
258 266 195
258 266 196
258 266 197
258 266 198
259 266 199
259 266 200
259 266 201
259 266 202
259 266 203
259 266 204
260 266 205
260 266 206
260 266 207
260 266 208
260 266 209
260 266 210
260 266 211
261 266 212
261 266 213
261 266 214
261 266 215
261 266 216
261 266 217
261 266 218
261 266 219
262 266 220
262 266 221
262 266 222
262 266 223
263 266 224
263 265 225
263 265 226
264 265 227
265 265 228
265 265 229
266 265 230
266 265 231
267 265 232
267 264 233
268 264 234
269 264 235
269 264 236
270 263 237
271 264 238
271 263 239
272 263 240
273 263 241
273 262 242
274 263 243
274 263 244
275 263 245
275 263 246
276 263 247
276 263 248
276 263 249
277 263 250
277 263 251
277 263 252
278 264 253
278 263 254
278 263 255
279 264 256
279 263 257
280 263 258
280 264 259
281 264 260
282 264 261
283 263 262
283 264 263
283 264 264
284 264 265
285 264 266
285 264 267
286 264 268
286 264 269
287 263 270
287 264 271
287 264 272
288 264 273
288 264 274
288 264 275
288 264 276
289 264 277
289 265 278
289 265 279
290 264 280
290 265 281
291 264 282
291 265 283
291 265 284
291 265 285
292 265 286
292 265 287
293 265 288
293 265 289
293 265 290
294 264 291
294 265 292
295 264 293
295 264 294
295 265 295
295 265 296
296 265 297
297 265 298
298 265 299
298 265 300
299 265 301
299 265 302
299 266 303
300 266 304
301 266 305
302 265 305
303 265 305
304 265 306
305 265 306
306 265 307
307 265 308
283
245 275 26
245 275 27
245 275 28
245 275 29
245 275 30
245 275 31
245 275 32
245 275 33
245 275 34
245 275 35
245 275 36
245 275 37
245 275 38
245 275 39
245 275 40
245 275 41
245 275 42
245 275 43
245 275 44
245 275 45
245 275 46
245 275 47
245 275 48
244 275 49
244 276 50
244 276 51
244 276 52
244 276 53
243 276 54
244 276 55
244 275 56
245 275 57
245 275 58
245 275 59
245 274 60
245 274 61
245 274 62
245 274 63
245 274 64
245 274 65
246 274 66
246 274 67
246 274 68
246 274 69
246 274 70
246 273 71
246 273 72
246 273 73
246 273 74
246 274 75
246 274 76
246 274 77
247 273 78
246 273 79
246 274 80
246 274 81
245 274 82
245 274 83
245 274 84
245 273 85
244 274 86
245 274 87
245 274 88
246 274 89
246 274 90
246 274 91
246 275 92
247 275 93
247 274 94
247 274 95
247 274 96
247 273 97
247 273 98
247 273 99
247 273 100
247 273 101
247 273 102
247 273 103
248 274 104
248 273 105
248 273 106
248 273 107
248 273 108
247 272 109
248 272 110
248 272 111
248 271 112
247 272 113
247 272 114
246 272 115
245 272 116
245 272 117
245 272 118
245 273 119
245 272 120
245 272 121
245 272 122
245 272 123
245 272 124
245 272 125
244 272 126
244 272 127
244 272 128
244 272 129
244 272 130
244 271 131
244 272 132
244 272 133
244 272 134
244 272 135
244 272 136
244 272 137
244 272 138
244 271 139
244 272 140
244 273 141
244 272 142
244 272 143
244 272 144
244 271 145
244 271 146
244 271 147
244 271 148
244 271 149
244 271 150
244 271 151
244 271 152
243 271 153
242 270 153
241 270 154
240 270 155
239 270 156
239 270 157
238 270 158
237 270 159
237 270 160
237 269 161
236 270 162
236 270 163
236 269 164
236 269 165
235 269 166
235 270 167
234 269 168
234 268 169
234 268 170
234 268 171
233 268 172
233 268 173
233 268 174
232 267 175
232 268 176
232 267 177
231 268 178
231 268 179
230 268 180
230 268 181
230 268 182
230 268 183
230 268 184
230 267 185
229 268 186
229 267 187
229 267 188
229 267 189
229 267 190
228 267 191
228 267 192
228 267 193
228 266 194
227 267 195
227 267 196
227 267 197
226 268 198
226 268 199
226 268 200
226 268 201
226 268 202
225 268 203
225 267 204
224 268 205
225 267 206
225 266 207
224 266 208
224 266 209
223 266 210
223 266 211
222 265 212
221 265 213
220 265 214
220 265 215
220 264 216
219 264 217
218 264 218
218 263 219
217 262 220
216 262 221
215 262 222
214 262 223
213 262 224
213 261 225
212 262 226
212 261 227
211 261 228
211 261 229
210 261 230
210 260 231
210 260 232
209 260 233
209 260 234
208 260 235
207 260 236
207 259 237
206 259 238
207 258 239
206 259 240
206 258 241
205 258 242
205 258 243
204 258 244
203 258 245
202 258 246
202 258 247
202 257 248
201 257 249
200 257 250
200 256 251
199 256 252
199 256 253
198 256 254
197 256 255
196 256 256
195 256 257
195 256 258
194 256 259
193 256 260
192 256 261
192 255 262
191 256 263
191 255 264
190 256 265
190 256 266
190 255 267
189 256 268
188 256 269
188 255 270
188 255 271
187 254 272
187 255 273
186 255 274
186 255 275
185 255 276
184 255 277
183 255 278
183 254 279
182 255 280
181 255 281
181 254 282
180 254 283
180 254 284
179 253 285
178 253 286
177 253 287
177 253 288
176 253 289
176 253 290
175 252 291
174 252 292
174 253 293
173 252 294
172 251 295
172 252 296
171 251 297
170 251 298
170 251 299
169 251 300
169 250 301
169 251 302
168 251 303
168 251 304
168 250 305
168 250 306
168 250 307
282
245 275 26
245 275 27
245 275 28
245 275 29
245 275 30
245 275 31
245 275 32
245 275 33
245 275 34
245 275 35
245 275 36
245 275 37
245 275 38
245 275 39
245 275 40
245 275 41
245 275 42
245 275 43
245 275 44
245 275 45
245 275 46
245 275 47
245 275 48
244 275 49
244 276 50
244 276 51
244 276 52
244 276 53
243 276 54
244 276 55
244 275 56
245 275 57
245 275 58
245 275 59
245 274 60
245 274 61
245 274 62
245 274 63
245 274 64
245 274 65
246 274 66
246 274 67
246 274 68
246 274 69
246 274 70
246 273 71
246 273 72
246 273 73
246 273 74
246 274 75
246 274 76
246 274 77
247 273 78
246 273 79
246 274 80
246 274 81
245 274 82
245 274 83
245 274 84
245 273 85
244 274 86
245 274 87
245 274 88
246 274 89
246 274 90
246 274 91
246 275 92
247 275 93
247 274 94
247 274 95
247 274 96
247 273 97
247 273 98
247 273 99
247 273 100
247 273 101
247 273 102
247 273 103
248 274 104
248 273 105
248 273 106
248 273 107
248 273 108
247 272 109
248 272 110
248 272 111
248 271 112
247 272 113
247 272 114
246 272 115
245 272 116
245 272 117
245 272 118
245 273 119
245 272 120
245 272 121
245 272 122
245 272 123
245 272 124
245 272 125
244 272 126
244 272 127
244 272 128
244 272 129
244 272 130
244 271 131
244 272 132
244 272 133
244 272 134
244 272 135
244 272 136
244 272 137
244 272 138
244 271 139
244 272 140
244 273 141
244 272 142
244 272 143
244 272 144
244 271 145
244 271 146
244 271 147
244 271 148
244 271 149
244 271 150
244 271 151
244 271 152
243 271 153
244 271 154
245 271 155
245 270 156
246 271 157
247 271 158
247 271 159
247 272 160
247 272 161
247 272 162
247 271 163
247 271 164
247 270 165
247 269 166
247 270 167
247 270 168
247 270 169
247 270 170
247 270 171
248 270 172
249 271 173
250 271 172
251 270 172
251 269 173
251 269 174
252 269 175
252 268 176
253 268 177
253 268 178
253 268 179
253 267 180
254 268 181
254 268 182
254 267 183
254 267 184
255 267 185
256 267 186
257 268 187
257 267 188
257 267 189
257 266 190
258 266 191
258 266 192
258 266 193
258 266 194
258 266 195
258 266 196
258 266 197
258 266 198
259 266 199
259 266 200
259 266 201
259 266 202
259 266 203
259 266 204
260 266 205
260 266 206
260 266 207
260 266 208
260 266 209
260 266 210
260 266 211
261 266 212
261 266 213
261 266 214
261 266 215
261 266 216
261 266 217
261 266 218
261 266 219
262 266 220
262 266 221
262 266 222
262 266 223
263 266 224
263 265 225
263 265 226
264 265 227
265 265 228
265 265 229
266 265 230
266 265 231
267 265 232
267 264 233
268 264 234
269 264 235
269 264 236
270 263 237
271 264 238
271 263 239
272 263 240
273 263 241
273 262 242
274 263 243
274 263 244
275 263 245
275 263 246
276 263 247
276 263 248
276 263 249
277 263 250
277 263 251
277 263 252
278 264 253
278 263 254
278 263 255
279 264 256
279 263 257
280 263 258
280 264 259
281 264 260
282 264 261
283 263 262
283 264 263
283 264 264
284 264 265
285 264 266
285 264 267
286 264 268
286 264 269
287 263 270
287 264 271
287 264 272
288 264 273
288 264 274
288 264 275
288 264 276
289 264 277
289 265 278
289 265 279
290 264 280
290 265 281
291 264 282
291 265 283
291 265 284
291 265 285
292 265 286
292 265 287
293 265 288
293 265 289
293 265 290
294 264 291
294 265 292
295 264 293
295 264 294
295 265 295
295 265 296
296 265 297
297 265 298
298 265 299
298 265 300
299 265 301
300 264 301
301 264 301
302 264 301
256
245 275 26
245 275 27
245 275 28
245 275 29
245 275 30
245 275 31
245 275 32
245 275 33
245 275 34
245 275 35
245 275 36
245 275 37
245 275 38
245 275 39
245 275 40
245 275 41
245 275 42
245 275 43
245 275 44
245 275 45
245 275 46
245 275 47
245 275 48
244 275 49
244 276 50
244 276 51
244 276 52
244 276 53
243 276 54
244 276 55
244 275 56
245 275 57
245 275 58
245 275 59
245 274 60
245 274 61
245 274 62
245 274 63
245 274 64
245 274 65
246 274 66
246 274 67
246 274 68
246 274 69
246 274 70
246 273 71
246 273 72
246 273 73
246 273 74
246 274 75
246 274 76
246 274 77
247 273 78
246 273 79
246 274 80
246 274 81
245 274 82
245 274 83
245 274 84
245 273 85
244 274 86
245 274 87
245 274 88
246 274 89
246 274 90
246 274 91
246 275 92
247 275 93
247 274 94
247 274 95
247 274 96
247 273 97
247 273 98
247 273 99
247 273 100
247 273 101
247 273 102
247 273 103
248 274 104
248 273 105
248 273 106
248 273 107
248 273 108
247 272 109
248 272 110
248 272 111
248 271 112
247 272 113
247 272 114
246 272 115
245 272 116
245 272 117
245 272 118
245 273 119
245 272 120
245 272 121
245 272 122
245 272 123
245 272 124
245 272 125
244 272 126
244 272 127
244 272 128
244 272 129
244 272 130
244 271 131
244 272 132
244 272 133
244 272 134
244 272 135
244 272 136
244 272 137
244 272 138
244 271 139
244 272 140
244 273 141
244 272 142
244 272 143
244 272 144
244 271 145
244 271 146
244 271 147
244 271 148
244 271 149
244 271 150
244 271 151
244 271 152
243 271 153
244 271 154
245 271 155
245 270 156
246 271 157
247 271 158
247 271 159
247 272 160
247 272 161
247 272 162
247 271 163
247 271 164
247 270 165
247 269 166
247 270 167
247 270 168
247 270 169
247 270 170
247 270 171
248 270 172
249 271 173
250 271 172
251 270 172
251 269 173
251 269 174
252 269 175
252 268 176
253 268 177
253 268 178
253 268 179
253 267 180
254 268 181
254 268 182
254 267 183
254 267 184
255 267 185
256 267 186
257 268 187
257 267 188
257 267 189
257 266 190
258 266 191
258 266 192
258 266 193
258 266 194
258 266 195
258 266 196
258 266 197
258 266 198
259 266 199
259 266 200
259 266 201
259 266 202
259 266 203
259 266 204
260 266 205
260 266 206
260 266 207
260 266 208
260 266 209
260 266 210
260 266 211
261 266 212
261 266 213
261 266 214
261 266 215
261 266 216
261 266 217
261 266 218
261 266 219
262 266 220
262 266 221
262 266 222
262 266 223
263 266 224
263 265 225
263 265 226
264 265 227
265 265 228
265 265 229
266 265 230
266 265 231
267 265 232
267 264 233
268 264 234
269 264 235
269 264 236
270 263 237
271 264 238
271 263 239
272 263 240
273 263 241
273 262 242
274 263 243
274 263 244
275 263 245
275 263 246
276 263 247
276 263 248
276 263 249
277 263 250
277 263 251
277 263 252
278 264 253
278 263 254
278 263 255
279 264 256
279 263 257
280 263 258
280 264 259
281 264 260
282 264 261
283 263 262
283 264 263
283 264 264
284 264 265
285 264 266
285 264 267
286 264 268
286 264 269
287 263 270
287 264 271
287 264 272
288 264 273
288 264 274
288 264 275
288 264 276
289 264 277
290 257 277
240
245 275 26
245 275 27
245 275 28
245 275 29
245 275 30
245 275 31
245 275 32
245 275 33
245 275 34
245 275 35
245 275 36
245 275 37
245 275 38
245 275 39
245 275 40
245 275 41
245 275 42
245 275 43
245 275 44
245 275 45
245 275 46
245 275 47
245 275 48
244 275 49
244 276 50
244 276 51
244 276 52
244 276 53
243 276 54
244 276 55
244 275 56
245 275 57
245 275 58
245 275 59
245 274 60
245 274 61
245 274 62
245 274 63
245 274 64
245 274 65
246 274 66
246 274 67
246 274 68
246 274 69
246 274 70
246 273 71
246 273 72
246 273 73
246 273 74
246 274 75
246 274 76
246 274 77
247 273 78
246 273 79
246 274 80
246 274 81
245 274 82
245 274 83
245 274 84
245 273 85
244 274 86
245 274 87
245 274 88
246 274 89
246 274 90
246 274 91
246 275 92
247 275 93
247 274 94
247 274 95
247 274 96
247 273 97
247 273 98
247 273 99
247 273 100
247 273 101
247 273 102
247 273 103
248 274 104
248 273 105
248 273 106
248 273 107
248 273 108
247 272 109
248 272 110
248 272 111
248 271 112
247 272 113
247 272 114
246 272 115
245 272 116
245 272 117
245 272 118
245 273 119
245 272 120
245 272 121
245 272 122
245 272 123
245 272 124
245 272 125
244 272 126
244 272 127
244 272 128
244 272 129
244 272 130
244 271 131
244 272 132
244 272 133
244 272 134
244 272 135
244 272 136
244 272 137
244 272 138
244 271 139
244 272 140
244 273 141
244 272 142
244 272 143
244 272 144
244 271 145
244 271 146
244 271 147
244 271 148
244 271 149
244 271 150
244 271 151
244 271 152
243 271 153
244 271 154
245 271 155
245 270 156
246 271 157
247 271 158
247 271 159
247 272 160
247 272 161
247 272 162
247 271 163
247 271 164
247 270 165
247 269 166
247 270 167
247 270 168
247 270 169
247 270 170
247 270 171
248 270 172
247 270 173
247 271 174
246 271 175
246 270 176
245 271 177
245 271 178
245 271 179
245 271 180
245 271 181
244 271 182
244 271 183
243 271 184
243 272 185
243 272 186
243 272 187
243 272 188
242 271 189
242 271 190
242 272 191
242 272 192
241 271 193
241 271 194
241 272 195
241 272 196
240 272 197
240 272 198
240 272 199
240 272 200
239 271 201
239 272 202
239 272 203
239 272 204
239 272 205
238 272 206
238 272 207
238 273 208
238 273 209
237 273 210
237 273 211
237 272 212
237 272 213
237 273 214
236 273 215
236 273 216
236 273 217
236 273 218
235 273 219
235 273 220
235 273 221
234 274 222
234 274 223
233 274 224
233 274 225
232 274 226
232 275 227
232 274 228
231 274 229
231 274 230
231 274 231
231 275 232
231 275 233
230 274 234
230 274 235
230 275 236
229 275 237
229 275 238
229 275 239
229 276 240
228 275 241
228 276 242
228 276 243
228 276 244
227 275 245
227 276 246
227 276 247
226 276 248
226 276 249
226 276 250
226 277 251
226 277 252
226 277 253
225 277 254
225 277 255
225 277 256
224 277 257
224 277 258
223 277 259
222 277 260
223 278 261
222 277 262
222 277 263
221 278 264
221 278 265
228
245 275 26
245 275 27
245 275 28
245 275 29
245 275 30
245 275 31
245 275 32
245 275 33
245 275 34
245 275 35
245 275 36
245 275 37
245 275 38
245 275 39
245 275 40
245 275 41
245 275 42
245 275 43
245 275 44
245 275 45
245 275 46
245 275 47
245 275 48
244 275 49
244 276 50
244 276 51
244 276 52
244 276 53
243 276 54
244 276 55
244 275 56
245 275 57
245 275 58
245 275 59
245 274 60
245 274 61
245 274 62
245 274 63
245 274 64
245 274 65
246 274 66
246 274 67
246 274 68
246 274 69
246 274 70
246 273 71
246 273 72
246 273 73
246 273 74
246 274 75
246 274 76
246 274 77
247 273 78
246 273 79
246 274 80
246 274 81
245 274 82
245 274 83
245 274 84
245 273 85
244 274 86
245 274 87
245 274 88
246 274 89
246 274 90
246 274 91
246 275 92
247 275 93
247 274 94
247 274 95
247 274 96
247 273 97
247 273 98
247 273 99
247 273 100
247 273 101
247 273 102
247 273 103
248 274 104
248 273 105
248 273 106
248 273 107
248 273 108
247 272 109
248 272 110
248 272 111
248 271 112
247 272 113
247 272 114
246 272 115
245 272 116
245 272 117
245 272 118
245 273 119
245 272 120
245 272 121
245 272 122
245 272 123
245 272 124
245 272 125
244 272 126
244 272 127
244 272 128
244 272 129
244 272 130
244 271 131
244 272 132
244 272 133
244 272 134
244 272 135
244 272 136
244 272 137
244 272 138
244 271 139
244 272 140
244 273 141
244 272 142
244 272 143
244 272 144
244 271 145
244 271 146
244 271 147
244 271 148
244 271 149
244 271 150
244 271 151
244 271 152
243 271 153
244 271 154
245 271 155
245 270 156
246 271 157
247 271 158
247 271 159
247 272 160
247 272 161
247 272 162
247 271 163
247 271 164
247 270 165
247 269 166
247 270 167
247 270 168
247 270 169
247 270 170
247 270 171
248 270 172
247 270 173
247 271 174
246 271 175
246 270 176
245 271 177
245 271 178
245 271 179
245 271 180
245 271 181
244 271 182
244 271 183
243 271 184
243 272 185
243 272 186
243 272 187
243 272 188
242 271 189
242 271 190
242 272 191
242 272 192
241 271 193
241 271 194
241 272 195
241 272 196
240 272 197
240 272 198
240 272 199
240 272 200
239 271 201
239 272 202
239 272 203
239 272 204
239 272 205
238 272 206
238 272 207
238 273 208
238 273 209
237 273 210
237 273 211
237 272 212
237 272 213
237 273 214
236 273 215
236 273 216
236 273 217
236 273 218
235 273 219
235 273 220
235 273 221
234 274 222
234 274 223
233 274 224
233 274 225
232 274 226
232 275 227
232 274 228
231 274 229
231 274 230
231 274 231
231 275 232
231 275 233
230 274 234
230 274 235
230 275 236
229 275 237
229 275 238
229 275 239
229 276 240
228 275 241
228 276 242
228 276 243
228 276 244
227 275 245
227 276 246
227 276 247
226 276 248
226 276 249
226 276 250
226 277 251
226 277 252
225 272 252
222
245 275 26
245 275 27
245 275 28
245 275 29
245 275 30
245 275 31
245 275 32
245 275 33
245 275 34
245 275 35
245 275 36
245 275 37
245 275 38
245 275 39
245 275 40
245 275 41
245 275 42
245 275 43
245 275 44
245 275 45
245 275 46
245 275 47
245 275 48
244 275 49
244 276 50
244 276 51
244 276 52
244 276 53
243 276 54
244 276 55
244 275 56
245 275 57
245 275 58
245 275 59
245 274 60
245 274 61
245 274 62
245 274 63
245 274 64
245 274 65
246 274 66
246 274 67
246 274 68
246 274 69
246 274 70
246 273 71
246 273 72
246 273 73
246 273 74
246 274 75
246 274 76
246 274 77
247 273 78
246 273 79
246 274 80
246 274 81
245 274 82
245 274 83
245 274 84
245 273 85
244 274 86
245 274 87
245 274 88
246 274 89
246 274 90
246 274 91
246 275 92
247 275 93
247 274 94
247 274 95
247 274 96
247 273 97
247 273 98
247 273 99
247 273 100
247 273 101
247 273 102
247 273 103
248 274 104
248 273 105
248 273 106
248 273 107
248 273 108
247 272 109
248 272 110
248 272 111
248 271 112
247 272 113
247 272 114
246 272 115
245 272 116
245 272 117
245 272 118
245 273 119
245 272 120
245 272 121
245 272 122
245 272 123
245 272 124
245 272 125
244 272 126
244 272 127
244 272 128
244 272 129
244 272 130
244 271 131
244 272 132
244 272 133
244 272 134
244 272 135
244 272 136
244 272 137
244 272 138
244 271 139
244 272 140
244 273 141
244 272 142
244 272 143
244 272 144
244 271 145
244 271 146
244 271 147
244 271 148
244 271 149
244 271 150
244 271 151
244 271 152
243 271 153
244 271 154
245 271 155
245 270 156
246 271 157
247 271 158
247 271 159
247 272 160
247 272 161
247 272 162
247 271 163
247 271 164
247 270 165
247 269 166
247 270 167
247 270 168
247 270 169
247 270 170
247 270 171
248 270 172
247 270 173
247 271 174
246 271 175
246 270 176
245 271 177
245 271 178
245 271 179
245 271 180
245 271 181
244 271 182
244 271 183
243 271 184
243 272 185
243 272 186
243 272 187
243 272 188
242 271 189
242 271 190
242 272 191
242 272 192
241 271 193
241 271 194
241 272 195
241 272 196
240 272 197
240 272 198
240 272 199
240 272 200
239 271 201
239 272 202
239 272 203
239 272 204
239 272 205
238 272 206
238 272 207
238 273 208
238 273 209
237 273 210
237 273 211
237 272 212
237 272 213
237 273 214
236 273 215
236 273 216
236 273 217
236 273 218
235 273 219
235 273 220
235 273 221
234 274 222
234 274 223
233 274 224
233 274 225
232 274 226
232 275 227
232 274 228
231 274 229
231 274 230
231 274 231
231 275 232
231 275 233
230 274 234
230 274 235
230 275 236
229 275 237
229 275 238
229 275 239
229 276 240
228 275 241
228 276 242
228 276 243
228 276 244
227 275 245
226 274 245
226 273 246
221
245 275 26
245 275 27
245 275 28
245 275 29
245 275 30
245 275 31
245 275 32
245 275 33
245 275 34
245 275 35
245 275 36
245 275 37
245 275 38
245 275 39
245 275 40
245 275 41
245 275 42
245 275 43
245 275 44
245 275 45
245 275 46
245 275 47
245 275 48
244 275 49
244 276 50
244 276 51
244 276 52
244 276 53
243 276 54
244 276 55
244 275 56
245 275 57
245 275 58
245 275 59
245 274 60
245 274 61
245 274 62
245 274 63
245 274 64
245 274 65
246 274 66
246 274 67
246 274 68
246 274 69
246 274 70
246 273 71
246 273 72
246 273 73
246 273 74
246 274 75
246 274 76
246 274 77
247 273 78
246 273 79
246 274 80
246 274 81
245 274 82
245 274 83
245 274 84
245 273 85
244 274 86
245 274 87
245 274 88
246 274 89
246 274 90
246 274 91
246 275 92
247 275 93
247 274 94
247 274 95
247 274 96
247 273 97
247 273 98
247 273 99
247 273 100
247 273 101
247 273 102
247 273 103
248 274 104
248 273 105
248 273 106
248 273 107
248 273 108
247 272 109
248 272 110
248 272 111
249 272 112
250 272 113
251 272 114
252 272 115
252 271 116
253 271 117
252 270 118
253 270 119
253 270 120
253 270 121
254 270 122
254 269 123
254 269 124
254 269 125
254 269 126
255 269 127
255 269 128
255 268 129
255 268 130
256 268 131
256 268 132
256 268 133
256 268 134
256 268 135
257 268 136
257 268 137
257 267 138
257 267 139
258 268 140
258 268 141
258 268 142
259 268 143
259 267 144
259 266 145
260 266 146
260 266 147
260 266 148
261 266 149
261 265 150
261 265 151
262 265 152
262 264 153
263 264 154
263 264 155
264 264 156
264 264 157
265 264 158
264 263 159
265 263 160
265 263 161
266 263 162
266 263 163
266 263 164
267 264 165
267 263 166
267 263 167
267 263 168
268 263 169
268 263 170
268 263 171
269 263 172
269 263 173
269 262 174
269 262 175
270 262 176
270 262 177
270 262 178
271 262 179
271 261 180
272 261 181
272 260 182
273 260 183
273 260 184
274 260 185
275 260 186
276 260 187
276 260 188
277 259 189
278 260 190
278 259 191
279 258 192
280 258 193
281 258 194
282 258 195
283 258 196
283 259 197
284 258 198
285 257 199
286 257 200
286 257 201
287 257 202
288 257 203
289 256 204
290 256 205
290 256 206
291 256 207
292 256 208
292 256 209
293 256 210
294 256 211
295 256 212
295 256 213
296 256 214
297 255 215
297 255 216
298 255 217
299 255 218
300 255 219
300 255 220
301 255 221
302 254 222
303 254 223
303 254 224
304 254 225
304 254 226
305 254 227
305 254 228
306 254 229
307 253 230
307 254 231
308 254 232
309 254 233
310 253 234
310 254 235
311 254 236
312 253 237
313 253 238
313 253 239
314 253 240
314 253 241
315 252 242
316 252 243
316 252 244
317 252 245
318 252 246
206
245 275 26
245 275 27
245 275 28
245 275 29
245 275 30
245 275 31
245 275 32
245 275 33
245 275 34
245 275 35
245 275 36
245 275 37
245 275 38
245 275 39
245 275 40
245 275 41
245 275 42
245 275 43
245 275 44
245 275 45
245 275 46
245 275 47
245 275 48
244 275 49
244 276 50
244 276 51
244 276 52
244 276 53
243 276 54
244 276 55
244 275 56
245 275 57
245 275 58
245 275 59
245 274 60
245 274 61
245 274 62
245 274 63
245 274 64
245 274 65
246 274 66
246 274 67
246 274 68
246 274 69
246 274 70
246 273 71
246 273 72
246 273 73
246 273 74
246 274 75
246 274 76
246 274 77
247 273 78
246 273 79
246 274 80
246 274 81
245 274 82
245 274 83
245 274 84
245 273 85
244 274 86
245 274 87
245 274 88
246 274 89
246 274 90
246 274 91
246 275 92
247 275 93
247 274 94
247 274 95
247 274 96
247 273 97
247 273 98
247 273 99
247 273 100
247 273 101
247 273 102
247 273 103
248 274 104
248 273 105
248 273 106
248 273 107
248 273 108
247 272 109
248 272 110
248 272 111
249 272 112
250 272 113
251 272 114
252 272 115
252 271 116
253 271 117
252 270 118
253 270 119
253 270 120
253 270 121
254 270 122
254 269 123
254 269 124
254 269 125
254 269 126
255 269 127
255 269 128
255 268 129
255 268 130
256 268 131
256 268 132
256 268 133
256 268 134
256 268 135
257 268 136
257 268 137
257 267 138
257 267 139
258 268 140
258 268 141
258 268 142
259 268 143
259 267 144
259 266 145
260 266 146
260 266 147
260 266 148
261 266 149
261 265 150
261 265 151
262 265 152
262 264 153
263 264 154
263 264 155
264 264 156
264 264 157
265 264 158
264 263 159
265 263 160
265 263 161
266 263 162
266 263 163
266 263 164
267 264 165
267 263 166
267 263 167
267 263 168
268 263 169
268 263 170
268 263 171
269 263 172
269 263 173
269 262 174
269 262 175
270 262 176
270 262 177
270 262 178
271 262 179
271 261 180
272 261 181
272 260 182
273 260 183
273 260 184
274 260 185
275 260 186
276 260 187
276 260 188
277 259 189
278 260 190
278 259 191
279 258 192
280 258 193
281 258 194
282 258 195
283 258 196
283 259 197
284 258 198
285 257 199
286 257 200
286 257 201
287 257 202
288 257 203
289 256 204
290 256 205
290 256 206
291 256 207
292 256 208
292 256 209
293 256 210
294 256 211
295 256 212
295 256 213
296 256 214
297 255 215
297 255 216
298 255 217
299 255 218
300 255 219
300 255 220
301 255 221
302 254 222
303 254 223
303 254 224
304 254 225
304 254 226
305 254 227
305 254 228
306 254 229
307 253 230
307 259 230
182
245 275 26
245 275 27
245 275 28
245 275 29
245 275 30
245 275 31
245 275 32
245 275 33
245 275 34
245 275 35
245 275 36
245 275 37
245 275 38
245 275 39
245 275 40
245 275 41
245 275 42
245 275 43
245 275 44
245 275 45
245 275 46
245 275 47
245 275 48
244 275 49
244 276 50
244 276 51
244 276 52
244 276 53
243 276 54
244 276 55
244 275 56
245 275 57
245 275 58
245 275 59
245 274 60
245 274 61
245 274 62
245 274 63
245 274 64
245 274 65
246 274 66
246 274 67
246 274 68
246 274 69
246 274 70
246 273 71
246 273 72
246 273 73
246 273 74
246 274 75
246 274 76
246 274 77
247 273 78
246 273 79
246 274 80
246 274 81
245 274 82
245 274 83
245 274 84
245 273 85
244 274 86
245 274 87
245 274 88
246 274 89
246 274 90
246 274 91
246 275 92
247 275 93
247 274 94
247 274 95
247 274 96
247 273 97
247 273 98
247 273 99
247 273 100
247 273 101
247 273 102
247 273 103
248 274 104
248 273 105
248 273 106
248 273 107
248 273 108
247 272 109
248 272 110
248 272 111
248 271 112
247 272 113
247 272 114
246 272 115
245 272 116
245 272 117
245 272 118
245 273 119
245 272 120
245 272 121
245 272 122
245 272 123
245 272 124
245 272 125
244 272 126
244 272 127
244 272 128
244 272 129
244 272 130
244 271 131
244 272 132
244 272 133
244 272 134
244 272 135
244 272 136
244 272 137
244 272 138
244 271 139
244 272 140
244 273 141
244 272 142
244 272 143
244 272 144
244 271 145
244 271 146
244 271 147
244 271 148
244 271 149
244 271 150
244 271 151
244 271 152
243 271 153
244 271 154
245 271 155
245 270 156
246 271 157
247 271 158
247 271 159
247 272 160
247 272 161
247 272 162
247 271 163
247 271 164
247 270 165
247 269 166
247 270 167
247 270 168
247 270 169
247 270 170
247 270 171
248 270 172
247 270 173
247 271 174
246 271 175
246 270 176
245 271 177
245 271 178
245 271 179
245 271 180
245 271 181
244 271 182
244 271 183
243 271 184
243 272 185
243 272 186
243 272 187
243 272 188
242 271 189
242 271 190
242 272 191
242 272 192
241 271 193
241 271 194
241 272 195
241 272 196
240 272 197
240 272 198
240 272 199
240 272 200
239 271 201
239 272 202
239 272 203
239 272 204
231 274 204
230 274 205
230 275 206
180
245 275 26
245 275 27
245 275 28
245 275 29
245 275 30
245 275 31
245 275 32
245 275 33
245 275 34
245 275 35
245 275 36
245 275 37
245 275 38
245 275 39
245 275 40
245 275 41
245 275 42
245 275 43
245 275 44
245 275 45
245 275 46
245 275 47
245 275 48
244 275 49
244 276 50
244 276 51
244 276 52
244 276 53
243 276 54
244 276 55
244 275 56
245 275 57
245 275 58
245 275 59
245 274 60
245 274 61
245 274 62
245 274 63
245 274 64
245 274 65
246 274 66
246 274 67
246 274 68
246 274 69
246 274 70
246 273 71
246 273 72
246 273 73
246 273 74
246 274 75
246 274 76
246 274 77
247 273 78
246 273 79
246 274 80
246 274 81
245 274 82
245 274 83
245 274 84
245 273 85
244 274 86
245 274 87
245 274 88
246 274 89
246 274 90
246 274 91
246 275 92
247 275 93
247 274 94
247 274 95
247 274 96
247 273 97
247 273 98
247 273 99
247 273 100
247 273 101
247 273 102
247 273 103
248 274 104
248 273 105
248 273 106
248 273 107
248 273 108
247 272 109
248 272 110
248 272 111
249 272 112
250 272 113
251 272 114
252 272 115
252 271 116
253 271 117
252 270 118
253 270 119
253 270 120
253 270 121
254 270 122
254 269 123
254 269 124
254 269 125
254 269 126
255 269 127
255 269 128
255 268 129
255 268 130
256 268 131
256 268 132
256 268 133
256 268 134
256 268 135
257 268 136
257 268 137
257 267 138
257 267 139
258 268 140
258 268 141
258 268 142
259 268 143
259 267 144
259 266 145
260 266 146
260 266 147
260 266 148
261 266 149
261 265 150
261 265 151
262 265 152
262 264 153
263 264 154
263 264 155
264 264 156
264 264 157
265 264 158
264 263 159
265 263 160
265 263 161
266 263 162
266 263 163
266 263 164
267 264 165
267 263 166
267 263 167
267 263 168
268 263 169
268 263 170
268 263 171
269 263 172
269 263 173
269 262 174
269 262 175
270 262 176
270 262 177
270 262 178
271 262 179
271 261 180
272 261 181
272 260 182
273 260 183
273 260 184
274 260 185
275 260 186
276 260 187
276 260 188
277 259 189
278 260 190
278 259 191
279 258 192
280 258 193
281 258 194
282 258 195
283 258 196
283 259 197
284 260 197
284 261 197
285 262 198
286 263 198
287 264 199
288 265 199
288 266 200
289 266 201
180
245 275 26
245 275 27
245 275 28
245 275 29
245 275 30
245 275 31
245 275 32
245 275 33
245 275 34
245 275 35
245 275 36
245 275 37
245 275 38
245 275 39
245 275 40
245 275 41
245 275 42
245 275 43
245 275 44
245 275 45
245 275 46
245 275 47
245 275 48
244 275 49
244 276 50
244 276 51
244 276 52
244 276 53
243 276 54
244 276 55
244 275 56
245 275 57
245 275 58
245 275 59
245 274 60
245 274 61
245 274 62
245 274 63
245 274 64
245 274 65
246 274 66
246 274 67
246 274 68
246 274 69
246 274 70
246 273 71
246 273 72
246 273 73
246 273 74
246 274 75
246 274 76
246 274 77
247 273 78
246 273 79
246 274 80
246 274 81
245 274 82
245 274 83
245 274 84
245 273 85
244 274 86
245 274 87
245 274 88
246 274 89
246 274 90
246 274 91
246 275 92
247 275 93
247 274 94
247 274 95
247 274 96
247 273 97
247 273 98
247 273 99
247 273 100
247 273 101
247 273 102
247 273 103
248 274 104
248 273 105
248 273 106
248 273 107
248 273 108
247 272 109
248 272 110
248 272 111
248 271 112
247 272 113
247 272 114
246 272 115
245 272 116
245 272 117
245 272 118
245 273 119
245 272 120
245 272 121
245 272 122
245 272 123
245 272 124
245 272 125
244 272 126
244 272 127
244 272 128
244 272 129
244 272 130
244 271 131
244 272 132
244 272 133
244 272 134
244 272 135
244 272 136
244 272 137
244 272 138
244 271 139
244 272 140
244 273 141
244 272 142
244 272 143
244 272 144
244 271 145
244 271 146
244 271 147
244 271 148
244 271 149
244 271 150
244 271 151
244 271 152
243 271 153
244 271 154
245 271 155
245 270 156
246 271 157
247 271 158
247 271 159
247 272 160
247 272 161
247 272 162
247 271 163
247 271 164
247 270 165
247 269 166
247 270 167
247 270 168
247 270 169
247 270 170
247 270 171
248 270 172
247 270 173
247 271 174
246 271 175
246 270 176
245 271 177
245 271 178
245 271 179
245 271 180
245 271 181
244 271 182
244 271 183
243 271 184
243 272 185
243 272 186
243 272 187
243 272 188
242 271 189
242 271 190
242 272 191
242 272 192
241 271 193
241 271 194
241 272 195
241 272 196
240 272 197
240 272 198
240 272 199
232 274 199
232 275 198
232 275 197
232 275 196
232 275 195
232 275 194
179
245 275 26
245 275 27
245 275 28
245 275 29
245 275 30
245 275 31
245 275 32
245 275 33
245 275 34
245 275 35
245 275 36
245 275 37
245 275 38
245 275 39
245 275 40
245 275 41
245 275 42
245 275 43
245 275 44
245 275 45
245 275 46
245 275 47
245 275 48
244 275 49
244 276 50
244 276 51
244 276 52
244 276 53
243 276 54
244 276 55
244 275 56
245 275 57
245 275 58
245 275 59
245 274 60
245 274 61
245 274 62
245 274 63
245 274 64
245 274 65
246 274 66
246 274 67
246 274 68
246 274 69
246 274 70
246 273 71
246 273 72
246 273 73
246 273 74
246 274 75
246 274 76
246 274 77
247 273 78
246 273 79
246 274 80
246 274 81
245 274 82
245 274 83
245 274 84
245 273 85
244 274 86
245 274 87
245 274 88
246 274 89
246 274 90
246 274 91
246 275 92
247 275 93
247 274 94
247 274 95
247 274 96
247 273 97
247 273 98
247 273 99
247 273 100
247 273 101
247 273 102
247 273 103
248 274 104
248 273 105
248 273 106
248 273 107
248 273 108
247 272 109
248 272 110
248 272 111
248 271 112
247 272 113
247 272 114
246 272 115
245 272 116
245 272 117
245 272 118
245 273 119
245 272 120
245 272 121
245 272 122
245 272 123
245 272 124
245 272 125
244 272 126
244 272 127
244 272 128
244 272 129
244 272 130
244 271 131
244 272 132
244 272 133
244 272 134
244 272 135
244 272 136
244 272 137
244 272 138
244 271 139
244 272 140
244 273 141
244 272 142
244 272 143
244 272 144
244 271 145
244 271 146
244 271 147
244 271 148
244 271 149
244 271 150
244 271 151
244 271 152
243 271 153
244 271 154
245 271 155
245 270 156
246 271 157
247 271 158
247 271 159
247 272 160
247 272 161
247 272 162
247 271 163
247 271 164
247 270 165
247 269 166
247 270 167
247 270 168
247 270 169
247 270 170
247 270 171
248 270 172
247 270 173
247 271 174
246 271 175
246 270 176
245 271 177
245 271 178
245 271 179
245 271 180
245 271 181
244 271 182
244 271 183
243 271 184
243 272 185
243 272 186
243 272 187
243 272 188
242 271 189
242 271 190
242 272 191
242 272 192
241 271 193
241 271 194
241 272 195
241 272 196
240 272 197
240 272 198
240 272 199
240 272 200
239 271 201
239 272 202
239 272 203
231 274 203
178
245 275 26
245 275 27
245 275 28
245 275 29
245 275 30
245 275 31
245 275 32
245 275 33
245 275 34
245 275 35
245 275 36
245 275 37
245 275 38
245 275 39
245 275 40
245 275 41
245 275 42
245 275 43
245 275 44
245 275 45
245 275 46
245 275 47
245 275 48
244 275 49
244 276 50
244 276 51
244 276 52
244 276 53
243 276 54
244 276 55
244 275 56
245 275 57
245 275 58
245 275 59
245 274 60
245 274 61
245 274 62
245 274 63
245 274 64
245 274 65
246 274 66
246 274 67
246 274 68
246 274 69
246 274 70
246 273 71
246 273 72
246 273 73
246 273 74
246 274 75
246 274 76
246 274 77
247 273 78
246 273 79
246 274 80
246 274 81
245 274 82
245 274 83
245 274 84
245 273 85
244 274 86
245 274 87
245 274 88
246 274 89
246 274 90
246 274 91
246 275 92
247 275 93
247 274 94
247 274 95
247 274 96
247 273 97
247 273 98
247 273 99
247 273 100
247 273 101
247 273 102
247 273 103
248 274 104
248 273 105
248 273 106
248 273 107
248 273 108
247 272 109
248 272 110
248 272 111
248 271 112
247 272 113
247 272 114
246 272 115
245 272 116
245 272 117
245 272 118
245 273 119
245 272 120
245 272 121
245 272 122
245 272 123
245 272 124
245 272 125
244 272 126
244 272 127
244 272 128
244 272 129
244 272 130
244 271 131
244 272 132
244 272 133
244 272 134
244 272 135
244 272 136
244 272 137
244 272 138
244 271 139
244 272 140
244 273 141
244 272 142
244 272 143
244 272 144
244 271 145
244 271 146
244 271 147
244 271 148
244 271 149
244 271 150
244 271 151
244 271 152
243 271 153
244 271 154
245 271 155
245 270 156
246 271 157
247 271 158
247 271 159
247 272 160
247 272 161
247 272 162
247 271 163
247 271 164
247 270 165
247 269 166
247 270 167
247 270 168
247 270 169
247 270 170
247 270 171
248 270 172
247 270 173
247 271 174
246 271 175
246 270 176
245 271 177
245 271 178
245 271 179
245 271 180
245 271 181
244 271 182
244 271 183
243 271 184
243 272 185
243 272 186
243 272 187
243 272 188
242 271 189
242 271 190
242 272 191
242 272 192
241 271 193
241 271 194
241 272 195
241 272 196
240 272 197
240 272 198
240 272 199
240 272 200
239 271 201
232 274 201
231 275 202
177
245 275 26
245 275 27
245 275 28
245 275 29
245 275 30
245 275 31
245 275 32
245 275 33
245 275 34
245 275 35
245 275 36
245 275 37
245 275 38
245 275 39
245 275 40
245 275 41
245 275 42
245 275 43
245 275 44
245 275 45
245 275 46
245 275 47
245 275 48
244 275 49
244 276 50
244 276 51
244 276 52
244 276 53
243 276 54
244 276 55
244 275 56
245 275 57
245 275 58
245 275 59
245 274 60
245 274 61
245 274 62
245 274 63
245 274 64
245 274 65
246 274 66
246 274 67
246 274 68
246 274 69
246 274 70
246 273 71
246 273 72
246 273 73
246 273 74
246 274 75
246 274 76
246 274 77
247 273 78
248 272 78
249 272 79
250 271 80
250 270 81
251 270 82
252 270 83
252 270 84
252 270 85
252 270 86
253 270 87
253 269 88
254 269 89
254 269 90
254 269 91
254 269 92
255 269 93
255 269 94
255 268 95
255 268 96
256 268 97
256 268 98
256 267 99
257 268 100
257 267 101
257 267 102
258 267 103
258 267 104
259 267 105
259 266 106
259 266 107
260 267 108
260 266 109
261 266 110
261 266 111
262 266 112
262 265 113
262 265 114
263 265 115
263 265 116
264 265 117
264 265 118
265 265 119
265 264 120
266 264 121
266 263 122
266 263 123
267 263 124
268 263 125
268 262 126
269 263 127
269 262 128
269 262 129
270 262 130
271 262 131
271 262 132
272 262 133
272 261 134
273 261 135
273 260 136
274 260 137
275 260 138
276 260 139
276 259 140
277 259 141
277 259 142
278 259 143
279 259 144
279 258 145
280 258 146
281 258 147
282 257 148
283 256 149
284 256 150
285 256 151
286 255 152
287 255 153
288 255 154
289 255 155
290 255 156
291 254 157
292 254 158
293 255 159
294 254 159
295 254 160
296 254 161
297 254 162
298 254 163
298 254 164
299 254 165
300 253 165
301 254 166
302 253 167
303 253 168
304 253 168
305 253 169
306 253 170
307 253 170
308 253 171
309 253 172
310 253 173
311 253 174
312 253 174
313 253 175
314 253 176
315 253 177
316 253 177
317 252 178
318 252 179
319 252 180
320 252 181
321 252 182
322 253 183
323 253 184
324 253 185
325 253 185
326 253 186
327 254 187
328 254 188
329 254 188
330 254 189
331 254 190
332 254 191
333 255 192
337 256 195
176
245 275 26
245 275 27
245 275 28
245 275 29
245 275 30
245 275 31
245 275 32
245 275 33
245 275 34
245 275 35
245 275 36
245 275 37
245 275 38
245 275 39
245 275 40
245 275 41
245 275 42
245 275 43
245 275 44
245 275 45
245 275 46
245 275 47
245 275 48
244 275 49
244 276 50
244 276 51
244 276 52
244 276 53
243 276 54
244 276 55
244 275 56
245 275 57
245 275 58
245 275 59
245 274 60
245 274 61
245 274 62
245 274 63
245 274 64
245 274 65
246 274 66
246 274 67
246 274 68
246 274 69
246 274 70
246 273 71
246 273 72
246 273 73
246 273 74
246 274 75
246 274 76
246 274 77
247 273 78
248 272 78
249 272 79
250 271 80
250 270 81
251 270 82
252 270 83
252 270 84
252 270 85
252 270 86
253 270 87
253 269 88
254 269 89
254 269 90
254 269 91
254 269 92
255 269 93
255 269 94
255 268 95
255 268 96
256 268 97
256 268 98
256 267 99
257 268 100
257 267 101
257 267 102
258 267 103
258 267 104
259 267 105
259 266 106
259 266 107
260 267 108
260 266 109
261 266 110
261 266 111
262 266 112
262 265 113
262 265 114
263 265 115
263 265 116
264 265 117
264 265 118
265 265 119
265 264 120
266 264 121
266 263 122
266 263 123
267 263 124
268 263 125
268 262 126
269 263 127
269 262 128
269 262 129
270 262 130
271 262 131
271 262 132
272 262 133
272 261 134
273 261 135
273 260 136
274 260 137
275 260 138
276 260 139
276 259 140
277 259 141
277 259 142
278 259 143
279 259 144
279 258 145
280 258 146
281 258 147
282 257 148
283 256 149
284 256 150
285 256 151
286 255 152
287 255 153
288 255 154
289 255 155
290 255 156
291 254 157
292 254 158
293 255 159
294 254 159
295 254 160
296 254 161
297 254 162
298 254 163
298 254 164
299 254 165
300 253 165
301 254 166
302 253 167
303 253 168
304 253 168
305 253 169
306 253 170
307 253 170
308 253 171
309 253 172
310 253 173
311 253 174
312 253 174
313 253 175
314 253 176
315 253 177
316 253 177
317 252 178
318 252 179
319 252 180
320 252 181
321 252 182
322 253 183
323 253 184
324 253 185
325 253 185
326 253 186
327 254 187
328 254 188
329 254 188
330 254 189
331 254 190
332 254 191
333 255 192
176
245 275 26
245 275 27
245 275 28
245 275 29
245 275 30
245 275 31
245 275 32
245 275 33
245 275 34
245 275 35
245 275 36
245 275 37
245 275 38
245 275 39
245 275 40
245 275 41
245 275 42
245 275 43
245 275 44
245 275 45
245 275 46
245 275 47
245 275 48
244 275 49
244 276 50
244 276 51
244 276 52
244 276 53
243 276 54
244 276 55
244 275 56
245 275 57
245 275 58
245 275 59
245 274 60
245 274 61
245 274 62
245 274 63
245 274 64
245 274 65
246 274 66
246 274 67
246 274 68
246 274 69
246 274 70
246 273 71
246 273 72
246 273 73
246 273 74
246 274 75
246 274 76
246 274 77
247 273 78
246 273 79
246 274 80
246 274 81
245 274 82
245 274 83
245 274 84
245 273 85
244 274 86
245 274 87
245 274 88
246 274 89
246 274 90
246 274 91
246 275 92
247 275 93
247 274 94
247 274 95
247 274 96
247 273 97
247 273 98
247 273 99
247 273 100
247 273 101
247 273 102
247 273 103
248 274 104
248 273 105
248 273 106
248 273 107
248 273 108
247 272 109
248 272 110
248 272 111
248 271 112
247 272 113
247 272 114
246 272 115
245 272 116
245 272 117
245 272 118
245 273 119
245 272 120
245 272 121
245 272 122
245 272 123
245 272 124
245 272 125
244 272 126
244 272 127
244 272 128
244 272 129
244 272 130
244 271 131
244 272 132
244 272 133
244 272 134
244 272 135
244 272 136
244 272 137
244 272 138
244 271 139
244 272 140
244 273 141
244 272 142
244 272 143
244 272 144
244 271 145
244 271 146
244 271 147
244 271 148
244 271 149
244 271 150
244 271 151
244 271 152
243 271 153
244 271 154
245 271 155
245 270 156
246 271 157
247 271 158
247 271 159
247 272 160
247 272 161
247 272 162
247 271 163
247 271 164
247 270 165
247 269 166
247 270 167
247 270 168
247 270 169
247 270 170
247 270 171
248 270 172
247 270 173
247 271 174
246 271 175
246 270 176
245 271 177
245 271 178
245 271 179
245 271 180
245 271 181
244 271 182
244 271 183
243 271 184
243 272 185
243 272 186
243 272 187
243 272 188
242 271 189
242 271 190
242 272 191
242 272 192
241 271 193
241 271 194
241 272 195
241 272 196
240 272 197
240 272 198
240 272 199
240 272 200
232 274 200
167
245 275 26
245 275 27
245 275 28
245 275 29
245 275 30
245 275 31
245 275 32
245 275 33
245 275 34
245 275 35
245 275 36
245 275 37
245 275 38
245 275 39
245 275 40
245 275 41
245 275 42
245 275 43
245 275 44
245 275 45
245 275 46
245 275 47
245 275 48
244 275 49
244 276 50
244 276 51
244 276 52
244 276 53
243 276 54
244 276 55
244 275 56
245 275 57
245 275 58
245 275 59
245 274 60
245 274 61
245 274 62
245 274 63
245 274 64
245 274 65
246 274 66
246 274 67
246 274 68
246 274 69
246 274 70
246 273 71
246 273 72
246 273 73
246 273 74
246 274 75
246 274 76
246 274 77
247 273 78
246 273 79
246 274 80
246 274 81
245 274 82
245 274 83
245 274 84
245 273 85
244 274 86
243 274 86
242 274 87
241 274 88
240 274 89
240 274 90
239 274 91
239 274 92
238 274 93
238 274 94
238 274 95
237 274 96
237 274 97
237 274 98
236 274 99
236 274 100
235 274 101
235 274 102
235 274 103
234 274 104
234 274 105
233 274 106
233 274 107
232 274 108
232 274 109
232 275 110
231 274 111
231 274 112
230 275 113
230 274 114
229 275 115
229 275 116
229 274 117
228 274 118
228 274 119
228 274 120
227 274 121
227 274 122
226 275 123
226 275 124
225 275 125
225 275 126
224 275 127
224 275 128
223 275 129
223 275 130
222 275 131
222 275 132
221 275 133
221 275 134
221 275 135
220 275 136
220 275 137
219 275 138
219 276 139
219 276 140
218 276 141
218 276 142
217 276 143
217 276 144
216 276 145
216 276 146
215 277 147
215 277 148
214 277 149
214 277 150
213 277 151
213 277 152
212 277 153
212 277 154
211 277 155
210 277 156
210 277 157
209 277 158
208 277 159
208 277 160
207 277 161
206 277 162
205 277 163
204 277 164
203 277 165
202 277 166
202 277 167
201 277 168
200 277 169
199 277 170
198 277 171
197 277 172
197 277 173
196 277 174
195 277 175
194 277 176
193 277 177
192 277 178
191 277 179
190 278 180
189 278 181
188 278 182
187 278 182
186 278 183
185 278 184
184 278 185
183 278 186
182 278 187
181 278 187
180 278 188
179 278 189
166
245 275 26
245 275 27
245 275 28
245 275 29
245 275 30
245 275 31
245 275 32
245 275 33
245 275 34
245 275 35
245 275 36
245 275 37
245 275 38
245 275 39
245 275 40
245 275 41
245 275 42
245 275 43
245 275 44
245 275 45
245 275 46
245 275 47
245 275 48
244 275 49
244 276 50
244 276 51
244 276 52
244 276 53
243 276 54
244 276 55
244 275 56
245 275 57
245 275 58
245 275 59
245 274 60
245 274 61
245 274 62
245 274 63
245 274 64
245 274 65
246 274 66
246 274 67
246 274 68
246 274 69
246 274 70
246 273 71
246 273 72
246 273 73
246 273 74
246 274 75
246 274 76
246 274 77
247 273 78
246 273 79
246 274 80
246 274 81
245 274 82
245 274 83
245 274 84
245 273 85
244 274 86
245 274 87
245 274 88
246 274 89
246 274 90
246 274 91
246 275 92
247 275 93
247 274 94
247 274 95
247 274 96
247 273 97
247 273 98
247 273 99
247 273 100
247 273 101
247 273 102
247 273 103
248 274 104
248 273 105
248 273 106
248 273 107
248 273 108
247 272 109
248 272 110
248 272 111
248 271 112
247 272 113
247 272 114
246 272 115
245 272 116
245 272 117
245 272 118
245 273 119
245 272 120
245 272 121
245 272 122
245 272 123
245 272 124
245 272 125
244 272 126
244 272 127
244 272 128
244 272 129
244 272 130
244 271 131
244 272 132
244 272 133
244 272 134
244 272 135
244 272 136
244 272 137
244 272 138
244 271 139
244 272 140
244 273 141
244 272 142
244 272 143
244 272 144
244 271 145
244 271 146
244 271 147
244 271 148
244 271 149
244 271 150
244 271 151
244 271 152
243 271 153
244 271 154
245 271 155
245 270 156
246 271 157
247 271 158
247 271 159
247 272 160
247 272 161
247 272 162
247 271 163
247 271 164
247 270 165
247 269 166
247 270 167
247 270 168
247 270 169
247 270 170
247 270 171
248 270 172
249 271 173
250 271 172
251 270 172
251 269 173
251 269 174
252 269 175
252 268 176
253 268 177
253 268 178
253 268 179
253 267 180
252 266 180
251 265 180
251 264 180
250 263 180
249 262 180
249 261 181
248 261 182
248 261 183
163
245 275 26
245 275 27
245 275 28
245 275 29
245 275 30
245 275 31
245 275 32
245 275 33
245 275 34
245 275 35
245 275 36
245 275 37
245 275 38
245 275 39
245 275 40
245 275 41
245 275 42
245 275 43
245 275 44
245 275 45
245 275 46
245 275 47
245 275 48
244 275 49
244 276 50
244 276 51
244 276 52
244 276 53
243 276 54
244 276 55
244 275 56
245 275 57
245 275 58
245 275 59
245 274 60
245 274 61
245 274 62
245 274 63
245 274 64
245 274 65
246 274 66
246 274 67
246 274 68
246 274 69
246 274 70
246 273 71
246 273 72
246 273 73
246 273 74
246 274 75
246 274 76
246 274 77
247 273 78
246 273 79
246 274 80
246 274 81
245 274 82
245 274 83
245 274 84
245 273 85
244 274 86
245 274 87
245 274 88
246 274 89
246 274 90
246 274 91
246 275 92
247 275 93
247 274 94
247 274 95
247 274 96
247 273 97
247 273 98
247 273 99
247 273 100
247 273 101
247 273 102
247 273 103
248 274 104
248 273 105
248 273 106
248 273 107
248 273 108
247 272 109
248 272 110
248 272 111
248 271 112
247 272 113
247 272 114
246 272 115
245 272 116
245 272 117
245 272 118
245 273 119
245 272 120
245 272 121
245 272 122
245 272 123
245 272 124
245 272 125
244 272 126
244 272 127
244 272 128
244 272 129
244 272 130
244 271 131
244 272 132
244 272 133
244 272 134
244 272 135
244 272 136
244 272 137
244 272 138
244 271 139
244 272 140
244 273 141
244 272 142
244 272 143
244 272 144
244 271 145
244 271 146
244 271 147
244 271 148
244 271 149
244 271 150
244 271 151
244 271 152
243 271 153
242 270 153
241 270 154
240 270 155
239 270 156
239 270 157
238 270 158
237 270 159
237 270 160
237 269 161
236 270 162
236 270 163
236 269 164
236 269 165
235 269 166
235 270 167
235 271 167
234 272 167
234 273 167
234 274 167
235 275 167
235 276 174
234 275 180
234 275 181
234 275 182
234 275 183
234 275 184
234 275 185
234 275 186
233 275 187
233 275 188
233 275 189
233 275 190
233 275 191
233 275 192
233 274 193
158
245 275 26
245 275 27
245 275 28
245 275 29
245 275 30
245 275 31
245 275 32
245 275 33
245 275 34
245 275 35
245 275 36
245 275 37
245 275 38
245 275 39
245 275 40
245 275 41
245 275 42
245 275 43
245 275 44
245 275 45
245 275 46
245 275 47
245 275 48
244 275 49
244 276 50
244 276 51
244 276 52
244 276 53
243 276 54
244 276 55
244 275 56
245 275 57
245 275 58
245 275 59
245 274 60
245 274 61
245 274 62
245 274 63
245 274 64
245 274 65
246 274 66
246 274 67
246 274 68
246 274 69
246 274 70
246 273 71
246 273 72
246 273 73
246 273 74
246 274 75
246 274 76
246 274 77
247 273 78
246 273 79
246 274 80
246 274 81
245 274 82
245 274 83
245 274 84
245 273 85
244 274 86
245 274 87
245 274 88
246 274 89
246 274 90
246 274 91
246 275 92
247 275 93
247 274 94
247 274 95
247 274 96
247 273 97
247 273 98
247 273 99
247 273 100
247 273 101
247 273 102
247 273 103
248 274 104
248 273 105
248 273 106
248 273 107
248 273 108
247 272 109
248 272 110
248 272 111
248 271 112
247 272 113
247 272 114
246 272 115
245 272 116
245 272 117
245 272 118
245 273 119
245 272 120
245 272 121
245 272 122
245 272 123
245 272 124
245 272 125
244 272 126
244 272 127
244 272 128
244 272 129
244 272 130
244 271 131
244 272 132
244 272 133
244 272 134
244 272 135
244 272 136
244 272 137
244 272 138
244 271 139
244 272 140
244 273 141
244 272 142
244 272 143
244 272 144
244 271 145
244 271 146
244 271 147
244 271 148
244 271 149
244 271 150
244 271 151
244 271 152
243 271 153
244 271 154
245 271 155
245 270 156
246 271 157
247 271 158
247 271 159
247 272 160
247 272 161
247 272 162
247 271 163
247 271 164
247 270 165
247 269 166
247 270 167
247 270 168
247 270 169
247 270 170
247 270 171
248 270 172
249 271 173
249 272 174
249 272 175
249 273 176
249 273 177
249 274 178
249 274 179
250 275 180
250 275 181
251 275 182
251 275 183
150
245 275 26
245 275 27
245 275 28
245 275 29
245 275 30
245 275 31
245 275 32
245 275 33
245 275 34
245 275 35
245 275 36
245 275 37
245 275 38
245 275 39
245 275 40
245 275 41
245 275 42
245 275 43
245 275 44
245 275 45
245 275 46
245 275 47
245 275 48
244 275 49
244 276 50
244 276 51
244 276 52
244 276 53
243 276 54
244 276 55
244 275 56
245 275 57
245 275 58
245 275 59
245 274 60
245 274 61
245 274 62
245 274 63
245 274 64
245 274 65
246 274 66
246 274 67
246 274 68
246 274 69
246 274 70
246 273 71
246 273 72
246 273 73
246 273 74
246 274 75
246 274 76
246 274 77
247 273 78
246 273 79
246 274 80
246 274 81
245 274 82
245 274 83
245 274 84
245 273 85
244 274 86
245 274 87
245 274 88
246 274 89
246 274 90
246 274 91
246 275 92
247 275 93
247 274 94
247 274 95
247 274 96
247 273 97
247 273 98
247 273 99
247 273 100
247 273 101
247 273 102
247 273 103
248 274 104
248 273 105
248 273 106
248 273 107
248 273 108
247 272 109
248 272 110
248 272 111
248 271 112
247 272 113
247 272 114
246 272 115
245 272 116
245 272 117
245 272 118
245 273 119
245 272 120
245 272 121
245 272 122
245 272 123
245 272 124
245 272 125
244 272 126
244 272 127
244 272 128
244 272 129
244 272 130
244 271 131
244 272 132
244 272 133
244 272 134
244 272 135
244 272 136
244 272 137
244 272 138
244 271 139
244 272 140
244 273 141
244 272 142
244 272 143
244 272 144
244 271 145
244 271 146
244 271 147
244 271 148
244 271 149
244 271 150
244 271 151
244 271 152
243 271 153
242 270 153
241 270 154
240 270 155
239 270 156
239 270 157
238 270 158
237 270 159
237 270 160
237 269 161
236 270 162
236 270 163
236 269 164
236 269 165
235 269 166
235 270 167
235 271 167
234 272 167
234 273 167
234 274 167
235 275 167
235 276 174
234 275 180
149
245 275 26
245 275 27
245 275 28
245 275 29
245 275 30
245 275 31
245 275 32
245 275 33
245 275 34
245 275 35
245 275 36
245 275 37
245 275 38
245 275 39
245 275 40
245 275 41
245 275 42
245 275 43
245 275 44
245 275 45
245 275 46
245 275 47
245 275 48
244 275 49
244 276 50
244 276 51
244 276 52
244 276 53
243 276 54
244 276 55
244 275 56
245 275 57
245 275 58
245 275 59
245 274 60
245 274 61
245 274 62
245 274 63
245 274 64
245 274 65
246 274 66
246 274 67
246 274 68
246 274 69
246 274 70
246 273 71
246 273 72
246 273 73
246 273 74
246 274 75
246 274 76
246 274 77
247 273 78
246 273 79
246 274 80
246 274 81
245 274 82
245 274 83
245 274 84
245 273 85
244 274 86
245 274 87
245 274 88
246 274 89
246 274 90
246 274 91
246 275 92
247 275 93
247 274 94
247 274 95
247 274 96
247 273 97
247 273 98
247 273 99
247 273 100
247 273 101
247 273 102
247 273 103
248 274 104
248 273 105
248 273 106
248 273 107
248 273 108
247 272 109
248 272 110
248 272 111
248 271 112
247 272 113
247 272 114
246 272 115
245 272 116
245 272 117
245 272 118
245 273 119
245 272 120
245 272 121
245 272 122
245 272 123
245 272 124
245 272 125
244 272 126
244 272 127
244 272 128
244 272 129
244 272 130
244 271 131
244 272 132
244 272 133
244 272 134
244 272 135
244 272 136
244 272 137
244 272 138
244 271 139
244 272 140
244 273 141
244 272 142
244 272 143
244 272 144
244 271 145
244 271 146
244 271 147
244 271 148
244 271 149
244 271 150
244 271 151
244 271 152
243 271 153
242 270 153
241 270 154
240 270 155
239 270 156
239 270 157
238 270 158
237 270 159
237 270 160
237 269 161
236 270 162
236 270 163
236 269 164
236 269 165
235 269 166
235 270 167
235 271 167
234 272 167
234 273 167
234 274 167
235 275 167
235 276 174
149
245 275 26
245 275 27
245 275 28
245 275 29
245 275 30
245 275 31
245 275 32
245 275 33
245 275 34
245 275 35
245 275 36
245 275 37
245 275 38
245 275 39
245 275 40
245 275 41
245 275 42
245 275 43
245 275 44
245 275 45
245 275 46
245 275 47
245 275 48
244 275 49
244 276 50
244 276 51
244 276 52
244 276 53
243 276 54
244 276 55
244 275 56
245 275 57
245 275 58
245 275 59
245 274 60
245 274 61
245 274 62
245 274 63
245 274 64
245 274 65
246 274 66
246 274 67
246 274 68
246 274 69
246 274 70
246 273 71
246 273 72
246 273 73
246 273 74
246 274 75
246 274 76
246 274 77
247 273 78
246 273 79
246 274 80
246 274 81
245 274 82
245 274 83
245 274 84
245 273 85
244 274 86
245 274 87
245 274 88
246 274 89
246 274 90
246 274 91
246 275 92
247 275 93
247 274 94
247 274 95
247 274 96
247 273 97
247 273 98
247 273 99
247 273 100
247 273 101
247 273 102
247 273 103
248 274 104
248 273 105
248 273 106
248 273 107
248 273 108
247 272 109
248 272 110
248 272 111
248 271 112
247 272 113
247 272 114
246 272 115
245 272 116
245 272 117
245 272 118
245 273 119
245 272 120
245 272 121
245 272 122
245 272 123
245 272 124
245 272 125
244 272 126
244 272 127
244 272 128
244 272 129
244 272 130
244 271 131
244 272 132
244 272 133
244 272 134
244 272 135
244 272 136
244 272 137
244 272 138
244 271 139
244 272 140
244 273 141
244 272 142
244 272 143
244 272 144
244 271 145
244 271 146
244 271 147
244 271 148
244 271 149
244 271 150
244 271 151
244 271 152
243 271 153
244 271 154
245 271 155
245 270 156
246 271 157
247 271 158
247 271 159
247 272 160
247 272 161
247 272 162
247 271 163
247 271 164
247 270 165
247 269 166
247 268 166
246 267 166
245 268 167
244 267 167
243 266 167
242 265 167
241 265 168
240 263 173
148
245 275 26
245 275 27
245 275 28
245 275 29
245 275 30
245 275 31
245 275 32
245 275 33
245 275 34
245 275 35
245 275 36
245 275 37
245 275 38
245 275 39
245 275 40
245 275 41
245 275 42
245 275 43
245 275 44
245 275 45
245 275 46
245 275 47
245 275 48
244 275 49
244 276 50
244 276 51
244 276 52
244 276 53
243 276 54
244 276 55
244 275 56
245 275 57
245 275 58
245 275 59
245 274 60
245 274 61
245 274 62
245 274 63
245 274 64
245 274 65
246 274 66
246 274 67
246 274 68
246 274 69
246 274 70
246 273 71
246 273 72
246 273 73
246 273 74
246 274 75
246 274 76
246 274 77
247 273 78
246 273 79
246 274 80
246 274 81
245 274 82
245 274 83
245 274 84
245 273 85
244 274 86
245 274 87
245 274 88
246 274 89
246 274 90
246 274 91
246 275 92
247 275 93
247 274 94
247 274 95
247 274 96
247 273 97
247 273 98
247 273 99
247 273 100
247 273 101
247 273 102
247 273 103
248 274 104
248 273 105
248 273 106
248 273 107
248 273 108
247 272 109
248 272 110
248 272 111
248 271 112
247 272 113
247 272 114
246 272 115
245 272 116
245 272 117
245 272 118
245 273 119
245 272 120
245 272 121
245 272 122
245 272 123
245 272 124
245 272 125
244 272 126
244 272 127
244 272 128
244 272 129
244 272 130
244 271 131
244 272 132
244 272 133
244 272 134
244 272 135
244 272 136
244 272 137
244 272 138
244 271 139
244 272 140
244 273 141
244 272 142
244 272 143
244 272 144
244 271 145
244 271 146
244 271 147
244 271 148
244 271 149
244 271 150
244 271 151
244 271 152
243 271 153
242 270 153
241 270 154
240 270 155
239 270 156
239 270 157
238 270 158
237 270 159
237 270 160
237 269 161
236 270 162
236 270 163
236 269 164
236 269 165
235 269 166
235 270 167
235 271 167
234 272 167
234 273 167
234 274 167
235 275 167
148
245 275 26
245 275 27
245 275 28
245 275 29
245 275 30
245 275 31
245 275 32
245 275 33
245 275 34
245 275 35
245 275 36
245 275 37
245 275 38
245 275 39
245 275 40
245 275 41
245 275 42
245 275 43
245 275 44
245 275 45
245 275 46
245 275 47
245 275 48
244 275 49
244 276 50
244 276 51
244 276 52
244 276 53
243 276 54
244 276 55
244 275 56
245 275 57
245 275 58
245 275 59
245 274 60
245 274 61
245 274 62
245 274 63
245 274 64
245 274 65
246 274 66
246 274 67
246 274 68
246 274 69
246 274 70
246 273 71
246 273 72
246 273 73
246 273 74
246 274 75
246 274 76
246 274 77
247 273 78
246 273 79
246 274 80
246 274 81
245 274 82
245 274 83
245 274 84
245 273 85
244 274 86
245 274 87
245 274 88
246 274 89
246 274 90
246 274 91
246 275 92
247 275 93
247 274 94
247 274 95
247 274 96
247 273 97
247 273 98
247 273 99
247 273 100
247 273 101
247 273 102
247 273 103
248 274 104
248 273 105
248 273 106
248 273 107
248 273 108
247 272 109
248 272 110
248 272 111
248 271 112
247 272 113
247 272 114
246 272 115
245 272 116
245 272 117
245 272 118
245 273 119
245 272 120
245 272 121
245 272 122
245 272 123
245 272 124
245 272 125
244 272 126
244 272 127
244 272 128
244 272 129
244 272 130
244 271 131
244 272 132
244 272 133
244 272 134
244 272 135
244 272 136
244 272 137
244 272 138
244 271 139
244 272 140
244 273 141
244 272 142
244 272 143
244 272 144
244 271 145
244 271 146
244 271 147
244 271 148
244 271 149
244 271 150
244 271 151
244 271 152
243 271 153
244 271 154
245 271 155
245 270 156
246 271 157
247 271 158
247 271 159
247 272 160
247 272 161
247 272 162
247 271 163
247 271 164
247 270 165
247 269 166
247 268 166
246 267 166
245 268 167
244 267 167
243 266 167
242 265 167
241 265 168
147
245 275 26
245 275 27
245 275 28
245 275 29
245 275 30
245 275 31
245 275 32
245 275 33
245 275 34
245 275 35
245 275 36
245 275 37
245 275 38
245 275 39
245 275 40
245 275 41
245 275 42
245 275 43
245 275 44
245 275 45
245 275 46
245 275 47
245 275 48
244 275 49
244 276 50
244 276 51
244 276 52
244 276 53
243 276 54
244 276 55
244 275 56
245 275 57
245 275 58
245 275 59
245 274 60
245 274 61
245 274 62
245 274 63
245 274 64
245 274 65
246 274 66
246 274 67
246 274 68
246 274 69
246 274 70
246 273 71
246 273 72
246 273 73
246 273 74
246 274 75
246 274 76
246 274 77
247 273 78
246 273 79
246 274 80
246 274 81
245 274 82
245 274 83
245 274 84
245 273 85
244 274 86
245 274 87
245 274 88
246 274 89
246 274 90
246 274 91
246 275 92
247 275 93
247 274 94
247 274 95
247 274 96
247 273 97
247 273 98
247 273 99
247 273 100
247 273 101
247 273 102
247 273 103
248 274 104
248 273 105
248 273 106
248 273 107
248 273 108
247 272 109
248 272 110
248 272 111
248 271 112
247 272 113
247 272 114
246 272 115
245 272 116
245 272 117
245 272 118
245 273 119
245 272 120
245 272 121
245 272 122
245 272 123
245 272 124
245 272 125
244 272 126
244 272 127
244 272 128
244 272 129
244 272 130
244 271 131
244 272 132
244 272 133
244 272 134
244 272 135
244 272 136
244 272 137
244 272 138
244 271 139
244 272 140
244 273 141
244 272 142
244 272 143
244 272 144
244 271 145
244 271 146
244 271 147
244 271 148
244 271 149
244 271 150
244 271 151
244 271 152
243 271 153
244 271 154
245 270 154
246 269 154
245 268 154
245 267 153
245 266 153
245 265 153
246 264 154
246 263 155
246 263 156
246 262 157
246 262 158
246 262 159
246 261 160
246 261 161
247 262 162
247 262 163
246 262 164
247 263 165
146
245 275 26
245 275 27
245 275 28
245 275 29
245 275 30
245 275 31
245 275 32
245 275 33
245 275 34
245 275 35
245 275 36
245 275 37
245 275 38
245 275 39
245 275 40
245 275 41
245 275 42
245 275 43
245 275 44
245 275 45
245 275 46
245 275 47
245 275 48
244 275 49
244 276 50
244 276 51
244 276 52
244 276 53
243 276 54
244 276 55
244 275 56
245 275 57
245 275 58
245 275 59
245 274 60
245 274 61
245 274 62
245 274 63
245 274 64
245 274 65
246 274 66
246 274 67
246 274 68
246 274 69
246 274 70
246 273 71
246 273 72
246 273 73
246 273 74
246 274 75
246 274 76
246 274 77
247 273 78
246 273 79
246 274 80
246 274 81
245 274 82
245 274 83
245 274 84
245 273 85
244 274 86
245 274 87
245 274 88
246 274 89
246 274 90
246 274 91
246 275 92
247 275 93
247 274 94
247 274 95
247 274 96
247 273 97
247 273 98
247 273 99
247 273 100
247 273 101
247 273 102
247 273 103
248 274 104
248 273 105
248 273 106
248 273 107
248 273 108
247 272 109
248 272 110
248 272 111
248 271 112
247 272 113
247 272 114
246 272 115
245 272 116
245 272 117
245 272 118
245 273 119
245 272 120
245 272 121
245 272 122
245 272 123
245 272 124
245 272 125
244 272 126
244 272 127
244 272 128
244 272 129
244 272 130
244 271 131
244 272 132
244 272 133
244 272 134
244 272 135
244 272 136
244 272 137
244 272 138
244 271 139
244 272 140
244 273 141
244 272 142
244 272 143
244 272 144
244 271 145
244 271 146
244 271 147
244 271 148
244 271 149
244 271 150
244 271 151
244 271 152
243 271 153
244 271 154
245 271 155
245 270 156
246 271 157
247 271 158
247 271 159
247 272 160
247 272 161
247 272 162
247 271 163
247 271 164
247 270 165
247 269 166
247 268 166
246 267 166
246 266 166
246 265 166
246 264 166
125
245 275 26
245 275 27
245 275 28
245 275 29
245 275 30
245 275 31
245 275 32
245 275 33
245 275 34
245 275 35
245 275 36
245 275 37
245 275 38
245 275 39
245 275 40
245 275 41
245 275 42
245 275 43
245 275 44
245 275 45
245 275 46
245 275 47
245 275 48
244 275 49
244 276 50
244 276 51
244 276 52
244 276 53
243 276 54
244 276 55
244 275 56
245 275 57
245 275 58
245 275 59
245 274 60
245 274 61
245 274 62
245 274 63
245 274 64
245 274 65
246 274 66
246 274 67
246 274 68
246 274 69
246 274 70
246 273 71
246 273 72
246 273 73
246 273 74
246 274 75
246 274 76
246 274 77
247 273 78
246 273 79
246 274 80
246 274 81
245 274 82
245 274 83
245 274 84
245 273 85
244 274 86
245 274 87
245 274 88
246 274 89
246 274 90
246 274 91
246 275 92
247 275 93
247 274 94
247 274 95
247 274 96
247 273 97
247 273 98
247 273 99
247 273 100
247 273 101
247 273 102
247 273 103
248 274 104
248 273 105
248 273 106
248 273 107
248 273 108
247 272 109
248 272 110
248 272 111
248 271 112
247 272 113
247 272 114
246 272 115
245 272 116
245 272 117
245 272 118
245 273 119
245 272 120
245 272 121
245 272 122
245 272 123
245 272 124
245 272 125
244 272 126
244 272 127
244 272 128
244 272 129
244 272 130
244 271 131
244 272 132
244 272 133
244 272 134
244 272 135
244 272 136
244 272 137
244 272 138
244 271 139
244 272 140
244 273 141
243 274 141
243 275 140
242 276 141
242 277 142
241 278 143
241 278 144
241 279 145
241 279 146
240 280 151
124
245 275 26
245 275 27
245 275 28
245 275 29
245 275 30
245 275 31
245 275 32
245 275 33
245 275 34
245 275 35
245 275 36
245 275 37
245 275 38
245 275 39
245 275 40
245 275 41
245 275 42
245 275 43
245 275 44
245 275 45
245 275 46
245 275 47
245 275 48
244 275 49
244 276 50
244 276 51
244 276 52
244 276 53
243 276 54
244 276 55
244 275 56
245 275 57
245 275 58
245 275 59
245 274 60
245 274 61
245 274 62
245 274 63
245 274 64
245 274 65
246 274 66
246 274 67
246 274 68
246 274 69
246 274 70
246 273 71
246 273 72
246 273 73
246 273 74
246 274 75
246 274 76
246 274 77
247 273 78
246 273 79
246 274 80
246 274 81
245 274 82
245 274 83
245 274 84
245 273 85
244 274 86
245 274 87
245 274 88
246 274 89
246 274 90
246 274 91
246 275 92
247 275 93
247 274 94
247 274 95
247 274 96
247 273 97
247 273 98
247 273 99
247 273 100
247 273 101
247 273 102
247 273 103
248 274 104
248 273 105
248 273 106
248 273 107
248 273 108
247 272 109
248 272 110
248 272 111
248 271 112
247 272 113
247 272 114
246 272 115
245 272 116
245 272 117
245 272 118
245 273 119
245 272 120
245 272 121
245 272 122
245 272 123
245 272 124
245 272 125
244 272 126
244 272 127
244 272 128
244 272 129
244 272 130
244 271 131
244 272 132
244 272 133
244 272 134
244 272 135
244 272 136
244 272 137
244 272 138
244 271 139
244 272 140
244 273 141
243 274 141
243 275 140
242 276 141
242 277 142
241 278 143
241 278 144
241 279 145
241 279 146
122
245 275 26
245 275 27
245 275 28
245 275 29
245 275 30
245 275 31
245 275 32
245 275 33
245 275 34
245 275 35
245 275 36
245 275 37
245 275 38
245 275 39
245 275 40
245 275 41
245 275 42
245 275 43
245 275 44
245 275 45
245 275 46
245 275 47
245 275 48
244 275 49
244 276 50
244 276 51
244 276 52
244 276 53
243 276 54
244 276 55
244 275 56
245 275 57
245 275 58
245 275 59
245 274 60
245 274 61
245 274 62
245 274 63
245 274 64
245 274 65
246 274 66
246 274 67
246 274 68
246 274 69
246 274 70
246 273 71
246 273 72
246 273 73
246 273 74
246 274 75
246 274 76
246 274 77
247 273 78
246 273 79
246 274 80
246 274 81
245 274 82
245 274 83
245 274 84
245 273 85
244 274 86
245 274 87
245 274 88
246 274 89
246 274 90
246 274 91
246 275 92
247 275 93
247 274 94
247 274 95
247 274 96
247 273 97
247 273 98
247 273 99
247 273 100
247 273 101
247 273 102
247 273 103
248 274 104
248 273 105
248 273 106
248 273 107
248 273 108
247 272 109
248 272 110
248 272 111
248 271 112
247 272 113
247 272 114
246 272 115
245 272 116
245 272 117
245 272 118
245 273 119
245 272 120
245 272 121
245 272 122
245 272 123
245 272 124
245 272 125
244 272 126
244 272 127
244 272 128
244 272 129
244 272 130
244 271 131
244 272 132
244 272 133
244 272 134
244 272 135
244 272 136
244 272 137
244 272 138
244 271 139
244 272 140
244 273 141
243 274 141
242 274 142
241 274 143
240 275 143
239 276 143
239 277 143
119
245 275 26
245 275 27
245 275 28
245 275 29
245 275 30
245 275 31
245 275 32
245 275 33
245 275 34
245 275 35
245 275 36
245 275 37
245 275 38
245 275 39
245 275 40
245 275 41
245 275 42
245 275 43
245 275 44
245 275 45
245 275 46
245 275 47
245 275 48
244 275 49
244 276 50
244 276 51
244 276 52
244 276 53
243 276 54
242 276 54
241 276 54
240 276 55
240 277 56
240 277 57
239 277 58
239 277 59
239 278 60
238 278 61
238 278 62
237 278 63
237 278 64
237 279 65
236 279 66
236 279 67
235 279 68
235 280 69
234 281 70
234 281 71
234 280 72
233 280 73
233 281 74
232 281 75
232 281 76
231 281 77
231 282 78
230 283 79
229 282 80
229 283 81
228 283 82
228 284 83
227 284 84
226 284 85
226 285 86
225 284 87
225 285 88
224 285 89
223 286 90
223 286 91
222 287 92
221 287 93
221 287 94
220 288 95
220 287 96
219 287 97
218 288 98
217 288 99
216 289 100
215 290 101
214 290 102
214 290 103
213 290 104
212 290 105
211 291 105
210 291 106
209 291 107
208 292 108
207 292 109
206 292 109
205 293 110
204 293 110
203 293 111
202 293 112
201 293 113
200 293 113
199 294 114
198 294 114
197 294 115
196 294 115
195 294 115
194 295 116
193 295 116
192 295 116
191 295 116
190 295 116
189 295 116
188 294 117
187 294 117
186 294 117
185 294 117
184 295 117
184 296 117
183 297 117
176 299 117
175 300 116
174 300 116
173 301 115
172 301 115
171 301 114
167 303 112
118
245 275 26
245 275 27
245 275 28
245 275 29
245 275 30
245 275 31
245 275 32
245 275 33
245 275 34
245 275 35
245 275 36
245 275 37
245 275 38
245 275 39
245 275 40
245 275 41
245 275 42
245 275 43
245 275 44
245 275 45
245 275 46
245 275 47
245 275 48
244 275 49
244 276 50
244 276 51
244 276 52
244 276 53
243 276 54
242 276 54
241 276 54
240 276 55
240 277 56
240 277 57
239 277 58
239 277 59
239 278 60
238 278 61
238 278 62
237 278 63
237 278 64
237 279 65
236 279 66
236 279 67
235 279 68
235 280 69
234 281 70
234 281 71
234 280 72
233 280 73
233 281 74
232 281 75
232 281 76
231 281 77
231 282 78
230 283 79
229 282 80
229 283 81
228 283 82
228 284 83
227 284 84
226 284 85
226 285 86
225 284 87
225 285 88
224 285 89
223 286 90
223 286 91
222 287 92
221 287 93
221 287 94
220 288 95
220 287 96
219 287 97
218 288 98
217 288 99
216 289 100
215 290 101
214 290 102
214 290 103
213 290 104
212 290 105
211 291 105
210 291 106
209 291 107
208 292 108
207 292 109
206 292 109
205 293 110
204 293 110
203 293 111
202 293 112
201 293 113
200 293 113
199 294 114
198 294 114
197 294 115
196 294 115
195 294 115
194 295 116
193 295 116
192 295 116
191 295 116
190 295 116
189 295 116
188 294 117
187 294 117
186 294 117
185 294 117
184 295 117
184 296 117
183 297 117
176 299 117
175 300 116
174 300 116
173 301 115
172 301 115
171 301 114
113
245 275 26
245 275 27
245 275 28
245 275 29
245 275 30
245 275 31
245 275 32
245 275 33
245 275 34
245 275 35
245 275 36
245 275 37
245 275 38
245 275 39
245 275 40
245 275 41
245 275 42
245 275 43
245 275 44
245 275 45
245 275 46
245 275 47
245 275 48
244 275 49
244 276 50
244 276 51
244 276 52
244 276 53
243 276 54
242 276 54
241 276 54
240 276 55
240 277 56
240 277 57
239 277 58
239 277 59
239 278 60
238 278 61
238 278 62
237 278 63
237 278 64
237 279 65
236 279 66
236 279 67
235 279 68
235 280 69
234 281 70
234 281 71
234 280 72
233 280 73
233 281 74
232 281 75
232 281 76
231 281 77
231 282 78
230 283 79
229 282 80
229 283 81
228 283 82
228 284 83
227 284 84
226 284 85
226 285 86
225 284 87
225 285 88
224 285 89
223 286 90
223 286 91
222 287 92
221 287 93
221 287 94
220 288 95
220 287 96
219 287 97
218 288 98
217 288 99
216 289 100
215 290 101
214 290 102
214 290 103
213 290 104
212 290 105
211 291 105
210 291 106
209 291 107
208 292 108
207 292 109
206 292 109
205 293 110
204 293 110
203 293 111
202 293 112
201 293 113
200 293 113
199 294 114
198 294 114
197 294 115
196 294 115
195 294 115
194 295 116
193 295 116
192 295 116
191 295 116
190 295 116
189 295 116
188 294 117
187 294 117
186 294 117
185 294 117
184 295 117
184 296 117
183 297 117
177 300 117
112
245 275 26
245 275 27
245 275 28
245 275 29
245 275 30
245 275 31
245 275 32
245 275 33
245 275 34
245 275 35
245 275 36
245 275 37
245 275 38
245 275 39
245 275 40
245 275 41
245 275 42
245 275 43
245 275 44
245 275 45
245 275 46
245 275 47
245 275 48
244 275 49
244 276 50
244 276 51
244 276 52
244 276 53
243 276 54
242 276 54
241 276 54
240 276 55
240 277 56
240 277 57
239 277 58
239 277 59
239 278 60
238 278 61
238 278 62
237 278 63
237 278 64
237 279 65
236 279 66
236 279 67
235 279 68
235 280 69
234 281 70
234 281 71
234 280 72
233 280 73
233 281 74
232 281 75
232 281 76
231 281 77
231 282 78
230 283 79
229 282 80
229 283 81
228 283 82
228 284 83
227 284 84
226 284 85
226 285 86
225 284 87
225 285 88
224 285 89
223 286 90
223 286 91
222 287 92
221 287 93
221 287 94
220 288 95
220 287 96
219 287 97
218 288 98
217 288 99
216 289 100
215 290 101
214 290 102
214 290 103
213 290 104
212 290 105
211 291 105
210 291 106
209 291 107
208 292 108
207 292 109
206 292 109
205 293 110
204 293 110
203 293 111
202 293 112
201 293 113
200 293 113
199 294 114
198 294 114
197 294 115
196 294 115
195 294 115
194 295 116
193 295 116
192 295 116
191 295 116
190 295 116
189 295 116
188 294 117
187 294 117
186 294 117
185 294 117
184 295 117
184 296 117
183 297 117
111
245 275 26
245 275 27
245 275 28
245 275 29
245 275 30
245 275 31
245 275 32
245 275 33
245 275 34
245 275 35
245 275 36
245 275 37
245 275 38
245 275 39
245 275 40
245 275 41
245 275 42
245 275 43
245 275 44
245 275 45
245 275 46
245 275 47
245 275 48
244 275 49
244 276 50
244 276 51
244 276 52
244 276 53
243 276 54
242 276 54
241 276 54
240 276 55
240 277 56
240 277 57
239 277 58
239 277 59
239 278 60
238 278 61
238 278 62
237 278 63
237 278 64
237 279 65
236 279 66
236 279 67
235 279 68
235 280 69
234 281 70
234 281 71
234 280 72
233 280 73
233 281 74
232 281 75
232 281 76
231 281 77
231 282 78
230 283 79
229 282 80
229 283 81
228 283 82
228 284 83
227 284 84
226 284 85
226 285 86
225 284 87
225 285 88
224 285 89
223 286 90
223 286 91
222 287 92
221 287 93
221 287 94
220 288 95
220 287 96
219 287 97
218 288 98
217 288 99
216 289 100
215 290 101
214 290 102
214 290 103
213 290 104
212 290 105
211 291 105
210 291 106
209 291 107
208 292 108
207 292 109
206 292 109
205 293 110
204 293 110
203 293 111
202 293 112
201 293 113
200 293 113
199 294 114
198 294 114
197 294 115
196 294 115
195 294 115
194 295 116
193 295 116
192 295 116
191 295 116
190 295 116
189 295 116
188 294 117
187 294 117
186 294 117
185 294 117
184 295 117
183 295 117
105
245 275 26
245 275 27
245 275 28
245 275 29
245 275 30
245 275 31
245 275 32
245 275 33
245 275 34
245 275 35
245 275 36
245 275 37
245 275 38
245 275 39
245 275 40
245 275 41
245 275 42
245 275 43
245 275 44
245 275 45
245 275 46
245 275 47
245 275 48
244 275 49
244 276 50
244 276 51
244 276 52
244 276 53
243 276 54
244 276 55
244 275 56
245 275 57
245 275 58
245 275 59
245 274 60
245 274 61
245 274 62
245 274 63
245 274 64
245 274 65
246 274 66
246 274 67
246 274 68
246 274 69
246 274 70
246 273 71
246 273 72
246 273 73
246 273 74
246 274 75
246 274 76
246 274 77
247 273 78
246 273 79
246 274 80
246 274 81
245 274 82
245 274 83
245 274 84
245 273 85
244 274 86
245 274 87
245 274 88
246 274 89
246 274 90
246 274 91
246 275 92
247 275 93
247 274 94
247 274 95
247 274 96
247 273 97
247 273 98
247 273 99
247 273 100
247 273 101
247 273 102
247 273 103
248 274 104
248 273 105
248 273 106
248 273 107
248 273 108
247 272 109
248 272 110
248 272 111
248 271 112
248 270 113
248 269 114
248 268 115
248 268 116
248 267 117
248 267 118
248 266 119
248 266 120
249 266 121
249 266 122
248 265 123
249 265 124
248 264 125
248 264 126
249 264 127
249 263 128
249 263 129
250 262 135
104
245 275 26
245 275 27
245 275 28
245 275 29
245 275 30
245 275 31
245 275 32
245 275 33
245 275 34
245 275 35
245 275 36
245 275 37
245 275 38
245 275 39
245 275 40
245 275 41
245 275 42
245 275 43
245 275 44
245 275 45
245 275 46
245 275 47
245 275 48
244 275 49
244 276 50
244 276 51
244 276 52
244 276 53
243 276 54
244 276 55
244 275 56
245 275 57
245 275 58
245 275 59
245 274 60
245 274 61
245 274 62
245 274 63
245 274 64
245 274 65
246 274 66
246 274 67
246 274 68
246 274 69
246 274 70
246 273 71
246 273 72
246 273 73
246 273 74
246 274 75
246 274 76
246 274 77
247 273 78
246 273 79
246 274 80
246 274 81
245 274 82
245 274 83
245 274 84
245 273 85
244 274 86
245 274 87
245 274 88
246 274 89
246 274 90
246 274 91
246 275 92
247 275 93
247 274 94
247 274 95
247 274 96
247 273 97
247 273 98
247 273 99
247 273 100
247 273 101
247 273 102
247 273 103
248 274 104
248 273 105
248 273 106
248 273 107
248 273 108
247 272 109
248 272 110
248 272 111
248 271 112
248 270 113
248 269 114
248 268 115
248 268 116
248 267 117
248 267 118
248 266 119
248 266 120
249 266 121
249 266 122
248 265 123
249 265 124
248 264 125
248 264 126
249 264 127
249 263 128
249 263 129
100
245 275 26
245 275 27
245 275 28
245 275 29
245 275 30
245 275 31
245 275 32
245 275 33
245 275 34
245 275 35
245 275 36
245 275 37
245 275 38
245 275 39
245 275 40
245 275 41
245 275 42
245 275 43
245 275 44
245 275 45
245 275 46
245 275 47
245 275 48
244 275 49
244 276 50
244 276 51
244 276 52
244 276 53
243 276 54
244 276 55
244 275 56
245 275 57
245 275 58
245 275 59
245 274 60
245 274 61
245 274 62
245 274 63
245 274 64
245 274 65
246 274 66
246 274 67
246 274 68
246 274 69
246 274 70
246 273 71
246 273 72
246 273 73
246 273 74
246 274 75
246 274 76
246 274 77
247 273 78
246 273 79
246 274 80
246 274 81
245 274 82
245 274 83
245 274 84
245 273 85
244 274 86
245 274 87
245 274 88
246 274 89
246 274 90
246 274 91
246 275 92
247 275 93
247 274 94
247 274 95
247 274 96
247 273 97
247 273 98
247 273 99
247 273 100
247 273 101
247 273 102
247 273 103
248 274 104
248 273 105
248 273 106
248 273 107
248 273 108
247 272 109
248 272 110
248 272 111
249 272 112
250 272 113
251 272 114
252 273 115
252 274 115
251 275 116
251 275 117
251 275 118
251 276 119
252 277 120
252 276 121
252 276 122
252 276 123
252 275 124
77
245 275 26
245 275 27
245 275 28
245 275 29
245 275 30
245 275 31
245 275 32
245 275 33
245 275 34
245 275 35
245 275 36
245 275 37
245 275 38
245 275 39
245 275 40
245 275 41
245 275 42
245 275 43
245 275 44
245 275 45
245 275 46
245 275 47
245 275 48
244 275 49
244 276 50
244 276 51
244 276 52
244 276 53
243 276 54
244 276 55
244 275 56
245 275 57
245 275 58
245 275 59
245 274 60
245 274 61
245 274 62
245 274 63
245 274 64
245 274 65
246 274 66
246 274 67
246 274 68
246 274 69
246 274 70
246 273 71
246 273 72
246 273 73
246 273 74
246 274 75
246 274 76
246 274 77
247 273 78
246 273 79
246 274 80
246 274 81
245 274 82
245 274 83
245 274 84
245 273 85
244 274 86
245 274 87
245 274 88
246 274 89
246 274 90
246 274 91
246 275 92
245 276 92
244 277 93
243 277 94
243 277 95
243 278 96
243 278 97
243 278 98
243 278 99
243 279 100
243 279 101
59
245 275 26
245 275 27
245 275 28
245 275 29
245 275 30
245 275 31
245 275 32
245 275 33
245 275 34
245 275 35
245 275 36
245 275 37
245 275 38
245 275 39
245 275 40
245 275 41
245 275 42
245 275 43
245 275 44
245 275 45
245 275 46
245 275 47
245 275 48
244 275 49
244 276 50
244 276 51
244 276 52
244 276 53
243 276 54
244 276 55
244 275 56
245 275 57
245 275 58
245 275 59
245 274 60
245 274 61
245 274 62
245 274 63
245 274 64
245 274 65
246 274 66
246 274 67
246 274 68
246 274 69
246 274 70
246 273 71
246 273 72
246 273 73
246 273 74
246 274 75
246 274 76
246 274 77
247 273 78
248 272 78
249 272 79
250 271 80
250 270 81
249 269 82
248 269 83
36
245 275 26
245 275 27
245 275 28
245 275 29
245 275 30
245 275 31
245 275 32
245 275 33
245 275 34
245 275 35
245 275 36
245 275 37
245 275 38
245 275 39
245 275 40
245 275 41
245 275 42
245 275 43
245 275 44
245 275 45
245 275 46
245 275 47
245 275 48
244 275 49
244 276 50
244 276 51
244 276 52
244 276 53
243 276 54
244 276 55
244 275 56
245 275 57
245 275 58
245 276 59
244 277 60
244 278 61
33
245 275 26
245 275 27
245 275 28
245 275 29
245 275 30
245 275 31
245 275 32
245 275 33
245 275 34
245 275 35
245 275 36
245 275 37
245 275 38
245 275 39
245 275 40
245 275 41
245 275 42
245 275 43
245 275 44
245 275 45
245 275 46
245 275 47
245 275 48
244 275 49
244 276 50
244 276 51
244 276 52
244 276 53
243 276 54
242 276 54
241 276 54
240 275 55
241 274 56
33
245 275 26
245 275 27
245 275 28
245 275 29
245 275 30
245 275 31
245 275 32
245 275 33
245 275 34
245 275 35
245 275 36
245 275 37
245 275 38
245 275 39
245 275 40
245 275 41
245 275 42
245 275 43
245 275 44
245 275 45
245 275 46
245 275 47
245 275 48
244 275 49
244 276 50
244 276 51
244 276 52
244 276 53
243 276 54
244 276 55
244 275 56
243 275 57
242 274 57
