47
180
254 246 25
254 246 26
254 246 27
254 246 28
254 246 29
254 246 30
253 245 31
253 245 32
253 245 33
253 245 34
253 245 35
253 245 36
253 245 37
253 245 38
253 245 39
253 245 40
253 245 41
253 245 42
253 245 43
253 245 44
253 245 45
253 245 46
253 245 47
253 244 48
253 245 49
253 245 50
253 245 51
253 245 52
253 246 53
253 246 54
253 246 55
253 246 56
253 246 57
254 247 58
253 248 59
253 248 60
253 249 61
252 250 62
251 250 63
251 250 64
251 250 65
250 249 66
250 248 67
250 248 68
250 248 69
250 249 70
249 249 71
249 249 72
248 248 73
247 248 74
248 247 75
248 246 76
249 245 77
250 244 78
249 243 79
249 242 80
248 242 81
247 243 82
248 244 83
249 244 84
250 244 85
251 243 86
252 244 87
253 245 88
253 245 89
253 245 90
253 245 91
252 244 92
253 244 93
253 243 94
253 243 95
253 242 96
253 242 97
253 241 98
253 242 99
253 242 100
253 242 101
253 242 102
253 242 103
253 242 104
253 242 105
253 242 106
253 242 107
253 242 108
253 242 109
253 242 110
253 242 111
253 242 112
253 242 113
253 242 114
253 242 115
252 242 116
252 242 117
251 243 118
251 243 119
250 243 120
250 243 121
250 243 122
250 243 123
250 243 124
250 243 125
249 243 126
249 243 127
250 243 128
250 243 129
251 243 130
251 243 131
251 243 132
252 243 133
251 242 134
252 243 135
252 243 136
252 243 137
251 244 138
251 244 139
252 244 140
252 244 141
252 244 142
252 244 143
252 244 144
252 244 145
252 244 146
252 245 147
252 245 148
252 245 149
252 245 150
252 245 151
252 245 152
252 245 153
252 245 154
252 245 155
253 245 156
253 245 157
253 245 158
253 245 159
253 245 160
253 245 161
253 245 162
253 245 163
253 246 164
254 245 165
253 245 166
254 244 167
255 245 168
256 246 169
255 246 170
254 246 171
253 246 172
254 246 173
255 247 174
255 247 175
255 247 176
255 247 177
255 247 178
255 247 179
255 247 180
255 247 181
256 248 182
256 248 183
256 248 184
256 248 185
256 248 186
256 248 187
256 248 188
256 248 189
257 249 190
257 249 191
257 249 192
257 249 193
257 249 194
257 249 195
257 249 196
257 249 197
257 249 198
257 249 199
257 249 200
256 249 201
256 248 202
256 248 203
257 248 204
178
254 246 25
254 246 26
254 246 27
254 246 28
254 246 29
254 246 30
253 245 31
253 245 32
253 245 33
253 245 34
253 245 35
253 245 36
253 245 37
253 245 38
253 245 39
253 245 40
253 245 41
253 245 42
253 245 43
253 245 44
253 245 45
253 245 46
253 245 47
253 244 48
253 245 49
253 245 50
253 245 51
253 245 52
253 246 53
253 246 54
253 246 55
253 246 56
253 246 57
254 247 58
253 248 59
253 248 60
253 249 61
252 250 62
251 250 63
251 250 64
251 250 65
250 249 66
250 248 67
250 248 68
250 248 69
250 249 70
249 249 71
249 249 72
248 248 73
247 248 74
248 247 75
248 246 76
249 245 77
250 244 78
249 243 79
249 242 80
248 242 81
247 243 82
248 244 83
249 244 84
250 244 85
251 243 86
252 244 87
253 245 88
253 245 89
253 245 90
253 245 91
254 245 92
255 245 92
256 246 93
257 247 94
258 247 95
257 248 96
258 248 97
258 249 98
259 249 99
260 250 100
260 249 101
259 250 102
260 249 103
259 250 104
259 251 105
259 251 106
260 251 107
260 251 108
260 252 109
260 253 110
261 253 111
261 254 112
261 255 113
262 255 114
263 255 115
263 255 116
263 256 117
263 257 118
264 257 119
263 258 120
264 258 121
264 259 122
264 260 123
265 260 124
265 261 125
265 262 126
266 263 127
266 264 128
266 265 128
267 266 129
268 266 130
269 266 131
270 267 132
270 268 133
271 269 134
272 269 135
273 269 136
273 270 137
273 271 137
273 272 138
274 272 139
275 272 140
275 273 141
276 273 142
276 274 143
276 275 143
277 276 144
277 277 145
278 278 146
277 279 146
277 280 147
278 281 148
278 282 148
278 283 149
279 284 150
280 285 151
280 286 152
281 287 153
282 287 153
283 288 154
284 289 155
284 290 156
285 290 157
285 291 158
285 292 158
286 293 159
287 294 160
287 295 161
287 296 161
288 297 162
288 298 163
289 299 164
289 300 165
288 301 165
289 302 166
289 303 166
290 304 167
291 305 167
291 306 168
291 307 169
292 308 169
292 309 169
293 310 170
294 311 170
295 312 171
295 313 171
295 314 172
296 315 172
297 316 173
298 317 174
299 317 174
300 317 173
301 318 174
302 319 174
302 320 174
301 321 174
302 322 174
301 323 174
302 324 174
303 325 174
304 326 174
169
254 246 25
254 246 26
254 246 27
254 246 28
254 246 29
254 246 30
253 245 31
253 245 32
253 245 33
253 245 34
253 245 35
253 245 36
253 245 37
253 245 38
253 245 39
253 245 40
253 245 41
253 245 42
253 245 43
253 245 44
253 245 45
253 245 46
253 245 47
253 244 48
253 245 49
253 245 50
253 245 51
253 245 52
253 246 53
253 246 54
253 246 55
253 246 56
253 246 57
254 247 58
253 248 59
253 248 60
253 249 61
252 250 62
251 250 63
251 250 64
251 250 65
250 249 66
250 248 67
250 248 68
250 248 69
250 249 70
249 249 71
250 248 72
251 247 73
252 247 74
252 246 75
252 245 75
253 244 76
252 243 77
253 242 78
253 241 79
254 240 80
253 239 81
252 238 82
251 237 83
250 236 84
250 235 85
249 235 86
249 234 87
249 233 88
248 233 89
248 233 90
248 232 91
248 232 92
249 231 93
248 231 94
248 231 95
248 230 96
248 230 97
247 230 98
247 229 99
247 229 100
247 228 101
246 228 102
246 227 103
245 226 104
244 226 105
244 225 106
243 225 107
243 224 108
242 224 109
243 223 110
242 223 111
242 222 112
241 222 113
242 221 114
241 221 115
241 220 116
240 220 117
240 219 118
239 218 119
238 217 120
237 216 121
237 215 122
236 214 123
235 213 124
234 212 125
234 211 126
234 210 127
233 209 128
233 208 128
232 207 129
231 206 129
231 205 130
230 204 130
229 203 131
229 202 132
228 201 133
227 200 134
227 199 135
226 198 135
226 197 136
225 196 136
225 195 137
224 194 138
223 193 139
222 192 139
222 191 140
221 190 141
220 189 141
219 188 142
218 187 142
217 186 142
217 185 142
216 184 143
215 183 143
215 182 144
215 181 144
214 180 144
213 179 144
212 178 144
211 177 144
210 176 144
209 175 144
208 174 145
207 173 145
207 172 145
206 171 145
206 170 145
205 169 145
205 168 145
204 167 145
203 166 145
203 165 145
202 164 145
203 163 145
202 162 145
201 161 145
200 160 145
199 160 145
198 159 144
197 158 143
197 157 143
196 156 142
195 156 142
194 155 142
194 154 141
193 153 140
185 143 131
184 143 130
183 142 129
183 142 128
183 141 127
182 141 126
164
254 246 25
254 246 26
254 246 27
254 246 28
254 246 29
254 246 30
253 245 31
253 245 32
253 245 33
253 245 34
253 245 35
253 245 36
253 245 37
253 245 38
253 245 39
253 245 40
253 245 41
253 245 42
253 245 43
253 245 44
253 245 45
253 245 46
253 245 47
253 244 48
253 245 49
253 245 50
253 245 51
253 245 52
253 246 53
253 246 54
253 246 55
253 246 56
253 246 57
254 247 58
253 248 59
253 248 60
253 249 61
252 250 62
251 250 63
251 250 64
251 250 65
250 249 66
250 248 67
250 248 68
250 248 69
250 249 70
249 249 71
250 248 72
251 247 73
252 247 74
252 246 75
252 245 75
253 244 76
252 243 77
253 242 78
253 241 79
254 240 80
253 239 81
252 238 82
251 237 83
250 236 84
250 235 85
249 235 86
249 234 87
249 233 88
248 233 89
248 233 90
248 232 91
248 232 92
249 231 93
248 231 94
248 231 95
248 230 96
248 230 97
247 230 98
247 229 99
247 229 100
247 228 101
246 228 102
246 227 103
245 226 104
244 226 105
244 225 106
243 225 107
243 224 108
242 224 109
243 223 110
242 223 111
242 222 112
241 222 113
242 221 114
241 221 115
241 220 116
240 220 117
240 219 118
239 218 119
238 217 120
237 216 121
237 215 122
236 214 123
235 213 124
234 212 125
234 211 126
234 210 127
233 209 128
233 208 128
232 207 129
231 206 129
231 205 130
230 204 130
229 203 131
229 202 132
228 201 133
227 200 134
227 199 135
226 198 135
226 197 136
225 196 136
225 195 137
224 194 138
223 193 139
222 192 139
222 191 140
221 190 141
220 189 141
219 188 142
218 187 142
217 186 142
217 185 142
216 184 143
215 183 143
215 182 144
215 181 144
214 180 144
213 179 144
212 178 144
211 177 144
210 176 144
209 175 144
208 174 145
207 173 145
207 172 145
206 171 145
206 170 145
205 169 145
205 168 145
204 167 145
203 166 145
203 165 145
202 164 145
203 163 145
202 162 145
201 161 145
200 160 145
199 160 145
198 159 144
197 158 143
197 157 143
196 156 142
195 156 142
194 155 142
194 154 141
193 153 140
185 143 131
163
254 246 25
254 246 26
254 246 27
254 246 28
254 246 29
254 246 30
253 245 31
253 245 32
253 245 33
253 245 34
253 245 35
253 245 36
253 245 37
253 245 38
253 245 39
253 245 40
253 245 41
253 245 42
253 245 43
253 245 44
253 245 45
253 245 46
253 245 47
253 244 48
253 245 49
253 245 50
253 245 51
253 245 52
253 246 53
253 246 54
253 246 55
253 246 56
253 246 57
254 247 58
253 248 59
253 248 60
253 249 61
252 250 62
251 250 63
251 250 64
251 250 65
250 249 66
250 248 67
250 248 68
250 248 69
250 249 70
249 249 71
250 248 72
251 247 73
252 247 74
252 246 75
252 245 75
253 244 76
252 243 77
253 242 78
253 241 79
254 240 80
253 239 81
252 238 82
251 237 83
250 236 84
250 235 85
249 235 86
249 234 87
249 233 88
248 233 89
248 233 90
248 232 91
248 232 92
249 231 93
248 231 94
248 231 95
248 230 96
248 230 97
247 230 98
247 229 99
247 229 100
247 228 101
246 228 102
246 227 103
245 226 104
244 226 105
244 225 106
243 225 107
243 224 108
242 224 109
243 223 110
242 223 111
242 222 112
241 222 113
242 221 114
241 221 115
241 220 116
240 220 117
240 219 118
239 218 119
238 217 120
237 216 121
237 215 122
236 214 123
235 213 124
234 212 125
234 211 126
234 210 127
233 209 128
233 208 128
232 207 129
231 206 129
231 205 130
230 204 130
229 203 131
229 202 132
228 201 133
227 200 134
227 199 135
226 198 135
226 197 136
225 196 136
225 195 137
224 194 138
223 193 139
222 192 139
222 191 140
221 190 141
220 189 141
219 188 142
218 187 142
217 186 142
217 185 142
216 184 143
215 183 143
215 182 144
215 181 144
214 180 144
213 179 144
212 178 144
211 177 144
210 176 144
209 175 144
208 174 145
207 173 145
207 172 145
206 171 145
206 170 145
205 169 145
205 168 145
204 167 145
203 166 145
203 165 145
202 164 145
203 163 145
202 162 145
201 161 145
200 160 145
199 160 145
198 159 144
197 158 143
197 157 143
196 156 142
195 156 142
194 155 142
194 154 141
193 153 140
161
254 246 25
254 246 26
254 246 27
254 246 28
254 246 29
254 246 30
253 245 31
253 245 32
253 245 33
253 245 34
253 245 35
253 245 36
253 245 37
253 245 38
253 245 39
253 245 40
253 245 41
253 245 42
253 245 43
253 245 44
253 245 45
253 245 46
253 245 47
253 244 48
253 245 49
253 245 50
253 245 51
253 245 52
253 246 53
253 246 54
253 246 55
253 246 56
253 246 57
254 247 58
253 248 59
253 248 60
253 249 61
252 250 62
251 250 63
251 250 64
251 250 65
250 249 66
250 248 67
250 248 68
250 248 69
250 249 70
249 249 71
249 249 72
248 248 73
247 248 74
248 247 75
248 246 76
249 245 77
250 244 78
249 243 79
249 242 80
248 242 81
247 243 82
248 244 83
249 244 84
250 244 85
251 243 86
252 244 87
253 245 88
253 245 89
253 245 90
253 245 91
254 245 92
255 245 92
256 246 93
257 247 94
258 247 95
257 248 96
258 248 97
258 249 98
259 249 99
260 250 100
260 249 101
259 250 102
260 249 103
259 250 104
259 251 105
259 251 106
260 251 107
260 251 108
260 252 109
260 253 110
261 253 111
261 254 112
261 255 113
262 255 114
263 255 115
263 255 116
263 256 117
263 257 118
264 257 119
263 258 120
264 258 121
264 259 122
264 260 123
265 260 124
265 261 125
265 262 126
266 263 127
266 264 128
266 265 128
267 266 129
268 266 130
269 266 131
270 267 132
270 268 133
271 269 134
272 269 135
273 269 136
273 270 137
273 271 137
273 272 138
274 272 139
275 272 140
275 273 141
276 273 142
276 274 143
276 275 143
277 276 144
277 277 145
278 278 146
277 279 146
277 280 147
278 281 148
278 282 148
278 283 149
279 284 150
280 285 151
280 286 152
281 287 153
282 287 153
283 288 154
284 289 155
284 290 156
285 290 157
285 291 158
285 292 158
286 293 159
287 294 160
287 295 161
287 296 161
288 297 162
288 298 163
289 299 164
289 300 165
288 301 165
289 302 166
289 303 166
290 304 167
291 304 166
292 304 167
293 304 167
294 303 166
295 304 166
296 303 165
297 304 164
160
254 246 25
254 246 26
254 246 27
254 246 28
254 246 29
254 246 30
253 245 31
253 245 32
253 245 33
253 245 34
253 245 35
253 245 36
253 245 37
253 245 38
253 245 39
253 245 40
253 245 41
253 245 42
253 245 43
253 245 44
253 245 45
253 245 46
253 245 47
253 244 48
253 245 49
253 245 50
253 245 51
253 245 52
253 246 53
253 246 54
253 246 55
253 246 56
253 246 57
254 247 58
253 248 59
253 248 60
253 249 61
252 250 62
251 250 63
251 250 64
251 250 65
252 251 66
253 251 67
253 251 68
254 252 69
254 252 70
254 253 71
254 253 72
255 254 73
254 254 74
255 255 75
254 255 76
254 256 77
254 257 78
254 257 79
255 258 80
254 258 81
254 258 82
254 259 83
254 259 84
254 260 85
254 261 86
254 262 87
254 263 88
254 263 89
254 264 90
254 264 91
254 265 92
254 265 93
255 266 94
254 267 95
255 268 96
255 269 97
254 270 98
254 271 99
254 272 100
254 273 101
254 274 102
255 275 103
255 276 103
254 277 104
255 278 105
254 279 105
255 280 106
254 281 106
254 282 107
254 283 107
254 284 108
255 285 108
254 286 109
253 287 109
253 288 110
253 289 111
252 290 111
252 291 112
253 292 112
254 293 112
254 294 112
253 295 112
253 296 112
253 297 113
253 298 113
254 299 113
255 300 113
254 301 114
255 302 114
255 303 114
255 304 114
254 305 114
254 306 114
254 307 114
254 308 114
253 309 114
254 310 113
253 311 114
253 312 114
254 313 115
255 314 115
255 315 115
256 316 115
257 317 115
257 318 115
258 319 115
259 320 115
258 321 115
257 322 115
256 323 116
256 324 116
256 325 117
256 326 117
255 327 117
256 328 117
256 329 117
256 330 117
257 331 117
258 332 117
258 333 117
257 334 117
257 335 117
256 336 116
256 337 116
255 338 116
254 339 115
255 340 115
255 341 114
255 342 113
256 343 112
256 344 112
257 345 112
257 346 111
258 347 111
258 348 111
258 349 110
258 350 109
258 351 108
259 352 108
260 353 107
260 356 104
260 357 102
261 359 101
160
254 246 25
254 246 26
254 246 27
254 246 28
254 246 29
254 246 30
253 245 31
253 245 32
253 245 33
253 245 34
253 245 35
253 245 36
253 245 37
253 245 38
253 245 39
253 245 40
253 245 41
253 245 42
253 245 43
253 245 44
253 245 45
253 245 46
253 245 47
253 244 48
253 245 49
253 245 50
253 245 51
253 245 52
253 246 53
253 246 54
253 246 55
253 246 56
253 246 57
254 247 58
253 248 59
253 248 60
253 249 61
252 250 62
251 250 63
251 250 64
251 250 65
250 249 66
250 248 67
250 248 68
250 248 69
250 249 70
249 249 71
249 249 72
248 248 73
247 248 74
248 247 75
248 246 76
249 245 77
250 244 78
249 243 79
249 242 80
248 242 81
247 243 82
248 244 83
249 244 84
250 244 85
251 243 86
252 244 87
253 245 88
253 245 89
253 245 90
253 245 91
254 245 92
255 245 92
256 246 93
257 247 94
258 247 95
257 248 96
258 248 97
258 249 98
259 249 99
260 250 100
260 249 101
259 250 102
260 249 103
259 250 104
259 251 105
259 251 106
260 251 107
260 251 108
260 252 109
260 253 110
261 253 111
261 254 112
261 255 113
262 255 114
263 255 115
263 255 116
263 256 117
263 257 118
264 257 119
263 258 120
264 258 121
264 259 122
264 260 123
265 260 124
265 261 125
265 262 126
266 263 127
266 264 128
266 265 128
267 266 129
268 266 130
269 266 131
270 267 132
270 268 133
271 269 134
272 269 135
273 269 136
273 270 137
273 271 137
273 272 138
274 272 139
275 272 140
275 273 141
276 273 142
276 274 143
276 275 143
277 276 144
277 277 145
278 278 146
277 279 146
277 280 147
278 281 148
278 282 148
278 283 149
279 284 150
280 285 151
280 286 152
281 287 153
282 287 153
283 288 154
284 289 155
284 290 156
285 290 157
285 291 158
285 292 158
286 293 159
287 294 160
287 295 161
287 296 161
288 297 162
288 298 163
289 299 164
289 300 165
288 301 165
289 302 166
289 303 166
290 304 167
291 304 166
292 305 165
293 306 164
294 306 164
295 305 164
296 305 164
159
254 246 25
254 246 26
254 246 27
254 246 28
254 246 29
254 246 30
253 245 31
253 245 32
253 245 33
253 245 34
253 245 35
253 245 36
253 245 37
253 245 38
253 245 39
253 245 40
253 245 41
253 245 42
253 245 43
253 245 44
253 245 45
253 245 46
253 245 47
253 244 48
253 245 49
253 245 50
253 245 51
253 245 52
253 246 53
253 246 54
253 246 55
253 246 56
253 246 57
254 247 58
253 248 59
253 248 60
253 249 61
252 250 62
251 250 63
251 250 64
251 250 65
252 251 66
253 251 67
253 251 68
254 252 69
254 252 70
254 253 71
254 253 72
255 254 73
254 254 74
255 255 75
254 255 76
254 256 77
254 257 78
254 257 79
255 258 80
254 258 81
254 258 82
254 259 83
254 259 84
254 260 85
254 261 86
254 262 87
254 263 88
254 263 89
254 264 90
254 264 91
254 265 92
254 265 93
255 266 94
254 267 95
255 268 96
255 269 97
254 270 98
254 271 99
254 272 100
254 273 101
254 274 102
255 275 103
255 276 103
254 277 104
255 278 105
254 279 105
255 280 106
254 281 106
254 282 107
254 283 107
254 284 108
255 285 108
254 286 109
253 287 109
253 288 110
253 289 111
252 290 111
252 291 112
253 292 112
254 293 112
254 294 112
253 295 112
253 296 112
253 297 113
253 298 113
254 299 113
255 300 113
254 301 114
255 302 114
255 303 114
255 304 114
254 305 114
254 306 114
254 307 114
254 308 114
253 309 114
254 310 113
253 311 114
253 312 114
254 313 115
255 314 115
255 315 115
256 316 115
257 317 115
257 318 115
258 319 115
259 320 115
258 321 115
257 322 115
256 323 116
256 324 116
256 325 117
256 326 117
255 327 117
256 328 117
256 329 117
256 330 117
257 331 117
258 332 117
258 333 117
257 334 117
257 335 117
256 336 116
256 337 116
255 338 116
254 339 115
255 340 115
255 341 114
255 342 113
256 343 112
256 344 112
257 345 112
257 346 111
258 347 111
258 348 111
258 349 110
258 350 109
258 351 108
259 352 108
260 353 107
260 356 104
260 357 102
158
254 246 25
254 246 26
254 246 27
254 246 28
254 246 29
254 246 30
253 245 31
253 245 32
253 245 33
253 245 34
253 245 35
253 245 36
253 245 37
253 245 38
253 245 39
253 245 40
253 245 41
253 245 42
253 245 43
253 245 44
253 245 45
253 245 46
253 245 47
253 244 48
253 245 49
253 245 50
253 245 51
253 245 52
253 246 53
253 246 54
253 246 55
253 246 56
253 246 57
254 247 58
253 248 59
253 248 60
253 249 61
252 250 62
251 250 63
251 250 64
251 250 65
252 251 66
253 251 67
253 251 68
254 252 69
254 252 70
254 253 71
254 253 72
255 254 73
254 254 74
255 255 75
254 255 76
254 256 77
254 257 78
254 257 79
255 258 80
254 258 81
254 258 82
254 259 83
254 259 84
254 260 85
254 261 86
254 262 87
254 263 88
254 263 89
254 264 90
254 264 91
254 265 92
254 265 93
255 266 94
254 267 95
255 268 96
255 269 97
254 270 98
254 271 99
254 272 100
254 273 101
254 274 102
255 275 103
255 276 103
254 277 104
255 278 105
254 279 105
255 280 106
254 281 106
254 282 107
254 283 107
254 284 108
255 285 108
254 286 109
253 287 109
253 288 110
253 289 111
252 290 111
252 291 112
253 292 112
254 293 112
254 294 112
253 295 112
253 296 112
253 297 113
253 298 113
254 299 113
255 300 113
254 301 114
255 302 114
255 303 114
255 304 114
254 305 114
254 306 114
254 307 114
254 308 114
253 309 114
254 310 113
253 311 114
253 312 114
254 313 115
255 314 115
255 315 115
256 316 115
257 317 115
257 318 115
258 319 115
259 320 115
258 321 115
257 322 115
256 323 116
256 324 116
256 325 117
256 326 117
255 327 117
256 328 117
256 329 117
256 330 117
257 331 117
258 332 117
258 333 117
257 334 117
257 335 117
256 336 116
256 337 116
255 338 116
254 339 115
255 340 115
255 341 114
255 342 113
256 343 112
256 344 112
257 345 112
257 346 111
258 347 111
258 348 111
258 349 110
258 350 109
258 351 108
259 352 108
260 353 107
260 356 104
157
254 246 25
254 246 26
254 246 27
254 246 28
254 246 29
254 246 30
253 245 31
253 245 32
253 245 33
253 245 34
253 245 35
253 245 36
253 245 37
253 245 38
253 245 39
253 245 40
253 245 41
253 245 42
253 245 43
253 245 44
253 245 45
253 245 46
253 245 47
253 244 48
253 245 49
253 245 50
253 245 51
253 245 52
253 246 53
253 246 54
253 246 55
253 246 56
253 246 57
254 247 58
253 248 59
253 248 60
253 249 61
252 250 62
251 250 63
251 250 64
251 250 65
252 251 66
253 251 67
253 251 68
254 252 69
254 252 70
254 253 71
254 253 72
255 254 73
254 254 74
255 255 75
254 255 76
254 256 77
254 257 78
254 257 79
255 258 80
254 258 81
254 258 82
254 259 83
254 259 84
254 260 85
254 261 86
254 262 87
254 263 88
254 263 89
254 264 90
254 264 91
254 265 92
254 265 93
255 266 94
254 267 95
255 268 96
255 269 97
254 270 98
254 271 99
254 272 100
254 273 101
254 274 102
255 275 103
255 276 103
254 277 104
255 278 105
254 279 105
255 280 106
254 281 106
254 282 107
254 283 107
254 284 108
255 285 108
254 286 109
253 287 109
253 288 110
253 289 111
252 290 111
252 291 112
253 292 112
254 293 112
254 294 112
253 295 112
253 296 112
253 297 113
253 298 113
254 299 113
255 300 113
254 301 114
255 302 114
255 303 114
255 304 114
254 305 114
254 306 114
254 307 114
254 308 114
253 309 114
254 310 113
253 311 114
253 312 114
254 313 115
255 314 115
255 315 115
256 316 115
257 317 115
257 318 115
258 319 115
259 320 115
258 321 115
257 322 115
256 323 116
256 324 116
256 325 117
256 326 117
255 327 117
256 328 117
256 329 117
256 330 117
257 331 117
258 332 117
258 333 117
257 334 117
257 335 117
256 336 116
256 337 116
255 338 116
254 339 115
255 340 115
255 341 114
255 342 113
256 343 112
256 344 112
257 345 112
257 346 111
258 347 111
258 348 111
258 349 110
258 350 109
258 351 108
259 352 108
260 353 107
155
254 246 25
254 246 26
254 246 27
254 246 28
254 246 29
254 246 30
253 245 31
253 245 32
253 245 33
253 245 34
253 245 35
253 245 36
253 245 37
253 245 38
253 245 39
253 245 40
253 245 41
253 245 42
253 245 43
253 245 44
253 245 45
253 245 46
253 245 47
253 244 48
253 245 49
253 245 50
253 245 51
253 245 52
253 246 53
253 246 54
253 246 55
253 246 56
253 246 57
254 247 58
253 248 59
253 248 60
253 249 61
252 250 62
251 250 63
251 250 64
251 250 65
252 251 66
253 251 67
253 251 68
254 252 69
254 252 70
254 253 71
254 253 72
255 254 73
254 254 74
255 255 75
254 255 76
254 256 77
254 257 78
254 257 79
255 258 80
254 258 81
254 258 82
254 259 83
254 259 84
254 260 85
254 261 86
254 262 87
254 263 88
254 263 89
254 264 90
254 264 91
254 265 92
254 265 93
255 266 94
254 267 95
255 268 96
255 269 97
254 270 98
254 271 99
254 272 100
254 273 101
254 274 102
255 275 103
255 276 103
254 277 104
255 278 105
254 279 105
255 280 106
254 281 106
254 282 107
254 283 107
254 284 108
255 285 108
254 286 109
253 287 109
253 288 110
253 289 111
252 290 111
252 291 112
253 292 112
254 293 112
254 294 112
253 295 112
253 296 112
253 297 113
253 298 113
254 299 113
255 300 113
254 301 114
255 302 114
255 303 114
255 304 114
254 305 114
254 306 114
254 307 114
254 308 114
253 309 114
254 310 113
253 311 114
253 312 114
254 313 115
255 314 115
255 315 115
256 316 115
257 317 115
257 318 115
258 319 115
259 320 115
258 321 115
257 322 115
256 323 116
256 324 116
256 325 117
256 326 117
255 327 117
256 328 117
256 329 117
256 330 117
257 331 117
258 332 117
258 333 117
257 334 117
257 335 117
256 336 116
256 337 116
255 338 116
254 339 115
255 340 115
255 341 114
255 342 113
256 343 112
256 344 112
257 345 112
257 346 111
256 345 110
256 346 109
256 347 108
257 348 108
257 349 108
147
254 246 25
254 246 26
254 246 27
254 246 28
254 246 29
254 246 30
253 245 31
253 245 32
253 245 33
253 245 34
253 245 35
253 245 36
253 245 37
253 245 38
253 245 39
253 245 40
253 245 41
253 245 42
253 245 43
253 245 44
253 245 45
253 245 46
253 245 47
253 244 48
253 245 49
253 245 50
253 245 51
253 245 52
253 246 53
253 246 54
253 246 55
253 246 56
253 246 57
254 247 58
253 248 59
253 248 60
253 249 61
252 250 62
251 250 63
251 250 64
251 250 65
250 249 66
250 248 67
250 248 68
250 248 69
250 249 70
249 249 71
249 249 72
248 248 73
247 248 74
248 247 75
248 246 76
249 245 77
250 244 78
249 243 79
249 242 80
248 242 81
247 243 82
248 244 83
249 244 84
250 244 85
251 243 86
252 244 87
253 245 88
253 245 89
253 245 90
253 245 91
252 244 92
253 244 93
253 243 94
253 243 95
253 242 96
253 242 97
253 241 98
253 242 99
253 242 100
253 242 101
253 242 102
253 242 103
253 242 104
253 242 105
253 242 106
253 242 107
253 242 108
253 242 109
253 242 110
253 242 111
253 242 112
253 242 113
253 242 114
253 242 115
252 242 116
252 242 117
251 243 118
251 243 119
250 243 120
250 243 121
250 243 122
250 243 123
250 243 124
250 243 125
249 243 126
249 243 127
250 243 128
250 243 129
251 243 130
251 243 131
251 243 132
252 243 133
251 242 134
252 243 135
252 243 136
252 243 137
251 244 138
251 244 139
252 244 140
252 244 141
252 244 142
252 244 143
252 244 144
252 244 145
252 244 146
252 245 147
252 245 148
252 245 149
252 245 150
252 245 151
252 245 152
252 245 153
252 245 154
252 245 155
253 245 156
253 245 157
253 245 158
253 245 159
253 245 160
253 245 161
253 245 162
253 245 163
253 246 164
254 245 165
253 245 166
253 246 167
252 247 168
251 246 169
250 247 170
251 248 170
146
254 246 25
254 246 26
254 246 27
254 246 28
254 246 29
254 246 30
253 245 31
253 245 32
253 245 33
253 245 34
253 245 35
253 245 36
253 245 37
253 245 38
253 245 39
253 245 40
253 245 41
253 245 42
253 245 43
253 245 44
253 245 45
253 245 46
253 245 47
253 244 48
253 245 49
253 245 50
253 245 51
253 245 52
253 246 53
253 246 54
253 246 55
253 246 56
253 246 57
254 247 58
253 248 59
253 248 60
253 249 61
252 250 62
251 250 63
251 250 64
251 250 65
250 249 66
250 248 67
250 248 68
250 248 69
250 249 70
249 249 71
249 249 72
248 248 73
247 248 74
248 247 75
248 246 76
249 245 77
250 244 78
249 243 79
249 242 80
248 242 81
247 243 82
248 244 83
249 244 84
250 244 85
251 243 86
252 244 87
253 245 88
253 245 89
253 245 90
253 245 91
252 244 92
253 244 93
253 243 94
253 243 95
253 242 96
253 242 97
253 241 98
253 242 99
253 242 100
253 242 101
253 242 102
253 242 103
253 242 104
253 242 105
253 242 106
253 242 107
253 242 108
253 242 109
253 242 110
253 242 111
253 242 112
253 242 113
253 242 114
253 242 115
252 242 116
252 242 117
251 243 118
251 243 119
250 243 120
250 243 121
250 243 122
250 243 123
250 243 124
250 243 125
249 243 126
249 243 127
250 243 128
250 243 129
251 243 130
251 243 131
251 243 132
252 243 133
251 242 134
252 243 135
252 243 136
252 243 137
251 244 138
251 244 139
252 244 140
252 244 141
252 244 142
252 244 143
252 244 144
252 244 145
252 244 146
252 245 147
252 245 148
252 245 149
252 245 150
252 245 151
252 245 152
252 245 153
252 245 154
252 245 155
253 245 156
253 245 157
253 245 158
253 245 159
253 245 160
253 245 161
253 245 162
253 245 163
253 246 164
254 245 165
253 245 166
253 246 167
252 247 168
251 246 169
252 245 170
146
254 246 25
254 246 26
254 246 27
254 246 28
254 246 29
254 246 30
253 245 31
253 245 32
253 245 33
253 245 34
253 245 35
253 245 36
253 245 37
253 245 38
253 245 39
253 245 40
253 245 41
253 245 42
253 245 43
253 245 44
253 245 45
253 245 46
253 245 47
253 244 48
253 245 49
253 245 50
253 245 51
253 245 52
253 246 53
253 246 54
253 246 55
253 246 56
253 246 57
254 247 58
253 248 59
253 248 60
253 249 61
252 250 62
251 250 63
251 250 64
251 250 65
252 251 66
253 251 67
253 251 68
254 252 69
254 252 70
254 253 71
254 253 72
255 254 73
254 254 74
255 255 75
254 255 76
254 256 77
254 257 78
254 257 79
255 258 80
254 258 81
254 258 82
254 259 83
254 259 84
254 260 85
254 261 86
254 262 87
254 263 88
254 263 89
254 264 90
254 264 91
254 265 92
254 265 93
255 266 94
254 267 95
255 268 96
255 269 97
254 270 98
254 271 99
254 272 100
254 273 101
254 274 102
255 275 103
255 276 103
254 277 104
255 278 105
254 279 105
255 280 106
254 281 106
254 282 107
254 283 107
254 284 108
255 285 108
254 286 109
253 287 109
253 288 110
253 289 111
252 290 111
252 291 112
253 292 112
254 293 112
254 294 112
253 295 112
253 296 112
253 297 113
253 298 113
254 299 113
255 300 113
254 301 114
255 302 114
255 303 114
255 304 114
254 305 114
254 306 114
254 307 114
254 308 114
253 309 114
254 310 113
253 311 114
253 312 114
254 313 115
255 314 115
255 315 115
256 316 115
257 317 115
257 318 115
258 319 115
259 320 115
258 321 115
257 322 115
256 323 116
256 324 116
256 325 117
256 326 117
255 327 117
256 328 117
256 329 117
255 330 117
254 331 117
253 332 116
253 333 116
252 334 116
251 335 115
251 336 114
250 336 113
251 337 112
251 338 112
252 339 113
253 340 113
254 341 112
144
254 246 25
254 246 26
254 246 27
254 246 28
254 246 29
254 246 30
253 245 31
253 245 32
253 245 33
253 245 34
253 245 35
253 245 36
253 245 37
253 245 38
253 245 39
253 245 40
253 245 41
253 245 42
253 245 43
253 245 44
253 245 45
253 245 46
253 245 47
253 244 48
253 245 49
253 245 50
253 245 51
253 245 52
253 246 53
253 246 54
253 246 55
253 246 56
253 246 57
254 247 58
253 248 59
253 248 60
253 249 61
252 250 62
251 250 63
251 250 64
251 250 65
252 251 66
253 251 67
253 251 68
254 252 69
254 252 70
254 253 71
254 253 72
255 254 73
254 254 74
255 255 75
254 255 76
254 256 77
254 257 78
254 257 79
255 258 80
254 258 81
254 258 82
254 259 83
254 259 84
254 260 85
254 261 86
254 262 87
254 263 88
254 263 89
254 264 90
254 264 91
254 265 92
254 265 93
255 266 94
254 267 95
255 268 96
255 269 97
254 270 98
254 271 99
254 272 100
254 273 101
254 274 102
255 275 103
255 276 103
254 277 104
255 278 105
254 279 105
255 280 106
254 281 106
254 282 107
254 283 107
254 284 108
255 285 108
254 286 109
253 287 109
253 288 110
253 289 111
252 290 111
252 291 112
253 292 112
254 293 112
254 294 112
253 295 112
253 296 112
253 297 113
253 298 113
254 299 113
255 300 113
254 301 114
255 302 114
255 303 114
255 304 114
254 305 114
254 306 114
254 307 114
254 308 114
253 309 114
254 310 113
253 311 114
253 312 114
254 313 115
255 314 115
255 315 115
256 316 115
257 317 115
257 318 115
258 319 115
259 320 115
258 321 115
257 322 115
256 323 116
256 324 116
256 325 117
256 326 117
255 327 117
256 328 117
256 329 117
256 330 117
257 331 117
258 332 117
258 333 117
257 334 117
257 335 117
256 336 116
256 337 116
255 338 116
256 339 116
257 340 116
141
254 246 25
254 246 26
254 246 27
254 246 28
254 246 29
254 246 30
253 245 31
253 245 32
253 245 33
253 245 34
253 245 35
253 245 36
253 245 37
253 245 38
253 245 39
253 245 40
253 245 41
253 245 42
253 245 43
253 245 44
253 245 45
253 245 46
253 245 47
253 244 48
253 245 49
253 245 50
253 245 51
253 245 52
253 246 53
253 246 54
253 246 55
253 246 56
253 246 57
254 247 58
253 248 59
253 248 60
253 249 61
252 250 62
251 250 63
251 250 64
251 250 65
252 251 66
253 251 67
253 251 68
254 252 69
254 252 70
254 253 71
254 253 72
255 254 73
254 254 74
255 255 75
254 255 76
254 256 77
254 257 78
254 257 79
255 258 80
254 258 81
254 258 82
254 259 83
254 259 84
254 260 85
254 261 86
254 262 87
254 263 88
254 263 89
254 264 90
254 264 91
254 265 92
254 265 93
255 266 94
254 267 95
255 268 96
255 269 97
254 270 98
254 271 99
254 272 100
254 273 101
254 274 102
255 275 103
255 276 103
254 277 104
255 278 105
254 279 105
255 280 106
254 281 106
254 282 107
254 283 107
254 284 108
255 285 108
254 286 109
253 287 109
253 288 110
253 289 111
252 290 111
252 291 112
253 292 112
254 293 112
254 294 112
253 295 112
253 296 112
253 297 113
253 298 113
254 299 113
255 300 113
254 301 114
255 302 114
255 303 114
255 304 114
254 305 114
254 306 114
254 307 114
254 308 114
253 309 114
254 310 113
253 311 114
253 312 114
254 313 115
255 314 115
255 315 115
256 316 115
257 317 115
257 318 115
258 319 115
259 320 115
258 321 115
257 322 115
256 323 116
256 324 116
256 325 117
256 326 117
255 327 117
256 328 117
256 329 117
255 330 117
254 331 117
253 332 116
253 333 116
252 334 116
251 335 115
252 336 115
253 337 115
140
254 246 25
254 246 26
254 246 27
254 246 28
254 246 29
254 246 30
253 245 31
253 245 32
253 245 33
253 245 34
253 245 35
253 245 36
253 245 37
253 245 38
253 245 39
253 245 40
253 245 41
253 245 42
253 245 43
253 245 44
253 245 45
253 245 46
253 245 47
253 244 48
253 245 49
253 245 50
253 245 51
253 245 52
253 246 53
253 246 54
253 246 55
253 246 56
253 246 57
254 247 58
253 248 59
253 248 60
253 249 61
252 250 62
251 250 63
251 250 64
251 250 65
252 251 66
253 251 67
253 251 68
254 252 69
254 252 70
254 253 71
254 253 72
255 254 73
254 254 74
255 255 75
254 255 76
254 256 77
254 257 78
254 257 79
255 258 80
254 258 81
254 258 82
254 259 83
254 259 84
254 260 85
254 261 86
254 262 87
254 263 88
254 263 89
254 264 90
254 264 91
254 265 92
254 265 93
255 266 94
254 267 95
255 268 96
255 269 97
254 270 98
254 271 99
254 272 100
254 273 101
254 274 102
255 275 103
255 276 103
254 277 104
255 278 105
254 279 105
255 280 106
254 281 106
254 282 107
254 283 107
254 284 108
255 285 108
254 286 109
253 287 109
253 288 110
253 289 111
252 290 111
252 291 112
253 292 112
254 293 112
254 294 112
253 295 112
253 296 112
253 297 113
253 298 113
254 299 113
255 300 113
254 301 114
255 302 114
255 303 114
255 304 114
254 305 114
254 306 114
254 307 114
254 308 114
253 309 114
254 310 113
253 311 114
253 312 114
254 313 115
255 314 115
255 315 115
256 316 115
257 317 115
257 318 115
258 319 115
259 320 115
258 321 115
257 322 115
256 323 116
256 324 116
256 325 117
256 326 117
255 327 117
256 328 117
256 329 117
256 330 117
257 331 117
258 332 117
258 333 117
257 334 117
257 335 117
258 336 117
136
254 246 25
254 246 26
254 246 27
254 246 28
254 246 29
254 246 30
253 245 31
253 245 32
253 245 33
253 245 34
253 245 35
253 245 36
253 245 37
253 245 38
253 245 39
253 245 40
253 245 41
253 245 42
253 245 43
253 245 44
253 245 45
253 245 46
253 245 47
253 244 48
253 245 49
253 245 50
253 245 51
253 245 52
253 246 53
253 246 54
253 246 55
253 246 56
253 246 57
254 247 58
253 248 59
253 248 60
253 249 61
252 250 62
251 250 63
251 250 64
251 250 65
252 251 66
253 251 67
253 251 68
254 252 69
254 252 70
254 253 71
254 253 72
255 254 73
254 254 74
255 255 75
254 255 76
254 256 77
254 257 78
254 257 79
255 258 80
254 258 81
254 258 82
254 259 83
254 259 84
254 260 85
254 261 86
254 262 87
254 263 88
254 263 89
254 264 90
254 264 91
254 265 92
254 265 93
255 266 94
254 267 95
255 268 96
255 269 97
254 270 98
254 271 99
254 272 100
254 273 101
254 274 102
255 275 103
255 276 103
254 277 104
255 278 105
254 279 105
255 280 106
254 281 106
254 282 107
254 283 107
254 284 108
255 285 108
254 286 109
253 287 109
253 288 110
253 289 111
252 290 111
252 291 112
253 292 112
254 293 112
254 294 112
253 295 112
253 296 112
253 297 113
253 298 113
254 299 113
255 300 113
254 301 114
255 302 114
255 303 114
255 304 114
254 305 114
254 306 114
254 307 114
254 308 114
253 309 114
254 310 113
253 311 114
253 312 114
254 313 115
255 314 115
255 315 115
256 316 115
257 317 115
257 318 115
258 319 115
259 320 115
258 321 115
257 322 115
256 323 116
256 324 116
256 325 117
256 326 117
255 327 117
256 328 117
256 329 117
255 330 117
254 331 117
255 332 117
132
254 246 25
254 246 26
254 246 27
254 246 28
254 246 29
254 246 30
253 245 31
253 245 32
253 245 33
253 245 34
253 245 35
253 245 36
253 245 37
253 245 38
253 245 39
253 245 40
253 245 41
253 245 42
253 245 43
253 245 44
253 245 45
253 245 46
253 245 47
253 244 48
253 245 49
253 245 50
253 245 51
253 245 52
253 246 53
253 246 54
253 246 55
253 246 56
253 246 57
254 247 58
253 248 59
253 248 60
253 249 61
252 250 62
251 250 63
251 250 64
251 250 65
252 251 66
253 251 67
253 251 68
254 252 69
254 252 70
254 253 71
254 253 72
255 254 73
254 254 74
255 255 75
254 255 76
254 256 77
254 257 78
254 257 79
255 258 80
254 258 81
254 258 82
254 259 83
254 259 84
254 260 85
254 261 86
254 262 87
254 263 88
254 263 89
254 264 90
254 264 91
254 265 92
254 265 93
255 266 94
254 267 95
255 268 96
255 269 97
254 270 98
254 271 99
254 272 100
254 273 101
254 274 102
255 275 103
255 276 103
254 277 104
255 278 105
254 279 105
255 280 106
254 281 106
254 282 107
254 283 107
254 284 108
255 285 108
254 286 109
253 287 109
253 288 110
253 289 111
252 290 111
252 291 112
253 292 112
254 293 112
254 294 112
253 295 112
253 296 112
253 297 113
253 298 113
254 299 113
255 300 113
254 301 114
255 302 114
255 303 114
255 304 114
254 305 114
254 306 114
254 307 114
254 308 114
253 309 114
254 310 113
253 311 114
253 312 114
254 313 115
255 314 115
255 315 115
256 316 115
257 317 115
257 318 115
258 319 115
259 320 115
258 321 115
257 322 115
256 323 116
256 324 116
256 325 117
254 325 117
253 324 117
252 324 117
130
254 246 25
254 246 26
254 246 27
254 246 28
254 246 29
254 246 30
253 245 31
253 245 32
253 245 33
253 245 34
253 245 35
253 245 36
253 245 37
253 245 38
253 245 39
253 245 40
253 245 41
253 245 42
253 245 43
253 245 44
253 245 45
253 245 46
253 245 47
253 244 48
253 245 49
253 245 50
253 245 51
253 245 52
253 246 53
253 246 54
253 246 55
253 246 56
253 246 57
254 247 58
253 248 59
253 248 60
253 249 61
252 250 62
251 250 63
251 250 64
251 250 65
252 251 66
253 251 67
253 251 68
254 252 69
254 252 70
254 253 71
254 253 72
255 254 73
254 254 74
255 255 75
254 255 76
254 256 77
254 257 78
254 257 79
255 258 80
254 258 81
254 258 82
254 259 83
254 259 84
254 260 85
254 261 86
254 262 87
254 263 88
254 263 89
254 264 90
254 264 91
254 265 92
254 265 93
255 266 94
254 267 95
255 268 96
255 269 97
254 270 98
254 271 99
254 272 100
254 273 101
254 274 102
255 275 103
255 276 103
254 277 104
255 278 105
254 279 105
255 280 106
254 281 106
254 282 107
254 283 107
254 284 108
255 285 108
254 286 109
253 287 109
253 288 110
253 289 111
252 290 111
252 291 112
253 292 112
254 293 112
254 294 112
253 295 112
253 296 112
253 297 113
253 298 113
254 299 113
255 300 113
254 301 114
255 302 114
255 303 114
255 304 114
254 305 114
254 306 114
254 307 114
254 308 114
253 309 114
254 310 113
253 311 114
253 312 114
254 313 115
255 314 115
255 315 115
256 316 115
257 317 115
257 318 115
258 319 115
259 320 115
258 321 115
259 322 114
259 323 114
259 324 115
259 325 116
258 326 117
123
254 246 25
254 246 26
254 246 27
254 246 28
254 246 29
254 246 30
253 245 31
253 245 32
253 245 33
253 245 34
253 245 35
253 245 36
253 245 37
253 245 38
253 245 39
253 245 40
253 245 41
253 245 42
253 245 43
253 245 44
253 245 45
253 245 46
253 245 47
253 244 48
253 245 49
253 245 50
253 245 51
253 245 52
253 246 53
253 246 54
253 246 55
253 246 56
253 246 57
254 247 58
253 248 59
253 248 60
253 249 61
252 250 62
251 250 63
251 250 64
251 250 65
252 251 66
253 251 67
253 251 68
254 252 69
254 252 70
254 253 71
254 253 72
255 254 73
254 254 74
255 255 75
254 255 76
254 256 77
254 257 78
254 257 79
255 258 80
254 258 81
254 258 82
254 259 83
254 259 84
254 260 85
254 261 86
254 262 87
254 263 88
254 263 89
254 264 90
254 264 91
254 265 92
254 265 93
255 266 94
254 267 95
255 268 96
255 269 97
254 270 98
254 271 99
254 272 100
254 273 101
254 274 102
255 275 103
255 276 103
254 277 104
255 278 105
254 279 105
255 280 106
254 281 106
254 282 107
254 283 107
254 284 108
255 285 108
254 286 109
253 287 109
253 288 110
253 289 111
252 290 111
252 291 112
253 292 112
254 293 112
254 294 112
253 295 112
253 296 112
253 297 113
253 298 113
254 299 113
255 300 113
254 301 114
255 302 114
255 303 114
255 304 114
254 305 114
254 306 114
254 307 114
254 308 114
253 309 114
254 310 113
253 311 114
253 312 114
254 313 115
255 314 115
255 315 115
256 316 115
257 317 115
257 318 115
248 318 116
114
254 246 25
254 246 26
254 246 27
254 246 28
254 246 29
254 246 30
253 245 31
253 245 32
253 245 33
253 245 34
253 245 35
253 245 36
253 245 37
253 245 38
253 245 39
253 245 40
253 245 41
253 245 42
253 245 43
253 245 44
253 245 45
253 245 46
253 245 47
253 244 48
253 245 49
253 245 50
253 245 51
253 245 52
253 246 53
253 246 54
253 246 55
253 246 56
253 246 57
254 247 58
253 248 59
253 248 60
253 249 61
252 250 62
251 250 63
251 250 64
251 250 65
250 249 66
250 248 67
250 248 68
250 248 69
250 249 70
249 249 71
249 249 72
248 248 73
247 248 74
248 247 75
248 246 76
249 245 77
250 244 78
249 243 79
249 242 80
248 242 81
247 243 82
248 244 83
249 244 84
250 244 85
251 243 86
252 244 87
253 245 88
253 245 89
253 245 90
253 245 91
252 244 92
253 244 93
253 243 94
253 243 95
253 242 96
253 242 97
253 241 98
253 242 99
253 242 100
253 242 101
253 242 102
253 242 103
253 242 104
253 242 105
253 242 106
253 242 107
253 242 108
253 242 109
253 242 110
253 242 111
253 242 112
253 242 113
253 242 114
253 242 115
252 242 116
252 242 117
251 243 118
251 243 119
250 243 120
250 243 121
250 243 122
250 243 123
250 243 124
250 243 125
249 243 126
249 243 127
250 243 128
250 243 129
251 243 130
251 243 131
251 243 132
252 243 133
251 242 134
252 241 134
253 240 134
254 239 134
255 239 134
113
254 246 25
254 246 26
254 246 27
254 246 28
254 246 29
254 246 30
253 245 31
253 245 32
253 245 33
253 245 34
253 245 35
253 245 36
253 245 37
253 245 38
253 245 39
253 245 40
253 245 41
253 245 42
253 245 43
253 245 44
253 245 45
253 245 46
253 245 47
253 244 48
253 245 49
253 245 50
253 245 51
253 245 52
253 246 53
253 246 54
253 246 55
253 246 56
253 246 57
254 247 58
253 248 59
253 248 60
253 249 61
252 250 62
251 250 63
251 250 64
251 250 65
250 249 66
250 248 67
250 248 68
250 248 69
250 249 70
249 249 71
249 249 72
248 248 73
247 248 74
248 247 75
248 246 76
249 245 77
250 244 78
249 243 79
249 242 80
248 242 81
247 243 82
248 244 83
249 244 84
250 244 85
251 243 86
252 244 87
253 245 88
253 245 89
253 245 90
253 245 91
252 244 92
253 244 93
253 243 94
253 243 95
253 242 96
253 242 97
253 241 98
253 242 99
253 242 100
253 242 101
253 242 102
253 242 103
253 242 104
253 242 105
253 242 106
253 242 107
253 242 108
253 242 109
253 242 110
253 242 111
253 242 112
253 242 113
253 242 114
253 242 115
252 242 116
252 242 117
251 243 118
251 243 119
250 243 120
250 243 121
250 243 122
250 243 123
250 243 124
250 243 125
249 243 126
249 243 127
250 243 128
250 243 129
251 243 130
251 243 131
251 243 132
252 243 133
253 243 134
254 242 134
255 241 134
256 240 134
105
254 246 25
254 246 26
254 246 27
254 246 28
254 246 29
254 246 30
253 245 31
253 245 32
253 245 33
253 245 34
253 245 35
253 245 36
253 245 37
253 245 38
253 245 39
253 245 40
253 245 41
253 245 42
253 245 43
253 245 44
253 245 45
253 245 46
253 245 47
253 244 48
253 245 49
253 245 50
253 245 51
253 245 52
253 246 53
253 246 54
253 246 55
253 246 56
253 246 57
254 247 58
253 248 59
253 248 60
253 249 61
252 250 62
251 250 63
251 250 64
251 250 65
252 251 66
253 251 67
253 251 68
254 252 69
254 252 70
254 253 71
254 253 72
255 254 73
254 254 74
255 255 75
254 255 76
254 256 77
254 257 78
254 257 79
255 258 80
254 258 81
254 258 82
254 259 83
254 259 84
254 260 85
254 261 86
254 262 87
254 263 88
254 263 89
254 264 90
254 264 91
254 265 92
254 265 93
255 266 94
254 267 95
255 268 96
255 269 97
254 270 98
254 271 99
254 272 100
254 273 101
254 274 102
255 275 103
255 276 103
254 277 104
255 278 105
254 279 105
255 280 106
254 281 106
254 282 107
254 283 107
254 284 108
255 285 108
254 286 109
253 287 109
253 288 110
253 289 111
252 290 111
252 291 112
253 292 112
254 293 112
254 294 112
253 295 112
253 296 112
253 297 113
253 298 113
254 299 113
255 300 113
256 300 113
104
254 246 25
254 246 26
254 246 27
254 246 28
254 246 29
254 246 30
253 245 31
253 245 32
253 245 33
253 245 34
253 245 35
253 245 36
253 245 37
253 245 38
253 245 39
253 245 40
253 245 41
253 245 42
253 245 43
253 245 44
253 245 45
253 245 46
253 245 47
253 244 48
253 245 49
253 245 50
253 245 51
253 245 52
253 246 53
253 246 54
253 246 55
253 246 56
253 246 57
254 247 58
253 248 59
253 248 60
253 249 61
252 250 62
251 250 63
251 250 64
251 250 65
252 251 66
253 251 67
253 251 68
254 252 69
254 252 70
254 253 71
254 253 72
255 254 73
254 254 74
255 255 75
254 255 76
254 256 77
254 257 78
254 257 79
255 258 80
254 258 81
254 258 82
254 259 83
254 259 84
254 260 85
254 261 86
254 262 87
254 263 88
254 263 89
254 264 90
254 264 91
254 265 92
254 265 93
255 266 94
254 267 95
255 268 96
255 269 97
254 270 98
254 271 99
254 272 100
254 273 101
254 274 102
255 275 103
255 276 103
254 277 104
255 278 105
254 279 105
255 280 106
254 281 106
254 282 107
254 283 107
254 284 108
255 285 108
254 286 109
253 287 109
253 288 110
253 289 111
252 290 111
252 291 112
253 292 112
254 293 112
255 293 112
256 294 112
257 295 112
257 296 112
257 297 112
257 298 113
257 299 113
98
254 246 25
254 246 26
254 246 27
254 246 28
254 246 29
254 246 30
253 245 31
253 245 32
253 245 33
253 245 34
253 245 35
253 245 36
253 245 37
253 245 38
253 245 39
253 245 40
253 245 41
253 245 42
253 245 43
253 245 44
253 245 45
253 245 46
253 245 47
253 244 48
253 245 49
253 245 50
253 245 51
253 245 52
253 246 53
253 246 54
253 246 55
253 246 56
253 246 57
254 247 58
253 248 59
253 248 60
253 249 61
252 250 62
251 250 63
251 250 64
251 250 65
252 251 66
253 251 67
253 251 68
254 252 69
254 252 70
254 253 71
254 253 72
255 254 73
254 254 74
255 255 75
254 255 76
254 256 77
254 257 78
254 257 79
255 258 80
254 258 81
254 258 82
254 259 83
254 259 84
254 260 85
254 261 86
254 262 87
254 263 88
254 263 89
254 264 90
254 264 91
254 265 92
254 265 93
255 266 94
254 267 95
255 268 96
255 269 97
254 270 98
254 271 99
254 272 100
254 273 101
254 274 102
255 275 103
255 276 103
254 277 104
255 278 105
254 279 105
255 280 106
254 281 106
254 282 107
254 283 107
254 284 108
255 285 108
256 286 109
257 286 110
257 287 111
257 288 111
258 289 111
259 290 111
258 291 112
257 292 111
256 292 111
97
254 246 25
254 246 26
254 246 27
254 246 28
254 246 29
254 246 30
253 245 31
253 245 32
253 245 33
253 245 34
253 245 35
253 245 36
253 245 37
253 245 38
253 245 39
253 245 40
253 245 41
253 245 42
253 245 43
253 245 44
253 245 45
253 245 46
253 245 47
253 244 48
253 245 49
253 245 50
253 245 51
253 245 52
253 246 53
253 246 54
253 246 55
253 246 56
253 246 57
254 247 58
253 248 59
253 248 60
253 249 61
252 250 62
251 250 63
251 250 64
251 250 65
252 251 66
253 251 67
253 251 68
254 252 69
254 252 70
254 253 71
254 253 72
255 254 73
254 254 74
255 255 75
254 255 76
254 256 77
254 257 78
254 257 79
255 258 80
254 258 81
254 258 82
254 259 83
254 259 84
254 260 85
254 261 86
254 262 87
254 263 88
254 263 89
254 264 90
254 264 91
254 265 92
254 265 93
255 266 94
254 267 95
255 268 96
255 269 97
254 270 98
254 271 99
254 272 100
254 273 101
254 274 102
255 275 103
255 276 103
254 277 104
255 278 105
254 279 105
255 280 106
254 281 106
254 282 107
254 283 107
254 284 108
255 285 108
256 286 109
257 286 110
257 287 111
257 288 111
258 289 111
259 290 111
260 291 112
260 292 112
96
254 246 25
254 246 26
254 246 27
254 246 28
254 246 29
254 246 30
253 245 31
253 245 32
253 245 33
253 245 34
253 245 35
253 245 36
253 245 37
253 245 38
253 245 39
253 245 40
253 245 41
253 245 42
253 245 43
253 245 44
253 245 45
253 245 46
253 245 47
253 244 48
253 245 49
253 245 50
253 245 51
253 245 52
253 246 53
253 246 54
253 246 55
253 246 56
253 246 57
254 247 58
253 248 59
253 248 60
253 249 61
252 250 62
251 250 63
251 250 64
251 250 65
250 249 66
250 248 67
250 248 68
250 248 69
250 249 70
249 249 71
249 249 72
248 248 73
247 248 74
248 247 75
248 246 76
249 245 77
250 244 78
249 243 79
249 242 80
248 242 81
247 243 82
248 244 83
249 244 84
250 244 85
251 243 86
252 244 87
253 245 88
253 245 89
253 245 90
253 245 91
254 245 92
255 245 92
256 246 93
257 247 94
258 247 95
257 248 96
258 248 97
258 249 98
259 249 99
260 250 100
260 249 101
261 248 100
262 247 101
262 246 102
263 245 103
263 244 103
262 243 104
262 242 105
262 242 106
262 242 107
262 242 108
262 242 109
262 242 110
262 242 111
262 242 112
262 242 113
262 242 114
262 242 115
263 242 116
87
254 246 25
254 246 26
254 246 27
254 246 28
254 246 29
254 246 30
253 245 31
253 245 32
253 245 33
253 245 34
253 245 35
253 245 36
253 245 37
253 245 38
253 245 39
253 245 40
253 245 41
253 245 42
253 245 43
253 245 44
253 245 45
253 245 46
253 245 47
253 244 48
253 245 49
253 245 50
253 245 51
253 245 52
253 246 53
253 246 54
253 246 55
253 246 56
253 246 57
254 247 58
253 248 59
253 248 60
253 249 61
252 250 62
251 250 63
251 250 64
251 250 65
250 249 66
250 248 67
250 248 68
250 248 69
250 249 70
249 249 71
249 249 72
248 248 73
247 248 74
248 247 75
248 246 76
249 245 77
250 244 78
249 243 79
249 242 80
248 242 81
247 243 82
248 244 83
249 244 84
250 244 85
251 243 86
252 244 87
253 245 88
253 245 89
253 245 90
253 245 91
252 244 92
251 243 92
251 242 93
251 241 94
251 242 95
251 241 96
251 241 97
251 241 98
251 241 99
251 241 100
251 242 101
250 243 101
249 244 101
249 245 101
249 246 101
249 247 101
249 248 102
249 249 103
249 249 104
249 250 105
84
254 246 25
254 246 26
254 246 27
254 246 28
254 246 29
254 246 30
253 245 31
253 245 32
253 245 33
253 245 34
253 245 35
253 245 36
253 245 37
253 245 38
253 245 39
253 245 40
253 245 41
253 245 42
253 245 43
253 245 44
253 245 45
253 245 46
253 245 47
253 244 48
253 245 49
253 245 50
253 245 51
253 245 52
253 246 53
253 246 54
253 246 55
253 246 56
253 246 57
254 247 58
253 248 59
253 248 60
253 249 61
252 250 62
251 250 63
251 250 64
251 250 65
250 249 66
250 248 67
250 248 68
250 248 69
250 249 70
249 249 71
249 249 72
248 248 73
247 248 74
248 247 75
248 246 76
249 245 77
250 244 78
249 243 79
249 242 80
248 242 81
247 243 82
248 244 83
249 244 84
250 244 85
251 243 86
252 244 87
253 245 88
253 245 89
253 245 90
253 245 91
254 245 92
255 245 92
256 246 93
257 247 94
258 247 95
257 248 96
258 248 97
258 249 98
259 249 99
260 250 100
260 249 101
259 250 102
260 249 103
261 248 103
262 247 104
263 247 104
264 248 103
83
254 246 25
254 246 26
254 246 27
254 246 28
254 246 29
254 246 30
253 245 31
253 245 32
253 245 33
253 245 34
253 245 35
253 245 36
253 245 37
253 245 38
253 245 39
253 245 40
253 245 41
253 245 42
253 245 43
253 245 44
253 245 45
253 245 46
253 245 47
253 244 48
253 245 49
253 245 50
253 245 51
253 245 52
253 246 53
253 246 54
253 246 55
253 246 56
253 246 57
254 247 58
253 248 59
253 248 60
253 249 61
252 250 62
251 250 63
251 250 64
251 250 65
250 249 66
250 248 67
250 248 68
250 248 69
250 249 70
249 249 71
249 249 72
248 248 73
247 248 74
248 247 75
248 246 76
249 245 77
250 244 78
249 243 79
249 242 80
248 242 81
247 243 82
248 244 83
249 244 84
250 244 85
251 243 86
252 244 87
253 245 88
253 245 89
253 245 90
253 245 91
254 245 92
255 245 92
256 246 93
257 247 94
258 247 95
259 246 95
260 245 96
261 245 96
262 246 95
263 246 95
264 246 94
265 246 93
265 246 92
266 246 91
266 246 90
266 247 89
83
254 246 25
254 246 26
254 246 27
254 246 28
254 246 29
254 246 30
253 245 31
253 245 32
253 245 33
253 245 34
253 245 35
253 245 36
253 245 37
253 245 38
253 245 39
253 245 40
253 245 41
253 245 42
253 245 43
253 245 44
253 245 45
253 245 46
253 245 47
253 244 48
253 245 49
253 245 50
253 245 51
253 245 52
253 246 53
253 246 54
253 246 55
253 246 56
253 246 57
254 247 58
253 248 59
253 248 60
253 249 61
252 250 62
251 250 63
251 250 64
251 250 65
250 249 66
250 248 67
250 248 68
250 248 69
250 249 70
249 249 71
249 249 72
248 248 73
247 248 74
248 247 75
248 246 76
249 245 77
250 244 78
249 243 79
249 242 80
248 242 81
247 243 82
248 244 83
249 244 84
250 244 85
251 243 86
252 244 87
253 245 88
253 245 89
253 245 90
253 245 91
254 245 92
255 245 92
256 246 93
257 247 94
258 247 95
257 248 96
258 248 97
258 249 98
259 249 99
260 250 100
260 249 101
261 248 100
262 247 99
263 248 100
264 249 101
265 249 102
83
254 246 25
254 246 26
254 246 27
254 246 28
254 246 29
254 246 30
253 245 31
253 245 32
253 245 33
253 245 34
253 245 35
253 245 36
253 245 37
253 245 38
253 245 39
253 245 40
253 245 41
253 245 42
253 245 43
253 245 44
253 245 45
253 245 46
253 245 47
253 244 48
253 245 49
253 245 50
253 245 51
253 245 52
253 246 53
253 246 54
253 246 55
253 246 56
253 246 57
254 247 58
253 248 59
253 248 60
253 249 61
252 250 62
251 250 63
251 250 64
251 250 65
250 249 66
250 248 67
250 248 68
250 248 69
250 249 70
249 249 71
249 249 72
248 248 73
247 248 74
248 247 75
248 246 76
249 245 77
250 244 78
249 243 79
249 242 80
248 242 81
247 243 82
248 244 83
249 244 84
250 244 85
251 243 86
252 244 87
253 245 88
253 245 89
253 245 90
253 245 91
254 245 92
255 245 92
256 246 93
257 247 94
258 247 95
257 248 96
258 248 97
258 249 98
259 249 99
260 250 100
260 249 101
259 250 102
260 249 103
259 250 104
259 251 105
259 252 104
82
254 246 25
254 246 26
254 246 27
254 246 28
254 246 29
254 246 30
253 245 31
253 245 32
253 245 33
253 245 34
253 245 35
253 245 36
253 245 37
253 245 38
253 245 39
253 245 40
253 245 41
253 245 42
253 245 43
253 245 44
253 245 45
253 245 46
253 245 47
253 244 48
253 245 49
253 245 50
253 245 51
253 245 52
253 246 53
253 246 54
253 246 55
253 246 56
253 246 57
254 247 58
253 248 59
253 248 60
253 249 61
252 250 62
251 250 63
251 250 64
251 250 65
250 249 66
250 248 67
250 248 68
250 248 69
250 249 70
249 249 71
249 249 72
248 248 73
247 248 74
248 247 75
248 246 76
249 245 77
250 244 78
249 243 79
249 242 80
248 242 81
247 243 82
248 244 83
249 244 84
250 244 85
251 243 86
252 244 87
253 245 88
253 245 89
253 245 90
253 245 91
254 245 92
255 245 92
256 246 93
257 247 94
258 247 95
257 248 96
258 248 97
258 249 98
259 249 99
260 250 100
261 251 100
261 252 100
262 253 101
261 254 102
260 253 103
80
254 246 25
254 246 26
254 246 27
254 246 28
254 246 29
254 246 30
253 245 31
253 245 32
253 245 33
253 245 34
253 245 35
253 245 36
253 245 37
253 245 38
253 245 39
253 245 40
253 245 41
253 245 42
253 245 43
253 245 44
253 245 45
253 245 46
253 245 47
253 244 48
253 245 49
253 245 50
253 245 51
253 245 52
253 246 53
253 246 54
253 246 55
253 246 56
253 246 57
254 247 58
253 248 59
253 248 60
253 249 61
252 250 62
251 250 63
251 250 64
251 250 65
250 249 66
250 248 67
250 248 68
250 248 69
250 249 70
249 249 71
249 249 72
248 248 73
247 248 74
248 247 75
248 246 76
249 245 77
250 244 78
249 243 79
249 242 80
248 242 81
247 243 82
248 244 83
249 244 84
250 244 85
251 243 86
252 244 87
253 245 88
253 245 89
253 245 90
253 245 91
254 245 92
255 245 92
256 246 93
257 247 94
258 247 95
257 248 96
258 248 97
258 249 98
259 249 99
260 250 100
261 251 100
262 251 100
263 251 100
76
254 246 25
254 246 26
254 246 27
254 246 28
254 246 29
254 246 30
253 245 31
253 245 32
253 245 33
253 245 34
253 245 35
253 245 36
253 245 37
253 245 38
253 245 39
253 245 40
253 245 41
253 245 42
253 245 43
253 245 44
253 245 45
253 245 46
253 245 47
253 244 48
253 245 49
253 245 50
253 245 51
253 245 52
253 246 53
253 246 54
253 246 55
253 246 56
253 246 57
254 247 58
253 248 59
253 248 60
253 249 61
252 250 62
251 250 63
251 250 64
251 250 65
250 249 66
250 248 67
250 248 68
250 248 69
250 249 70
249 249 71
249 249 72
248 248 73
247 248 74
248 247 75
248 246 76
249 245 77
250 244 78
249 243 79
249 242 80
248 242 81
247 243 82
248 244 83
249 244 84
250 244 85
251 243 86
252 244 87
253 245 88
253 245 89
253 245 90
253 245 91
252 244 92
251 243 92
251 242 93
251 241 94
251 240 93
252 239 93
253 238 93
254 237 93
255 237 94
76
254 246 25
254 246 26
254 246 27
254 246 28
254 246 29
254 246 30
253 245 31
253 245 32
253 245 33
253 245 34
253 245 35
253 245 36
253 245 37
253 245 38
253 245 39
253 245 40
253 245 41
253 245 42
253 245 43
253 245 44
253 245 45
253 245 46
253 245 47
253 244 48
253 245 49
253 245 50
253 245 51
253 245 52
253 246 53
253 246 54
253 246 55
253 246 56
253 246 57
254 247 58
253 248 59
253 248 60
253 249 61
252 250 62
251 250 63
251 250 64
251 250 65
250 249 66
250 248 67
250 248 68
250 248 69
250 249 70
249 249 71
249 249 72
248 248 73
247 248 74
248 247 75
248 246 76
249 245 77
250 244 78
249 243 79
249 242 80
248 242 81
247 243 82
248 244 83
249 244 84
250 244 85
251 243 86
252 244 87
253 245 88
253 245 89
253 245 90
253 245 91
254 245 92
255 245 92
256 244 92
257 243 92
258 242 93
258 241 93
258 240 94
257 239 94
256 238 94
56
254 246 25
254 246 26
254 246 27
254 246 28
254 246 29
254 246 30
253 245 31
253 245 32
253 245 33
253 245 34
253 245 35
253 245 36
253 245 37
253 245 38
253 245 39
253 245 40
253 245 41
253 245 42
253 245 43
253 245 44
253 245 45
253 245 46
253 245 47
253 244 48
253 245 49
253 245 50
253 245 51
253 245 52
253 246 53
253 246 54
253 246 55
253 246 56
253 246 57
254 247 58
253 248 59
253 248 60
253 249 61
252 250 62
251 250 63
251 250 64
251 250 65
252 251 66
253 251 67
253 251 68
254 252 69
254 252 70
254 253 71
254 253 72
255 254 73
256 253 73
257 253 73
258 252 74
259 251 75
259 251 76
260 251 77
259 252 78
53
254 246 25
254 246 26
254 246 27
254 246 28
254 246 29
254 246 30
253 245 31
253 245 32
253 245 33
253 245 34
253 245 35
253 245 36
253 245 37
253 245 38
253 245 39
253 245 40
253 245 41
253 245 42
253 245 43
253 245 44
253 245 45
253 245 46
253 245 47
253 244 48
253 245 49
253 245 50
253 245 51
253 245 52
253 246 53
253 246 54
253 246 55
253 246 56
253 246 57
254 247 58
254 246 59
254 245 59
254 244 60
254 244 61
254 243 62
255 243 63
255 243 64
255 243 65
254 243 66
254 243 67
254 243 68
254 243 69
254 243 70
254 243 71
254 243 72
254 243 73
255 244 74
255 244 75
254 244 76
52
254 246 25
254 246 26
254 246 27
254 246 28
254 246 29
254 246 30
253 245 31
253 245 32
253 245 33
253 245 34
253 245 35
253 245 36
253 245 37
253 245 38
253 245 39
253 245 40
253 245 41
253 245 42
253 245 43
253 245 44
253 245 45
253 245 46
253 245 47
253 244 48
253 245 49
253 245 50
253 245 51
253 245 52
253 246 53
253 246 54
253 246 55
253 246 56
253 246 57
254 247 58
254 246 59
254 245 59
254 244 60
254 244 61
254 243 62
255 243 63
255 243 64
255 243 65
254 243 66
254 243 67
254 243 68
254 243 69
254 243 70
254 243 71
254 243 72
254 243 73
255 244 74
256 243 73
52
254 246 25
254 246 26
254 246 27
254 246 28
254 246 29
254 246 30
253 245 31
253 245 32
253 245 33
253 245 34
253 245 35
253 245 36
253 245 37
253 245 38
253 245 39
253 245 40
253 245 41
253 245 42
253 245 43
253 245 44
253 245 45
253 245 46
253 245 47
253 244 48
253 245 49
253 245 50
253 245 51
253 245 52
253 246 53
253 246 54
253 246 55
253 246 56
253 246 57
254 247 58
254 246 59
254 245 59
254 244 60
254 244 61
254 243 62
255 243 63
255 243 64
255 243 65
256 244 66
256 245 67
257 246 68
258 247 68
259 248 69
260 248 70
259 247 71
258 246 71
257 245 71
256 244 72
52
254 246 25
254 246 26
254 246 27
254 246 28
254 246 29
254 246 30
253 245 31
253 245 32
253 245 33
253 245 34
253 245 35
253 245 36
253 245 37
253 245 38
253 245 39
253 245 40
253 245 41
253 245 42
253 245 43
253 245 44
253 245 45
253 245 46
253 245 47
253 244 48
253 245 49
253 245 50
253 245 51
253 245 52
253 246 53
253 246 54
253 246 55
253 246 56
253 246 57
254 247 58
254 246 59
254 245 59
254 244 60
254 244 61
254 243 62
255 243 63
255 243 64
255 243 65
256 244 66
256 245 67
257 246 68
258 247 68
259 248 69
260 248 70
259 249 71
259 249 72
259 249 73
259 250 74
51
254 246 25
254 246 26
254 246 27
254 246 28
254 246 29
254 246 30
253 245 31
253 245 32
253 245 33
253 245 34
253 245 35
253 245 36
253 245 37
253 245 38
253 245 39
253 245 40
253 245 41
253 245 42
253 245 43
253 245 44
253 245 45
253 245 46
253 245 47
253 244 48
253 245 49
253 245 50
253 245 51
253 245 52
253 246 53
253 246 54
253 246 55
253 246 56
253 246 57
254 247 58
253 248 59
253 248 60
253 249 61
252 250 62
251 250 63
251 250 64
251 250 65
250 249 66
250 248 67
250 248 68
250 248 69
250 249 70
249 249 71
250 248 72
251 249 73
250 249 74
249 250 75
49
254 246 25
254 246 26
254 246 27
254 246 28
254 246 29
254 246 30
253 245 31
253 245 32
253 245 33
253 245 34
253 245 35
253 245 36
253 245 37
253 245 38
253 245 39
253 245 40
253 245 41
253 245 42
253 245 43
253 245 44
253 245 45
253 245 46
253 245 47
253 244 48
253 245 49
253 245 50
253 245 51
253 245 52
253 246 53
253 246 54
253 246 55
253 246 56
253 246 57
254 247 58
253 248 59
253 248 60
253 249 61
252 250 62
251 250 63
251 250 64
251 250 65
252 251 66
253 251 67
253 251 68
254 252 69
255 252 69
256 252 69
257 251 69
258 250 70
44
254 246 25
254 246 26
254 246 27
254 246 28
254 246 29
254 246 30
253 245 31
253 245 32
253 245 33
253 245 34
253 245 35
253 245 36
253 245 37
253 245 38
253 245 39
253 245 40
253 245 41
253 245 42
253 245 43
253 245 44
253 245 45
253 245 46
253 245 47
253 244 48
253 245 49
253 245 50
253 245 51
253 245 52
253 246 53
253 246 54
253 246 55
253 246 56
253 246 57
254 247 58
253 248 59
253 248 60
253 249 61
252 250 62
251 250 63
251 250 64
251 250 65
250 249 66
249 250 67
250 251 67
43
254 246 25
254 246 26
254 246 27
254 246 28
254 246 29
254 246 30
253 245 31
253 245 32
253 245 33
253 245 34
253 245 35
253 245 36
253 245 37
253 245 38
253 245 39
253 245 40
253 245 41
253 245 42
253 245 43
253 245 44
253 245 45
253 245 46
253 245 47
253 244 48
253 245 49
253 245 50
253 245 51
253 245 52
253 246 53
253 246 54
253 246 55
253 246 56
253 246 57
254 247 58
253 248 59
253 248 60
253 249 61
252 250 62
251 250 63
251 250 64
251 250 65
252 251 66
251 251 67
