51
255
251 259 24
250 259 25
251 259 26
251 259 27
250 259 28
250 259 29
251 260 30
250 260 31
250 260 32
250 260 33
250 260 34
250 261 35
250 261 36
250 261 37
249 262 38
250 262 39
250 262 40
250 262 41
251 262 42
250 263 43
251 262 44
251 262 45
251 262 46
251 262 47
250 262 48
250 262 49
251 263 50
251 263 51
251 263 52
251 263 53
251 263 54
251 263 55
251 263 56
252 263 57
251 264 58
250 264 59
250 264 60
250 264 61
250 264 62
250 264 63
250 264 64
250 264 65
249 264 66
249 265 67
249 266 68
249 266 69
250 267 70
249 267 71
250 268 72
249 268 73
249 268 74
250 268 75
250 267 76
250 267 77
250 267 78
251 268 79
250 267 80
250 267 81
249 267 82
250 267 83
250 267 84
250 267 85
250 268 86
250 268 87
251 269 88
250 268 89
249 268 90
250 268 91
251 269 92
250 269 93
251 268 94
250 268 95
250 269 96
251 270 97
251 270 98
251 270 99
251 270 100
252 271 101
252 271 102
252 271 103
252 271 104
252 271 105
252 271 106
251 272 107
250 272 108
250 273 109
250 273 110
249 273 111
250 274 112
250 274 113
249 273 114
249 273 115
250 274 116
249 274 117
250 275 118
250 275 119
249 275 120
249 275 121
249 275 122
249 276 123
249 276 124
249 276 125
250 277 126
250 277 127
249 277 128
249 277 129
249 277 130
249 277 131
249 277 132
249 277 133
249 277 134
248 278 135
248 278 136
248 278 137
247 278 138
246 279 139
246 280 140
246 280 141
245 281 142
245 282 143
245 282 144
245 283 145
245 283 146
245 283 147
245 284 148
245 284 149
245 284 150
245 285 151
244 285 152
245 285 153
245 286 154
245 287 155
244 287 156
245 288 157
245 289 158
244 289 159
245 290 160
244 290 161
244 291 162
245 292 163
244 292 164
243 293 165
243 293 166
243 294 167
244 295 168
244 296 169
244 297 170
243 298 171
243 298 172
243 299 173
243 299 174
243 299 175
243 300 176
243 301 177
243 302 178
243 302 179
243 303 180
243 304 181
243 304 182
243 304 183
243 305 184
243 305 185
243 305 186
242 306 187
243 306 188
243 306 189
242 307 190
242 307 191
242 307 192
243 307 193
242 308 194
242 308 195
243 308 196
242 309 197
242 309 198
242 310 199
242 311 200
243 311 201
242 312 202
242 312 203
242 313 204
242 314 205
242 314 206
243 314 207
244 315 208
244 316 209
243 317 209
243 318 210
244 318 211
244 319 212
244 320 213
244 321 214
244 321 215
244 321 216
244 322 217
245 322 218
245 323 219
245 324 220
246 325 221
246 325 222
246 326 223
246 327 224
246 327 225
246 328 226
246 328 227
246 328 228
247 329 229
247 330 230
247 331 231
248 331 232
249 332 233
249 332 234
249 332 235
249 333 236
250 334 237
250 335 238
250 335 239
251 336 240
251 336 241
251 337 242
251 338 243
252 339 244
252 339 245
251 339 246
252 340 247
252 341 248
252 341 249
252 342 250
253 343 251
253 343 252
253 343 253
254 344 254
254 344 255
254 344 256
254 345 257
254 345 258
255 346 259
255 346 260
255 346 261
256 347 262
256 347 263
257 348 264
257 348 265
257 348 266
258 349 267
258 349 268
258 349 269
258 349 270
259 349 271
259 349 272
259 350 273
260 350 274
260 350 275
260 351 276
261 351 277
224
251 259 24
250 259 25
251 259 26
251 259 27
250 259 28
250 259 29
251 260 30
250 260 31
250 260 32
250 260 33
250 260 34
250 261 35
250 261 36
250 261 37
249 262 38
250 262 39
250 262 40
250 262 41
251 262 42
250 263 43
251 262 44
251 262 45
251 262 46
251 262 47
250 262 48
250 262 49
251 263 50
251 263 51
251 263 52
251 263 53
251 263 54
251 263 55
251 263 56
252 263 57
251 264 58
250 264 59
250 264 60
250 264 61
250 264 62
250 264 63
250 264 64
250 264 65
249 264 66
249 265 67
249 266 68
249 266 69
250 267 70
249 267 71
250 268 72
249 268 73
249 268 74
250 268 75
250 267 76
250 267 77
250 267 78
251 268 79
250 267 80
250 267 81
249 267 82
250 267 83
250 267 84
250 267 85
250 268 86
250 268 87
251 269 88
250 268 89
249 268 90
250 268 91
251 269 92
250 269 93
251 268 94
251 267 94
252 266 95
252 266 96
252 265 97
252 265 98
252 265 99
252 265 100
252 265 101
252 265 102
253 265 103
254 266 104
254 266 105
253 265 106
253 265 107
253 265 108
254 265 109
254 265 110
254 265 111
254 265 112
254 265 113
254 265 114
254 265 115
254 265 116
254 265 117
255 265 118
255 265 119
255 264 120
255 264 121
255 264 122
255 264 123
255 264 124
255 264 125
255 264 126
256 264 127
256 263 128
256 263 129
256 263 130
256 263 131
256 263 132
257 263 133
257 263 134
257 263 135
257 263 136
257 263 137
257 262 138
257 262 139
258 262 140
258 262 141
258 262 142
258 262 143
259 261 144
259 261 145
260 260 146
260 260 147
260 260 148
261 259 149
261 259 150
261 258 151
261 258 152
261 258 153
262 257 154
262 257 155
262 257 156
261 257 157
262 256 158
263 256 159
262 255 160
263 255 161
262 254 162
263 254 163
263 253 164
263 253 165
263 253 166
264 253 167
264 252 168
264 252 169
264 252 170
265 252 171
264 251 172
265 251 173
265 251 174
265 251 175
266 250 176
266 250 177
267 249 178
266 249 179
267 248 180
267 248 181
268 247 182
268 247 183
268 247 184
268 247 185
269 246 186
269 246 187
270 246 188
270 246 189
270 246 190
270 245 191
270 245 192
271 244 193
270 244 194
271 243 195
272 242 196
272 241 197
273 240 198
273 239 199
273 238 200
273 237 201
273 236 201
273 235 202
273 234 203
273 233 203
273 232 204
274 231 205
273 230 206
274 229 207
274 229 208
274 228 209
275 227 210
275 226 211
275 225 212
274 225 213
274 224 214
275 223 214
276 222 215
276 221 216
276 220 217
276 219 218
276 218 219
276 217 219
277 216 220
277 215 221
277 214 222
277 213 222
277 212 223
277 211 224
278 210 224
278 209 225
278 209 226
278 208 227
278 207 228
278 206 228
279 205 229
279 204 230
279 203 231
279 202 232
280 201 233
280 200 234
281 199 235
281 198 236
281 198 237
281 197 238
281 196 239
189
251 259 24
250 259 25
251 259 26
251 259 27
250 259 28
250 259 29
251 260 30
250 260 31
250 260 32
250 260 33
250 260 34
250 261 35
250 261 36
250 261 37
249 262 38
250 262 39
250 262 40
250 262 41
251 262 42
250 263 43
251 262 44
251 262 45
251 262 46
251 262 47
250 262 48
250 262 49
251 263 50
251 263 51
251 263 52
251 263 53
251 263 54
251 263 55
251 263 56
252 263 57
251 264 58
250 264 59
250 264 60
250 264 61
250 264 62
250 264 63
250 264 64
250 264 65
249 264 66
249 265 67
249 266 68
249 266 69
250 267 70
249 267 71
250 268 72
249 268 73
249 268 74
250 268 75
250 267 76
250 267 77
250 267 78
251 268 79
250 267 80
250 267 81
249 267 82
250 267 83
250 267 84
250 267 85
250 268 86
250 268 87
251 269 88
250 268 89
249 268 90
250 268 91
251 269 92
250 269 93
251 268 94
250 268 95
250 269 96
251 270 97
251 270 98
251 270 99
251 270 100
252 271 101
252 271 102
252 271 103
252 271 104
252 271 105
252 271 106
251 272 107
250 272 108
250 273 109
250 273 110
249 273 111
250 274 112
250 274 113
249 273 114
249 273 115
250 274 116
249 274 117
250 275 118
250 275 119
249 275 120
249 275 121
249 275 122
249 276 123
249 276 124
249 276 125
250 277 126
250 277 127
249 277 128
249 277 129
249 277 130
249 277 131
249 277 132
249 277 133
249 277 134
248 278 135
248 278 136
248 278 137
247 278 138
246 279 139
246 280 140
246 280 141
245 281 142
245 282 143
245 282 144
245 283 145
245 283 146
245 283 147
245 284 148
245 284 149
245 284 150
245 285 151
244 285 152
245 285 153
245 286 154
245 287 155
244 287 156
245 288 157
245 289 158
244 289 159
245 290 160
244 290 161
244 291 162
245 292 163
244 292 164
243 293 165
243 293 166
243 294 167
244 295 168
244 296 169
244 297 170
243 298 171
243 298 172
243 299 173
243 299 174
243 299 175
243 300 176
243 301 177
243 302 178
243 302 179
243 303 180
243 304 181
243 304 182
243 304 183
243 305 184
243 305 185
243 305 186
242 306 187
243 306 188
243 306 189
242 307 190
242 307 191
242 307 192
243 307 193
242 308 194
242 308 195
243 308 196
242 309 197
242 309 198
242 310 199
242 311 200
243 311 201
242 312 202
242 312 203
242 313 204
242 314 205
242 314 206
242 313 207
242 312 208
243 311 208
244 311 209
245 310 209
246 311 210
188
251 259 24
250 259 25
251 259 26
251 259 27
250 259 28
250 259 29
251 260 30
250 260 31
250 260 32
250 260 33
250 260 34
250 261 35
250 261 36
250 261 37
249 262 38
250 262 39
250 262 40
250 262 41
251 262 42
250 263 43
251 262 44
251 262 45
251 262 46
251 262 47
250 262 48
250 262 49
251 263 50
251 263 51
251 263 52
251 263 53
251 263 54
251 263 55
251 263 56
252 263 57
251 264 58
250 264 59
250 264 60
250 264 61
250 264 62
250 264 63
250 264 64
250 264 65
249 264 66
249 265 67
249 266 68
249 266 69
250 267 70
249 267 71
250 268 72
249 268 73
249 268 74
250 268 75
250 267 76
250 267 77
250 267 78
251 268 79
250 267 80
250 267 81
249 267 82
250 267 83
250 267 84
250 267 85
250 268 86
250 268 87
251 269 88
250 268 89
249 268 90
250 268 91
251 269 92
250 269 93
251 268 94
250 268 95
250 269 96
251 270 97
251 270 98
251 270 99
251 270 100
252 271 101
252 271 102
252 271 103
252 271 104
252 271 105
252 271 106
251 272 107
250 272 108
250 273 109
250 273 110
249 273 111
250 274 112
250 274 113
249 273 114
249 273 115
250 274 116
249 274 117
250 275 118
250 275 119
249 275 120
249 275 121
249 275 122
249 276 123
249 276 124
249 276 125
250 277 126
250 277 127
249 277 128
249 277 129
249 277 130
249 277 131
249 277 132
249 277 133
249 277 134
248 278 135
248 278 136
248 278 137
247 278 138
246 279 139
246 280 140
246 280 141
245 281 142
245 282 143
245 282 144
245 283 145
245 283 146
245 283 147
245 284 148
245 284 149
245 284 150
245 285 151
244 285 152
245 285 153
245 286 154
245 287 155
244 287 156
245 288 157
245 289 158
244 289 159
245 290 160
244 290 161
244 291 162
245 292 163
244 292 164
243 293 165
243 293 166
243 294 167
244 295 168
244 296 169
244 297 170
243 298 171
243 298 172
243 299 173
243 299 174
243 299 175
243 300 176
243 301 177
243 302 178
243 302 179
243 303 180
243 304 181
243 304 182
243 304 183
243 305 184
243 305 185
243 305 186
242 306 187
243 306 188
243 306 189
242 307 190
242 307 191
242 307 192
243 307 193
242 308 194
242 308 195
243 308 196
242 309 197
242 309 198
242 310 199
242 311 200
243 311 201
242 312 202
242 312 203
242 313 204
242 314 205
242 314 206
242 313 207
242 312 208
243 311 208
244 311 209
245 312 209
184
251 259 24
250 259 25
251 259 26
251 259 27
250 259 28
250 259 29
251 260 30
250 260 31
250 260 32
250 260 33
250 260 34
250 261 35
250 261 36
250 261 37
249 262 38
250 262 39
250 262 40
250 262 41
251 262 42
250 263 43
251 262 44
251 262 45
251 262 46
251 262 47
250 262 48
250 262 49
251 263 50
251 263 51
251 263 52
251 263 53
251 263 54
251 263 55
251 263 56
252 263 57
251 264 58
250 264 59
250 264 60
250 264 61
250 264 62
250 264 63
250 264 64
250 264 65
249 264 66
249 265 67
249 266 68
249 266 69
250 267 70
249 267 71
250 268 72
249 268 73
249 268 74
250 268 75
250 267 76
250 267 77
250 267 78
251 268 79
250 267 80
250 267 81
249 267 82
250 267 83
250 267 84
250 267 85
250 268 86
250 268 87
251 269 88
250 268 89
249 268 90
250 268 91
251 269 92
250 269 93
251 268 94
250 268 95
250 269 96
251 270 97
251 270 98
251 270 99
251 270 100
252 271 101
252 271 102
252 271 103
252 271 104
252 271 105
252 271 106
251 272 107
250 272 108
250 273 109
250 273 110
249 273 111
250 274 112
250 274 113
249 273 114
249 273 115
250 274 116
249 274 117
250 275 118
250 275 119
249 275 120
249 275 121
249 275 122
249 276 123
249 276 124
249 276 125
250 277 126
250 277 127
249 277 128
249 277 129
249 277 130
249 277 131
249 277 132
249 277 133
249 277 134
248 278 135
248 278 136
248 278 137
248 278 138
249 278 139
250 277 140
250 277 141
250 276 142
251 276 143
251 276 144
251 275 145
252 276 146
252 275 147
252 275 148
252 275 149
253 276 150
253 276 151
253 275 152
253 275 153
253 275 154
253 274 155
253 274 156
253 274 157
254 274 158
254 274 159
255 274 160
255 274 161
254 273 162
255 274 163
255 274 164
256 275 165
256 274 166
257 275 167
257 275 168
257 274 169
258 275 170
258 274 171
258 274 172
258 274 173
259 274 174
259 274 175
260 274 176
260 273 177
260 273 178
261 273 179
261 273 180
262 273 181
263 273 182
263 272 183
263 272 184
264 272 185
265 272 186
265 271 187
265 271 188
266 270 189
267 270 190
268 270 191
268 269 192
269 269 193
269 269 194
270 268 195
270 268 196
271 267 197
272 267 198
273 266 199
273 266 200
273 266 201
274 265 202
274 265 203
275 264 204
276 263 205
276 263 206
277 262 207
183
251 259 24
250 259 25
251 259 26
251 259 27
250 259 28
250 259 29
251 260 30
250 260 31
250 260 32
250 260 33
250 260 34
250 261 35
250 261 36
250 261 37
249 262 38
250 262 39
250 262 40
250 262 41
251 262 42
250 263 43
251 262 44
251 262 45
251 262 46
251 262 47
250 262 48
250 262 49
251 263 50
251 263 51
251 263 52
251 263 53
251 263 54
251 263 55
251 263 56
252 263 57
251 264 58
250 264 59
250 264 60
250 264 61
250 264 62
250 264 63
250 264 64
250 264 65
249 264 66
249 265 67
249 266 68
249 266 69
250 267 70
249 267 71
250 268 72
249 268 73
249 268 74
248 269 75
247 270 76
247 271 77
247 272 78
246 272 79
245 272 80
245 272 81
245 273 82
245 274 83
245 274 84
244 274 85
244 275 86
244 276 87
244 276 88
244 277 89
244 278 90
243 278 91
243 279 92
243 279 93
243 280 94
243 281 95
243 282 96
242 282 97
242 283 98
242 284 99
241 284 100
241 285 101
241 286 102
241 287 103
241 288 104
240 288 105
240 289 106
239 290 107
238 290 108
238 291 109
238 292 110
238 293 111
237 293 112
237 294 113
236 295 114
237 296 115
236 297 116
236 298 117
236 299 118
235 299 119
235 300 120
235 301 121
235 302 122
234 303 123
235 304 124
234 305 125
233 306 126
233 307 127
232 308 128
232 309 129
233 310 129
232 311 130
231 312 131
231 313 132
231 314 133
231 315 134
231 316 134
231 317 135
230 318 136
230 319 136
229 320 137
230 321 137
230 322 138
229 323 138
229 324 139
230 325 140
229 326 140
229 327 141
230 328 142
229 329 142
229 330 143
229 331 144
229 332 144
228 333 144
228 334 145
228 335 145
228 336 146
227 337 146
228 338 147
228 339 147
228 340 148
227 341 148
228 342 149
227 343 149
228 344 150
227 345 150
228 346 151
228 347 151
228 348 151
228 349 152
229 350 153
229 351 153
229 352 153
230 353 154
230 354 154
230 355 154
231 356 155
232 357 155
232 358 155
232 359 155
232 360 155
233 361 155
233 362 155
232 363 155
232 364 155
233 365 155
233 366 155
234 367 155
235 368 155
235 369 155
236 370 155
236 371 155
237 372 155
237 373 155
238 374 155
239 375 155
240 376 155
240 377 155
241 378 155
242 379 155
243 380 154
243 381 154
244 382 154
245 383 154
246 384 153
247 385 153
248 385 153
161
251 259 24
250 259 25
251 259 26
251 259 27
250 259 28
250 259 29
251 260 30
250 260 31
250 260 32
250 260 33
250 260 34
250 261 35
250 261 36
250 261 37
249 262 38
250 262 39
250 262 40
250 262 41
251 262 42
250 263 43
251 262 44
251 262 45
251 262 46
251 262 47
250 262 48
250 262 49
251 263 50
251 263 51
251 263 52
251 263 53
251 263 54
251 263 55
251 263 56
252 263 57
251 264 58
250 264 59
250 264 60
250 264 61
250 264 62
250 264 63
250 264 64
250 264 65
249 264 66
249 265 67
249 266 68
249 266 69
250 267 70
249 267 71
250 268 72
249 268 73
249 268 74
248 269 75
247 270 76
247 271 77
247 272 78
246 272 79
245 272 80
245 272 81
245 273 82
245 274 83
245 274 84
244 274 85
244 275 86
244 276 87
244 276 88
244 277 89
244 278 90
243 278 91
243 279 92
243 279 93
243 280 94
243 281 95
243 282 96
242 282 97
242 283 98
242 284 99
241 284 100
241 285 101
241 286 102
241 287 103
241 288 104
240 288 105
240 289 106
239 290 107
238 290 108
238 291 109
238 292 110
238 293 111
237 293 112
237 294 113
236 295 114
237 296 115
236 297 116
236 298 117
236 299 118
235 299 119
235 300 120
235 301 121
235 302 122
234 303 123
235 304 124
234 305 125
233 306 126
233 307 127
232 308 128
232 309 129
233 310 129
232 311 130
231 312 131
231 313 132
231 314 133
231 315 134
231 316 134
231 317 135
230 318 136
230 319 136
229 320 137
230 321 137
230 322 138
229 323 138
229 324 139
230 325 140
229 326 140
229 327 141
230 328 142
229 329 142
229 330 143
229 331 144
229 332 144
228 333 144
228 334 145
228 335 145
228 336 146
227 337 146
228 338 147
228 339 147
228 340 148
227 341 148
228 342 149
227 343 149
228 344 150
227 345 150
228 346 151
228 347 151
228 348 151
228 349 152
229 350 153
229 351 153
229 352 153
230 353 154
230 354 154
230 355 154
231 356 155
232 357 155
232 358 155
232 359 155
232 360 155
233 361 155
233 362 155
232 363 155
231 363 155
143
251 259 24
250 259 25
251 259 26
251 259 27
250 259 28
250 259 29
251 260 30
250 260 31
250 260 32
250 260 33
250 260 34
250 261 35
250 261 36
250 261 37
249 262 38
250 262 39
250 262 40
250 262 41
251 262 42
250 263 43
251 262 44
251 262 45
251 262 46
251 262 47
250 262 48
250 262 49
251 263 50
251 263 51
251 263 52
251 263 53
251 263 54
251 263 55
251 263 56
252 263 57
251 264 58
250 264 59
250 264 60
250 264 61
250 264 62
250 264 63
250 264 64
250 264 65
249 264 66
249 265 67
249 266 68
249 266 69
250 267 70
249 267 71
250 268 72
249 268 73
249 268 74
250 268 75
250 267 76
250 267 77
250 267 78
251 268 79
250 267 80
250 267 81
249 267 82
250 267 83
250 267 84
250 267 85
250 268 86
250 268 87
251 269 88
250 268 89
249 268 90
250 268 91
251 269 92
250 269 93
251 268 94
250 268 95
250 269 96
251 270 97
251 270 98
251 270 99
251 270 100
252 271 101
252 271 102
252 271 103
252 271 104
252 271 105
252 271 106
251 272 107
250 272 108
250 273 109
250 273 110
249 273 111
250 274 112
250 274 113
249 273 114
249 273 115
250 274 116
249 274 117
250 275 118
250 275 119
249 275 120
249 275 121
249 275 122
249 276 123
249 276 124
249 276 125
250 277 126
250 277 127
249 277 128
249 277 129
249 277 130
249 277 131
249 277 132
249 277 133
249 277 134
248 278 135
248 278 136
248 278 137
247 278 138
246 279 139
246 280 140
246 280 141
245 281 142
245 282 143
245 282 144
245 283 145
245 283 146
245 283 147
245 284 148
245 284 149
245 284 150
245 285 151
244 285 152
245 285 153
245 286 154
245 287 155
244 287 156
245 288 157
245 289 158
244 289 159
243 289 159
242 288 159
241 288 159
240 287 160
239 288 161
238 287 162
237 287 163
142
251 259 24
250 259 25
251 259 26
251 259 27
250 259 28
250 259 29
251 260 30
250 260 31
250 260 32
250 260 33
250 260 34
250 261 35
250 261 36
250 261 37
249 262 38
250 262 39
250 262 40
250 262 41
251 262 42
250 263 43
251 262 44
251 262 45
251 262 46
251 262 47
250 262 48
250 262 49
251 263 50
251 263 51
251 263 52
251 263 53
251 263 54
251 263 55
251 263 56
252 263 57
251 264 58
250 264 59
250 264 60
250 264 61
250 264 62
250 264 63
250 264 64
250 264 65
249 264 66
249 265 67
249 266 68
249 266 69
250 267 70
249 267 71
250 268 72
249 268 73
249 268 74
250 268 75
250 267 76
250 267 77
250 267 78
251 268 79
250 267 80
250 267 81
249 267 82
250 267 83
250 267 84
250 267 85
250 268 86
250 268 87
251 269 88
250 268 89
249 268 90
250 268 91
251 269 92
250 269 93
251 268 94
250 268 95
250 269 96
251 270 97
251 270 98
251 270 99
251 270 100
252 271 101
252 271 102
252 271 103
252 271 104
252 271 105
252 271 106
251 272 107
250 272 108
250 273 109
250 273 110
249 273 111
250 274 112
250 274 113
249 273 114
249 273 115
250 274 116
249 274 117
250 275 118
250 275 119
249 275 120
249 275 121
249 275 122
249 276 123
249 276 124
249 276 125
250 277 126
250 277 127
249 277 128
249 277 129
249 277 130
249 277 131
249 277 132
249 277 133
249 277 134
248 278 135
248 278 136
248 278 137
248 278 138
249 278 139
250 277 140
250 277 141
250 276 142
251 276 143
251 276 144
251 275 145
252 276 146
252 275 147
252 275 148
252 275 149
253 276 150
253 276 151
253 275 152
253 275 153
253 275 154
253 274 155
253 274 156
253 274 157
254 274 158
254 274 159
255 274 160
255 274 161
254 273 162
254 272 163
253 271 163
252 271 164
136
251 259 24
250 259 25
251 259 26
251 259 27
250 259 28
250 259 29
251 260 30
250 260 31
250 260 32
250 260 33
250 260 34
250 261 35
250 261 36
250 261 37
249 262 38
250 262 39
250 262 40
250 262 41
251 262 42
250 263 43
251 262 44
251 262 45
251 262 46
251 262 47
250 262 48
250 262 49
251 263 50
251 263 51
251 263 52
251 263 53
251 263 54
251 263 55
251 263 56
252 263 57
252 262 58
251 261 59
252 260 59
253 260 60
253 260 61
254 260 62
253 259 63
254 259 64
254 259 65
255 259 66
255 259 67
256 259 68
256 258 69
256 258 70
256 258 71
256 258 72
257 258 73
257 258 74
257 257 75
257 257 76
258 257 77
258 257 78
259 256 79
259 256 80
259 256 81
260 255 82
260 255 83
260 255 84
261 254 85
262 255 86
262 254 87
263 254 88
262 254 89
263 254 90
264 253 91
264 253 92
264 253 93
265 252 94
265 252 95
265 252 96
266 251 97
266 251 98
267 251 99
267 250 100
268 250 101
268 249 102
268 249 103
269 249 104
269 248 105
270 248 106
270 247 107
270 247 108
271 246 109
271 246 110
272 245 111
272 245 112
273 244 113
273 244 114
273 243 115
274 242 116
274 242 117
274 241 118
275 240 119
276 239 120
276 239 121
276 238 122
276 237 123
277 236 123
277 235 124
278 234 125
278 234 126
278 233 127
278 232 128
278 231 129
279 230 129
280 229 130
279 228 131
280 227 131
281 226 132
281 225 132
281 224 133
281 223 134
282 222 134
282 221 135
282 220 135
282 219 135
282 218 136
281 217 136
280 216 136
281 215 136
282 214 136
283 213 137
284 212 137
285 211 137
285 210 137
285 209 137
286 208 137
286 207 137
286 206 137
286 205 136
286 198 134
285 195 129
135
251 259 24
250 259 25
251 259 26
251 259 27
250 259 28
250 259 29
251 260 30
250 260 31
250 260 32
250 260 33
250 260 34
250 261 35
250 261 36
250 261 37
249 262 38
250 262 39
250 262 40
250 262 41
251 262 42
250 263 43
251 262 44
251 262 45
251 262 46
251 262 47
250 262 48
250 262 49
251 263 50
251 263 51
251 263 52
251 263 53
251 263 54
251 263 55
251 263 56
252 263 57
252 262 58
251 261 59
252 260 59
253 260 60
253 260 61
254 260 62
253 259 63
254 259 64
254 259 65
255 259 66
255 259 67
256 259 68
256 258 69
256 258 70
256 258 71
256 258 72
257 258 73
257 258 74
257 257 75
257 257 76
258 257 77
258 257 78
259 256 79
259 256 80
259 256 81
260 255 82
260 255 83
260 255 84
261 254 85
262 255 86
262 254 87
263 254 88
262 254 89
263 254 90
264 253 91
264 253 92
264 253 93
265 252 94
265 252 95
265 252 96
266 251 97
266 251 98
267 251 99
267 250 100
268 250 101
268 249 102
268 249 103
269 249 104
269 248 105
270 248 106
270 247 107
270 247 108
271 246 109
271 246 110
272 245 111
272 245 112
273 244 113
273 244 114
273 243 115
274 242 116
274 242 117
274 241 118
275 240 119
276 239 120
276 239 121
276 238 122
276 237 123
277 236 123
277 235 124
278 234 125
278 234 126
278 233 127
278 232 128
278 231 129
279 230 129
280 229 130
279 228 131
280 227 131
281 226 132
281 225 132
281 224 133
281 223 134
282 222 134
282 221 135
282 220 135
282 219 135
282 218 136
281 217 136
280 216 136
281 215 136
282 214 136
283 213 137
284 212 137
285 211 137
285 210 137
285 209 137
286 208 137
286 207 137
286 206 137
286 205 136
286 198 134
134
251 259 24
250 259 25
251 259 26
251 259 27
250 259 28
250 259 29
251 260 30
250 260 31
250 260 32
250 260 33
250 260 34
250 261 35
250 261 36
250 261 37
249 262 38
250 262 39
250 262 40
250 262 41
251 262 42
250 263 43
251 262 44
251 262 45
251 262 46
251 262 47
250 262 48
250 262 49
251 263 50
251 263 51
251 263 52
251 263 53
251 263 54
251 263 55
251 263 56
252 263 57
252 262 58
251 261 59
252 260 59
253 260 60
253 260 61
254 260 62
253 259 63
254 259 64
254 259 65
255 259 66
255 259 67
256 259 68
256 258 69
256 258 70
256 258 71
256 258 72
257 258 73
257 258 74
257 257 75
257 257 76
258 257 77
258 257 78
259 256 79
259 256 80
259 256 81
260 255 82
260 255 83
260 255 84
261 254 85
262 255 86
262 254 87
263 254 88
262 254 89
263 254 90
264 253 91
264 253 92
264 253 93
265 252 94
265 252 95
265 252 96
266 251 97
266 251 98
267 251 99
267 250 100
268 250 101
268 249 102
268 249 103
269 249 104
269 248 105
270 248 106
270 247 107
270 247 108
271 246 109
271 246 110
272 245 111
272 245 112
273 244 113
273 244 114
273 243 115
274 242 116
274 242 117
274 241 118
275 240 119
276 239 120
276 239 121
276 238 122
276 237 123
277 236 123
277 235 124
278 234 125
278 234 126
278 233 127
278 232 128
278 231 129
279 230 129
280 229 130
279 228 131
280 227 131
281 226 132
281 225 132
281 224 133
281 223 134
282 222 134
282 221 135
282 220 135
282 219 135
282 218 136
281 217 136
280 216 136
281 215 136
282 214 136
283 213 137
284 212 137
285 211 137
285 210 137
285 209 137
286 208 137
286 207 137
286 206 137
286 205 136
126
251 259 24
250 259 25
251 259 26
251 259 27
250 259 28
250 259 29
251 260 30
250 260 31
250 260 32
250 260 33
250 260 34
250 261 35
250 261 36
250 261 37
249 262 38
250 262 39
250 262 40
250 262 41
251 262 42
250 263 43
251 262 44
251 262 45
251 262 46
251 262 47
250 262 48
250 262 49
251 263 50
251 263 51
251 263 52
251 263 53
251 263 54
251 263 55
251 263 56
252 263 57
252 262 58
251 261 59
252 260 59
253 260 60
253 260 61
254 260 62
253 259 63
254 259 64
254 259 65
255 259 66
255 259 67
256 259 68
256 258 69
256 258 70
256 258 71
256 258 72
257 258 73
257 258 74
257 257 75
257 257 76
258 257 77
258 257 78
259 256 79
259 256 80
259 256 81
260 255 82
260 255 83
260 255 84
261 254 85
262 255 86
262 254 87
263 254 88
262 254 89
263 254 90
264 253 91
264 253 92
264 253 93
265 252 94
265 252 95
265 252 96
266 251 97
266 251 98
267 251 99
267 250 100
268 250 101
268 249 102
268 249 103
269 249 104
269 248 105
270 248 106
270 247 107
270 247 108
271 246 109
271 246 110
272 245 111
272 245 112
273 244 113
273 244 114
273 243 115
274 242 116
274 242 117
274 241 118
275 240 119
276 239 120
276 239 121
276 238 122
276 237 123
277 236 123
277 235 124
278 234 125
278 234 126
278 233 127
278 232 128
278 231 129
279 230 129
280 229 130
279 228 131
280 227 131
281 226 132
281 225 132
281 224 133
281 223 134
282 222 134
282 221 135
282 220 135
282 219 135
282 218 136
281 217 136
282 216 136
283 216 136
284 215 137
284 214 137
126
251 259 24
250 259 25
251 259 26
251 259 27
250 259 28
250 259 29
251 260 30
250 260 31
250 260 32
250 260 33
250 260 34
250 261 35
250 261 36
250 261 37
249 262 38
250 262 39
250 262 40
250 262 41
251 262 42
250 263 43
251 262 44
251 262 45
251 262 46
251 262 47
250 262 48
250 262 49
251 263 50
251 263 51
251 263 52
251 263 53
251 263 54
251 263 55
251 263 56
252 263 57
252 262 58
251 261 59
252 260 59
253 260 60
253 260 61
254 260 62
253 259 63
254 259 64
254 259 65
255 259 66
255 259 67
256 259 68
256 258 69
256 258 70
256 258 71
256 258 72
257 258 73
257 258 74
257 257 75
257 257 76
258 257 77
258 257 78
259 256 79
259 256 80
259 256 81
260 255 82
260 255 83
260 255 84
261 254 85
262 255 86
262 254 87
263 254 88
262 254 89
263 254 90
264 253 91
264 253 92
264 253 93
265 252 94
265 252 95
265 252 96
266 251 97
266 251 98
267 251 99
267 250 100
268 250 101
268 249 102
268 249 103
269 249 104
269 248 105
270 248 106
270 247 107
270 247 108
271 246 109
271 246 110
272 245 111
272 245 112
273 244 113
273 244 114
273 243 115
274 242 116
274 242 117
274 241 118
275 240 119
276 239 120
276 239 121
276 238 122
276 237 123
277 236 123
277 235 124
278 234 125
278 234 126
278 233 127
278 232 128
278 231 129
279 230 129
280 229 130
279 228 131
280 227 131
281 226 132
281 225 132
281 224 133
281 223 134
282 222 134
282 221 135
282 220 135
282 219 135
282 218 136
281 217 136
282 216 136
283 216 136
284 215 137
285 216 137
125
251 259 24
250 259 25
251 259 26
251 259 27
250 259 28
250 259 29
251 260 30
250 260 31
250 260 32
250 260 33
250 260 34
250 261 35
250 261 36
250 261 37
249 262 38
250 262 39
250 262 40
250 262 41
251 262 42
250 263 43
251 262 44
251 262 45
251 262 46
251 262 47
250 262 48
250 262 49
251 263 50
251 263 51
251 263 52
251 263 53
251 263 54
251 263 55
251 263 56
252 263 57
252 262 58
251 261 59
252 260 59
253 260 60
253 260 61
254 260 62
253 259 63
254 259 64
254 259 65
255 259 66
255 259 67
256 259 68
256 258 69
256 258 70
256 258 71
256 258 72
257 258 73
257 258 74
257 257 75
257 257 76
258 257 77
258 257 78
259 256 79
259 256 80
259 256 81
260 255 82
260 255 83
260 255 84
261 254 85
262 255 86
262 254 87
263 254 88
262 254 89
263 254 90
264 253 91
264 253 92
264 253 93
265 252 94
265 252 95
265 252 96
266 251 97
266 251 98
267 251 99
267 250 100
268 250 101
268 249 102
268 249 103
269 249 104
269 248 105
270 248 106
270 247 107
270 247 108
271 246 109
271 246 110
272 245 111
272 245 112
273 244 113
273 244 114
273 243 115
274 242 116
274 242 117
274 241 118
275 240 119
276 239 120
276 239 121
276 238 122
276 237 123
277 236 123
277 235 124
278 234 125
278 234 126
278 233 127
278 232 128
278 231 129
279 230 129
280 229 130
279 228 131
280 227 131
281 226 132
281 225 132
281 224 133
281 223 134
282 222 134
282 221 135
282 220 135
282 219 135
282 218 136
281 217 136
282 216 136
283 216 136
284 217 136
125
251 259 24
250 259 25
251 259 26
251 259 27
250 259 28
250 259 29
251 260 30
250 260 31
250 260 32
250 260 33
250 260 34
250 261 35
250 261 36
250 261 37
249 262 38
250 262 39
250 262 40
250 262 41
251 262 42
250 263 43
251 262 44
251 262 45
251 262 46
251 262 47
250 262 48
250 262 49
251 263 50
251 263 51
251 263 52
251 263 53
251 263 54
251 263 55
251 263 56
252 263 57
252 262 58
251 261 59
252 260 59
253 260 60
253 260 61
254 260 62
253 259 63
254 259 64
254 259 65
255 259 66
255 259 67
256 259 68
256 258 69
256 258 70
256 258 71
256 258 72
257 258 73
257 258 74
257 257 75
257 257 76
258 257 77
258 257 78
259 256 79
259 256 80
259 256 81
260 255 82
260 255 83
260 255 84
261 254 85
262 255 86
262 254 87
263 254 88
262 254 89
263 254 90
264 253 91
264 253 92
264 253 93
265 252 94
265 252 95
265 252 96
266 251 97
266 251 98
267 251 99
267 250 100
268 250 101
268 249 102
268 249 103
269 249 104
269 248 105
270 248 106
270 247 107
270 247 108
271 246 109
271 246 110
272 245 111
272 245 112
273 244 113
273 244 114
273 243 115
274 242 116
274 242 117
274 241 118
275 240 119
276 239 120
276 239 121
276 238 122
276 237 123
277 236 123
277 235 124
278 234 125
278 234 126
278 233 127
278 232 128
278 231 129
279 230 129
280 229 130
279 228 131
280 227 131
281 226 132
281 225 132
281 224 133
281 223 134
282 222 134
282 221 135
282 220 135
282 219 135
282 218 136
281 217 136
280 216 136
281 215 136
281 214 136
122
251 259 24
250 259 25
251 259 26
251 259 27
250 259 28
250 259 29
251 260 30
250 260 31
250 260 32
250 260 33
250 260 34
250 261 35
250 261 36
250 261 37
249 262 38
250 262 39
250 262 40
250 262 41
251 262 42
250 263 43
251 262 44
251 262 45
251 262 46
251 262 47
250 262 48
250 262 49
251 263 50
251 263 51
251 263 52
251 263 53
251 263 54
251 263 55
251 263 56
252 263 57
251 264 58
250 264 59
250 264 60
250 264 61
250 264 62
250 264 63
250 264 64
250 264 65
249 264 66
249 265 67
249 266 68
249 266 69
250 267 70
249 267 71
250 268 72
249 268 73
249 268 74
250 268 75
250 267 76
250 267 77
250 267 78
251 268 79
250 267 80
250 267 81
249 267 82
250 267 83
250 267 84
250 267 85
250 268 86
250 268 87
251 269 88
250 268 89
249 268 90
250 268 91
251 269 92
250 269 93
251 268 94
250 268 95
250 269 96
251 270 97
251 270 98
251 270 99
251 270 100
252 271 101
252 271 102
252 271 103
252 271 104
252 271 105
252 271 106
251 272 107
250 272 108
250 273 109
250 273 110
249 273 111
250 274 112
250 274 113
249 273 114
249 273 115
250 274 116
249 274 117
250 275 118
250 275 119
249 275 120
249 275 121
249 275 122
249 276 123
249 276 124
249 276 125
250 277 126
250 277 127
249 277 128
249 277 129
249 277 130
249 277 131
249 277 132
249 277 133
249 277 134
248 278 135
248 278 136
248 278 137
248 278 138
249 278 139
250 277 140
250 277 141
250 276 142
249 276 143
248 276 144
247 276 145
118
251 259 24
250 259 25
251 259 26
251 259 27
250 259 28
250 259 29
251 260 30
250 260 31
250 260 32
250 260 33
250 260 34
250 261 35
250 261 36
250 261 37
249 262 38
250 262 39
250 262 40
250 262 41
251 262 42
250 263 43
251 262 44
251 262 45
251 262 46
251 262 47
250 262 48
250 262 49
251 263 50
251 263 51
251 263 52
251 263 53
251 263 54
251 263 55
251 263 56
252 263 57
251 264 58
250 264 59
250 264 60
250 264 61
250 264 62
250 264 63
250 264 64
250 264 65
249 264 66
249 265 67
249 266 68
249 266 69
250 267 70
249 267 71
250 268 72
249 268 73
249 268 74
250 268 75
250 267 76
250 267 77
250 267 78
251 268 79
250 267 80
250 267 81
249 267 82
250 267 83
250 267 84
250 267 85
250 268 86
250 268 87
251 269 88
250 268 89
249 268 90
250 268 91
251 269 92
250 269 93
251 268 94
250 268 95
250 269 96
251 270 97
251 270 98
251 270 99
251 270 100
252 271 101
252 271 102
252 271 103
252 271 104
252 271 105
252 271 106
251 272 107
250 272 108
250 273 109
250 273 110
249 273 111
250 274 112
250 274 113
249 273 114
249 273 115
250 274 116
249 274 117
250 275 118
250 275 119
249 275 120
249 275 121
249 275 122
249 276 123
249 276 124
249 276 125
250 277 126
250 277 127
249 277 128
249 277 129
249 277 130
249 277 131
249 277 132
249 277 133
249 277 134
248 278 135
248 278 136
248 278 137
247 278 138
246 279 139
236 277 139
235 278 141
117
251 259 24
250 259 25
251 259 26
251 259 27
250 259 28
250 259 29
251 260 30
250 260 31
250 260 32
250 260 33
250 260 34
250 261 35
250 261 36
250 261 37
249 262 38
250 262 39
250 262 40
250 262 41
251 262 42
250 263 43
251 262 44
251 262 45
251 262 46
251 262 47
250 262 48
250 262 49
251 263 50
251 263 51
251 263 52
251 263 53
251 263 54
251 263 55
251 263 56
252 263 57
251 264 58
250 264 59
250 264 60
250 264 61
250 264 62
250 264 63
250 264 64
250 264 65
249 264 66
249 265 67
249 266 68
249 266 69
250 267 70
249 267 71
250 268 72
249 268 73
249 268 74
250 268 75
250 267 76
250 267 77
250 267 78
251 268 79
250 267 80
250 267 81
249 267 82
250 267 83
250 267 84
250 267 85
250 268 86
250 268 87
251 269 88
250 268 89
249 268 90
250 268 91
251 269 92
250 269 93
251 268 94
250 268 95
250 269 96
251 270 97
251 270 98
251 270 99
251 270 100
252 271 101
252 271 102
252 271 103
252 271 104
252 271 105
252 271 106
251 272 107
250 272 108
250 273 109
250 273 110
249 273 111
250 274 112
250 274 113
249 273 114
249 273 115
250 274 116
249 274 117
250 275 118
250 275 119
249 275 120
249 275 121
249 275 122
249 276 123
249 276 124
249 276 125
250 277 126
250 277 127
249 277 128
249 277 129
249 277 130
249 277 131
249 277 132
249 277 133
249 277 134
248 278 135
248 278 136
248 278 137
247 278 138
246 279 139
236 277 139
117
251 259 24
250 259 25
251 259 26
251 259 27
250 259 28
250 259 29
251 260 30
250 260 31
250 260 32
250 260 33
250 260 34
250 261 35
250 261 36
250 261 37
249 262 38
250 262 39
250 262 40
250 262 41
251 262 42
250 263 43
251 262 44
251 262 45
251 262 46
251 262 47
250 262 48
250 262 49
251 263 50
251 263 51
251 263 52
251 263 53
251 263 54
251 263 55
251 263 56
252 263 57
251 264 58
250 264 59
250 264 60
250 264 61
250 264 62
250 264 63
250 264 64
250 264 65
249 264 66
249 265 67
249 266 68
249 266 69
250 267 70
249 267 71
250 268 72
249 268 73
249 268 74
250 268 75
250 267 76
250 267 77
250 267 78
251 268 79
250 267 80
250 267 81
249 267 82
250 267 83
250 267 84
250 267 85
250 268 86
250 268 87
251 269 88
250 268 89
249 268 90
250 268 91
251 269 92
250 269 93
251 268 94
250 268 95
250 269 96
251 270 97
251 270 98
251 270 99
251 270 100
252 271 101
252 271 102
252 271 103
252 271 104
252 271 105
252 271 106
251 272 107
250 272 108
250 273 109
250 273 110
249 273 111
250 274 112
250 274 113
249 273 114
249 273 115
250 274 116
249 274 117
250 275 118
250 275 119
249 275 120
249 275 121
249 275 122
249 276 123
249 276 124
249 276 125
250 277 126
250 277 127
249 277 128
249 277 129
249 277 130
249 277 131
249 277 132
249 277 133
249 277 134
248 278 135
248 278 136
248 278 137
247 278 138
246 279 139
242 269 140
115
251 259 24
250 259 25
251 259 26
251 259 27
250 259 28
250 259 29
251 260 30
250 260 31
250 260 32
250 260 33
250 260 34
250 261 35
250 261 36
250 261 37
249 262 38
250 262 39
250 262 40
250 262 41
251 262 42
250 263 43
251 262 44
251 262 45
251 262 46
251 262 47
250 262 48
250 262 49
251 263 50
251 263 51
251 263 52
251 263 53
251 263 54
251 263 55
251 263 56
252 263 57
251 264 58
250 264 59
250 264 60
250 264 61
250 264 62
250 264 63
250 264 64
250 264 65
249 264 66
249 265 67
249 266 68
249 266 69
250 267 70
249 267 71
250 268 72
249 268 73
249 268 74
250 268 75
250 267 76
250 267 77
250 267 78
251 268 79
250 267 80
250 267 81
249 267 82
250 267 83
250 267 84
250 267 85
250 268 86
250 268 87
251 269 88
250 268 89
249 268 90
250 268 91
251 269 92
250 269 93
251 268 94
250 268 95
250 269 96
251 270 97
251 270 98
251 270 99
251 270 100
252 271 101
252 271 102
252 271 103
252 271 104
252 271 105
252 271 106
252 271 107
253 271 108
254 271 109
255 272 110
255 272 111
256 273 112
256 273 113
256 273 114
256 273 115
256 273 116
256 273 117
257 273 118
257 273 119
258 274 120
259 275 121
258 274 122
258 274 123
259 275 124
259 275 125
260 275 126
260 275 127
260 275 128
260 275 129
260 275 130
261 276 131
261 276 132
261 276 133
261 276 134
261 276 135
262 275 136
263 275 145
264 275 149
114
251 259 24
250 259 25
251 259 26
251 259 27
250 259 28
250 259 29
251 260 30
250 260 31
250 260 32
250 260 33
250 260 34
250 261 35
250 261 36
250 261 37
249 262 38
250 262 39
250 262 40
250 262 41
251 262 42
250 263 43
251 262 44
251 262 45
251 262 46
251 262 47
250 262 48
250 262 49
251 263 50
251 263 51
251 263 52
251 263 53
251 263 54
251 263 55
251 263 56
252 263 57
251 264 58
250 264 59
250 264 60
250 264 61
250 264 62
250 264 63
250 264 64
250 264 65
249 264 66
249 265 67
249 266 68
249 266 69
250 267 70
249 267 71
250 268 72
249 268 73
249 268 74
250 268 75
250 267 76
250 267 77
250 267 78
251 268 79
250 267 80
250 267 81
249 267 82
250 267 83
250 267 84
250 267 85
250 268 86
250 268 87
251 269 88
250 268 89
249 268 90
250 268 91
251 269 92
250 269 93
251 268 94
250 268 95
250 269 96
251 270 97
251 270 98
251 270 99
251 270 100
252 271 101
252 271 102
252 271 103
252 271 104
252 271 105
252 271 106
252 271 107
253 271 108
254 271 109
255 272 110
255 272 111
256 273 112
256 273 113
256 273 114
256 273 115
256 273 116
256 273 117
257 273 118
257 273 119
258 274 120
259 275 121
258 274 122
258 274 123
259 275 124
259 275 125
260 275 126
260 275 127
260 275 128
260 275 129
260 275 130
261 276 131
261 276 132
261 276 133
261 276 134
261 276 135
262 275 136
262 276 137
114
251 259 24
250 259 25
251 259 26
251 259 27
250 259 28
250 259 29
251 260 30
250 260 31
250 260 32
250 260 33
250 260 34
250 261 35
250 261 36
250 261 37
249 262 38
250 262 39
250 262 40
250 262 41
251 262 42
250 263 43
251 262 44
251 262 45
251 262 46
251 262 47
250 262 48
250 262 49
251 263 50
251 263 51
251 263 52
251 263 53
251 263 54
251 263 55
251 263 56
252 263 57
251 264 58
250 264 59
250 264 60
250 264 61
250 264 62
250 264 63
250 264 64
250 264 65
249 264 66
249 265 67
249 266 68
249 266 69
250 267 70
249 267 71
250 268 72
249 268 73
249 268 74
250 268 75
250 267 76
250 267 77
250 267 78
251 268 79
250 267 80
250 267 81
249 267 82
250 267 83
250 267 84
250 267 85
250 268 86
250 268 87
251 269 88
250 268 89
249 268 90
250 268 91
251 269 92
250 269 93
251 268 94
250 268 95
250 269 96
251 270 97
251 270 98
251 270 99
251 270 100
252 271 101
252 271 102
252 271 103
252 271 104
252 271 105
252 271 106
252 271 107
253 271 108
254 271 109
255 272 110
255 272 111
256 273 112
256 273 113
256 273 114
256 273 115
256 273 116
256 273 117
257 273 118
257 273 119
258 274 120
259 275 121
258 274 122
258 274 123
259 275 124
259 275 125
260 275 126
260 275 127
260 275 128
260 275 129
260 275 130
261 276 131
261 276 132
261 276 133
261 276 134
261 276 135
262 275 136
263 275 145
92
251 259 24
250 259 25
251 259 26
251 259 27
250 259 28
250 259 29
251 260 30
250 260 31
250 260 32
250 260 33
250 260 34
250 261 35
250 261 36
250 261 37
249 262 38
250 262 39
250 262 40
250 262 41
251 262 42
250 263 43
251 262 44
251 262 45
251 262 46
251 262 47
250 262 48
250 262 49
251 263 50
251 263 51
251 263 52
251 263 53
251 263 54
251 263 55
251 263 56
252 263 57
251 264 58
250 264 59
250 264 60
250 264 61
250 264 62
250 264 63
250 264 64
250 264 65
249 264 66
249 265 67
249 266 68
249 266 69
250 267 70
249 267 71
250 268 72
249 268 73
249 268 74
250 268 75
250 267 76
250 267 77
250 267 78
251 268 79
250 267 80
250 267 81
249 267 82
250 267 83
250 267 84
250 267 85
250 268 86
250 268 87
251 269 88
250 268 89
249 268 90
250 268 91
251 269 92
250 269 93
251 268 94
250 268 95
250 269 96
251 270 97
251 270 98
251 270 99
251 270 100
252 271 101
252 271 102
252 271 103
252 271 104
252 271 105
252 271 106
251 272 107
250 272 108
250 273 109
250 273 110
249 273 111
250 274 112
251 274 112
252 274 112
253 274 112
91
251 259 24
250 259 25
251 259 26
251 259 27
250 259 28
250 259 29
251 260 30
250 260 31
250 260 32
250 260 33
250 260 34
250 261 35
250 261 36
250 261 37
249 262 38
250 262 39
250 262 40
250 262 41
251 262 42
250 263 43
251 262 44
251 262 45
251 262 46
251 262 47
250 262 48
250 262 49
251 263 50
251 263 51
251 263 52
251 263 53
251 263 54
251 263 55
251 263 56
252 263 57
251 264 58
250 264 59
250 264 60
250 264 61
250 264 62
250 264 63
250 264 64
250 264 65
249 264 66
249 265 67
249 266 68
249 266 69
250 267 70
249 267 71
250 268 72
249 268 73
249 268 74
250 268 75
250 267 76
250 267 77
250 267 78
251 268 79
250 267 80
250 267 81
249 267 82
250 267 83
250 267 84
250 267 85
250 268 86
250 268 87
251 269 88
250 268 89
249 268 90
250 268 91
251 269 92
250 269 93
251 268 94
250 268 95
250 269 96
251 270 97
251 270 98
251 270 99
251 270 100
252 271 101
252 271 102
252 271 103
252 271 104
252 271 105
252 271 106
252 271 107
253 271 108
254 271 109
255 272 110
255 272 111
256 273 112
255 274 112
254 275 112
78
251 259 24
250 259 25
251 259 26
251 259 27
250 259 28
250 259 29
251 260 30
250 260 31
250 260 32
250 260 33
250 260 34
250 261 35
250 261 36
250 261 37
249 262 38
250 262 39
250 262 40
250 262 41
251 262 42
250 263 43
249 264 44
249 265 45
249 266 46
243 267 48
240 270 54
237 276 61
237 277 62
236 278 63
235 279 64
235 280 65
235 281 66
234 282 66
234 283 67
234 284 68
234 285 68
233 286 69
232 287 69
232 288 70
231 289 70
231 290 71
230 291 71
230 292 71
230 293 72
229 294 72
229 295 72
228 296 72
228 297 73
228 298 74
228 299 74
227 300 74
227 301 75
227 302 75
227 303 75
226 304 75
226 305 75
226 306 75
226 307 75
226 308 75
225 309 75
225 310 75
226 311 75
226 312 75
225 313 75
225 314 75
225 315 75
225 316 75
225 317 75
225 318 75
225 319 75
224 320 75
224 321 75
224 322 76
224 323 75
224 324 75
224 325 75
224 326 75
224 327 75
224 328 75
74
251 259 24
250 259 25
251 259 26
251 259 27
250 259 28
250 259 29
251 260 30
250 260 31
250 260 32
250 260 33
250 260 34
250 261 35
250 261 36
250 261 37
249 262 38
250 262 39
250 262 40
250 262 41
251 262 42
250 263 43
251 262 44
251 262 45
251 262 46
251 262 47
250 262 48
250 262 49
251 263 50
251 263 51
251 263 52
251 263 53
251 263 54
251 263 55
251 263 56
252 263 57
251 264 58
250 264 59
250 264 60
250 264 61
250 264 62
250 264 63
250 264 64
250 264 65
249 264 66
249 265 67
249 266 68
249 266 69
250 267 70
249 267 71
250 268 72
249 268 73
249 268 74
250 268 75
250 267 76
250 267 77
250 267 78
251 268 79
250 267 80
250 267 81
249 267 82
250 267 83
250 267 84
250 267 85
250 268 86
250 268 87
251 269 88
250 268 89
249 268 90
248 269 90
247 269 91
246 270 92
246 270 93
245 271 94
245 271 95
245 273 102
73
251 259 24
250 259 25
251 259 26
251 259 27
250 259 28
250 259 29
251 260 30
250 260 31
250 260 32
250 260 33
250 260 34
250 261 35
250 261 36
250 261 37
249 262 38
250 262 39
250 262 40
250 262 41
251 262 42
250 263 43
251 262 44
251 262 45
251 262 46
251 262 47
250 262 48
250 262 49
251 263 50
251 263 51
251 263 52
251 263 53
251 263 54
251 263 55
251 263 56
252 263 57
251 264 58
250 264 59
250 264 60
250 264 61
250 264 62
250 264 63
250 264 64
250 264 65
249 264 66
249 265 67
249 266 68
249 266 69
250 267 70
249 267 71
250 268 72
249 268 73
249 268 74
250 268 75
250 267 76
250 267 77
250 267 78
251 268 79
250 267 80
250 267 81
249 267 82
250 267 83
250 267 84
250 267 85
250 268 86
250 268 87
251 269 88
250 268 89
249 268 90
248 269 90
247 269 91
246 270 92
246 270 93
245 271 94
245 271 95
71
251 259 24
250 259 25
251 259 26
251 259 27
250 259 28
250 259 29
251 260 30
250 260 31
250 260 32
250 260 33
250 260 34
250 261 35
250 261 36
250 261 37
249 262 38
250 262 39
250 262 40
250 262 41
251 262 42
250 263 43
251 262 44
251 262 45
251 262 46
251 262 47
250 262 48
250 262 49
251 263 50
251 263 51
251 263 52
251 263 53
251 263 54
251 263 55
251 263 56
252 263 57
251 264 58
250 264 59
250 264 60
250 264 61
250 264 62
250 264 63
250 264 64
250 264 65
249 264 66
249 265 67
249 266 68
249 266 69
250 267 70
249 267 71
250 268 72
249 268 73
249 268 74
250 268 75
250 267 76
250 267 77
250 267 78
251 268 79
250 267 80
250 267 81
249 267 82
250 267 83
250 267 84
250 267 85
250 268 86
250 268 87
251 269 88
250 268 89
249 268 90
250 268 91
251 269 92
252 270 92
253 271 92
70
251 259 24
250 259 25
251 259 26
251 259 27
250 259 28
250 259 29
251 260 30
250 260 31
250 260 32
250 260 33
250 260 34
250 261 35
250 261 36
250 261 37
249 262 38
250 262 39
250 262 40
250 262 41
251 262 42
250 263 43
251 262 44
251 262 45
251 262 46
251 262 47
250 262 48
250 262 49
251 263 50
251 263 51
251 263 52
251 263 53
251 263 54
251 263 55
251 263 56
252 263 57
251 264 58
250 264 59
250 264 60
250 264 61
250 264 62
250 264 63
250 264 64
250 264 65
249 264 66
249 265 67
249 266 68
249 266 69
250 267 70
249 267 71
250 268 72
249 268 73
249 268 74
250 268 75
250 267 76
250 267 77
250 267 78
251 268 79
250 267 80
250 267 81
249 267 82
250 267 83
250 267 84
250 267 85
250 268 86
250 268 87
251 269 88
252 270 87
253 271 88
253 272 89
253 272 90
254 272 91
61
251 259 24
250 259 25
251 259 26
251 259 27
250 259 28
250 259 29
251 260 30
250 260 31
250 260 32
250 260 33
250 260 34
250 261 35
250 261 36
250 261 37
249 262 38
250 262 39
250 262 40
250 262 41
251 262 42
250 263 43
251 262 44
251 262 45
251 262 46
251 262 47
250 262 48
250 262 49
251 263 50
251 263 51
251 263 52
251 263 53
251 263 54
251 263 55
251 263 56
252 263 57
251 264 58
250 264 59
250 264 60
250 264 61
250 264 62
250 264 63
250 264 64
250 264 65
249 264 66
249 265 67
249 266 68
249 266 69
250 267 70
249 267 71
250 268 72
249 268 73
249 268 74
248 269 75
249 270 76
250 271 77
251 271 78
250 272 79
250 272 80
251 273 81
250 273 82
250 274 83
250 274 84
59
251 259 24
250 259 25
251 259 26
251 259 27
250 259 28
250 259 29
251 260 30
250 260 31
250 260 32
250 260 33
250 260 34
250 261 35
250 261 36
250 261 37
249 262 38
250 262 39
250 262 40
250 262 41
251 262 42
250 263 43
251 262 44
251 262 45
251 262 46
251 262 47
250 262 48
250 262 49
251 263 50
251 263 51
251 263 52
251 263 53
251 263 54
251 263 55
251 263 56
252 263 57
251 264 58
250 264 59
250 264 60
250 264 61
250 264 62
250 264 63
250 264 64
250 264 65
249 264 66
249 265 67
249 266 68
249 266 69
250 267 70
249 267 71
250 268 72
249 268 73
249 268 74
250 268 75
250 267 76
250 267 77
250 267 78
251 268 79
250 267 80
251 268 81
251 269 81
58
251 259 24
250 259 25
251 259 26
251 259 27
250 259 28
250 259 29
251 260 30
250 260 31
250 260 32
250 260 33
250 260 34
250 261 35
250 261 36
250 261 37
249 262 38
250 262 39
250 262 40
250 262 41
251 262 42
250 263 43
251 262 44
251 262 45
251 262 46
251 262 47
250 262 48
250 262 49
251 263 50
251 263 51
251 263 52
251 263 53
251 263 54
251 263 55
251 263 56
252 263 57
251 264 58
250 264 59
250 264 60
250 264 61
250 264 62
250 264 63
250 264 64
250 264 65
249 264 66
249 265 67
249 266 68
249 266 69
250 267 70
249 267 71
250 268 72
249 268 73
249 268 74
248 269 75
249 270 76
250 271 77
251 271 78
250 272 79
250 271 80
251 270 81
57
251 259 24
250 259 25
251 259 26
251 259 27
250 259 28
250 259 29
251 260 30
250 260 31
250 260 32
250 260 33
250 260 34
250 261 35
250 261 36
250 261 37
249 262 38
250 262 39
250 262 40
250 262 41
251 262 42
250 263 43
251 262 44
251 262 45
251 262 46
251 262 47
250 262 48
250 262 49
251 263 50
251 263 51
251 263 52
251 263 53
251 263 54
251 263 55
251 263 56
252 263 57
251 264 58
250 264 59
250 264 60
250 264 61
250 264 62
250 264 63
250 264 64
250 264 65
249 264 66
249 265 67
249 266 68
249 266 69
250 267 70
249 267 71
250 268 72
249 268 73
249 268 74
250 268 75
250 267 76
250 267 77
250 267 78
251 268 79
252 269 79
57
251 259 24
250 259 25
251 259 26
251 259 27
250 259 28
250 259 29
251 260 30
250 260 31
250 260 32
250 260 33
250 260 34
250 261 35
250 261 36
250 261 37
249 262 38
250 262 39
250 262 40
250 262 41
251 262 42
250 263 43
251 262 44
251 262 45
251 262 46
251 262 47
250 262 48
250 262 49
251 263 50
251 263 51
251 263 52
251 263 53
251 263 54
251 263 55
251 263 56
252 263 57
251 264 58
250 264 59
250 264 60
250 264 61
250 264 62
250 264 63
250 264 64
250 264 65
249 264 66
249 265 67
249 266 68
249 266 69
250 267 70
249 267 71
250 268 72
249 268 73
249 268 74
248 269 75
249 270 76
250 271 77
251 271 78
252 271 78
253 270 79
48
251 259 24
250 259 25
251 259 26
251 259 27
250 259 28
250 259 29
251 260 30
250 260 31
250 260 32
250 260 33
250 260 34
250 261 35
250 261 36
250 261 37
249 262 38
250 262 39
250 262 40
250 262 41
251 262 42
250 263 43
251 262 44
251 262 45
251 262 46
251 262 47
250 262 48
250 262 49
251 263 50
251 263 51
251 263 52
251 263 53
251 263 54
251 263 55
251 263 56
252 263 57
252 262 58
251 261 59
252 260 59
253 260 60
253 260 61
254 260 62
253 259 63
254 259 64
254 259 65
255 259 66
255 259 67
256 259 68
256 264 68
258 265 72
47
251 259 24
250 259 25
251 259 26
251 259 27
250 259 28
250 259 29
251 260 30
250 260 31
250 260 32
250 260 33
250 260 34
250 261 35
250 261 36
250 261 37
249 262 38
250 262 39
250 262 40
250 262 41
251 262 42
250 263 43
251 262 44
251 262 45
251 262 46
251 262 47
250 262 48
250 262 49
251 263 50
251 263 51
251 263 52
251 263 53
251 263 54
251 263 55
251 263 56
252 263 57
252 262 58
251 261 59
252 260 59
253 260 60
253 260 61
254 260 62
253 259 63
254 259 64
254 259 65
255 259 66
255 259 67
256 259 68
256 264 68
44
251 259 24
250 259 25
251 259 26
251 259 27
250 259 28
250 259 29
251 260 30
250 260 31
250 260 32
250 260 33
250 260 34
250 261 35
250 261 36
250 261 37
249 262 38
250 262 39
250 262 40
250 262 41
251 262 42
250 263 43
251 262 44
251 262 45
251 262 46
251 262 47
250 262 48
250 262 49
251 263 50
251 263 51
251 263 52
251 263 53
251 263 54
251 263 55
251 263 56
252 263 57
251 264 58
250 264 59
250 264 60
250 264 61
250 264 62
250 264 63
250 264 64
250 264 65
249 264 66
249 263 67
40
251 259 24
250 259 25
251 259 26
251 259 27
250 259 28
250 259 29
251 260 30
250 260 31
250 260 32
250 260 33
250 260 34
250 261 35
250 261 36
250 261 37
249 262 38
250 262 39
250 262 40
250 262 41
251 262 42
250 263 43
251 262 44
251 262 45
251 262 46
251 262 47
250 262 48
250 262 49
251 263 50
251 263 51
251 263 52
251 263 53
251 263 54
251 263 55
251 263 56
252 263 57
251 264 58
252 265 59
253 264 60
254 263 61
254 263 62
254 263 63
38
251 259 24
250 259 25
251 259 26
251 259 27
250 259 28
250 259 29
251 260 30
250 260 31
250 260 32
250 260 33
250 260 34
250 261 35
250 261 36
250 261 37
249 262 38
250 262 39
250 262 40
250 262 41
251 262 42
250 263 43
251 262 44
251 262 45
251 262 46
251 262 47
250 262 48
250 262 49
251 263 50
251 263 51
251 263 52
251 263 53
251 263 54
251 263 55
251 263 56
252 263 57
251 264 58
252 265 59
252 265 60
253 266 61
38
251 259 24
250 259 25
251 259 26
251 259 27
250 259 28
250 259 29
251 260 30
250 260 31
250 260 32
250 260 33
250 260 34
250 261 35
250 261 36
250 261 37
249 262 38
250 262 39
250 262 40
250 262 41
251 262 42
250 263 43
251 262 44
251 262 45
251 262 46
251 262 47
250 262 48
250 262 49
251 263 50
251 263 51
251 263 52
251 263 53
251 263 54
251 263 55
251 263 56
252 263 57
251 264 58
252 265 59
253 264 60
254 265 61
31
251 259 24
250 259 25
251 259 26
251 259 27
250 259 28
250 259 29
251 260 30
250 260 31
250 260 32
250 260 33
250 260 34
250 261 35
250 261 36
250 261 37
249 262 38
250 262 39
250 262 40
250 262 41
251 262 42
250 263 43
249 264 44
249 265 45
249 266 46
243 267 48
240 270 54
237 276 61
237 277 62
236 278 63
235 279 64
236 280 64
237 281 64
31
251 259 24
250 259 25
251 259 26
251 259 27
250 259 28
250 259 29
251 260 30
250 260 31
250 260 32
250 260 33
250 260 34
250 261 35
250 261 36
250 261 37
249 262 38
250 262 39
250 262 40
250 262 41
251 262 42
250 263 43
249 264 44
249 265 45
249 266 46
243 267 48
240 270 54
237 276 61
237 277 62
237 278 62
238 279 63
239 280 63
238 281 64
29
251 259 24
250 259 25
251 259 26
251 259 27
250 259 28
250 259 29
251 260 30
250 260 31
250 260 32
250 260 33
250 260 34
250 261 35
250 261 36
250 261 37
249 262 38
250 262 39
250 262 40
250 262 41
251 262 42
250 263 43
251 262 44
251 262 45
251 262 46
251 262 47
250 262 48
250 262 49
251 263 50
251 263 51
245 263 51
26
251 259 24
250 259 25
251 259 26
251 259 27
250 259 28
250 259 29
251 260 30
250 260 31
250 260 32
250 260 33
250 260 34
250 261 35
250 261 36
250 261 37
249 262 38
250 262 39
250 262 40
250 262 41
251 262 42
250 263 43
249 264 44
249 265 45
249 266 46
243 267 48
240 270 54
237 276 61
25
251 259 24
250 259 25
251 259 26
251 259 27
250 259 28
250 259 29
251 260 30
250 260 31
250 260 32
250 260 33
250 260 34
250 261 35
250 261 36
250 261 37
249 262 38
250 262 39
250 262 40
250 262 41
251 262 42
250 263 43
249 264 44
249 265 45
249 266 46
243 267 48
240 270 54
25
251 259 24
250 259 25
251 259 26
251 259 27
250 259 28
250 259 29
251 260 30
250 260 31
250 260 32
250 260 33
250 260 34
250 261 35
250 261 36
250 261 37
249 262 38
250 262 39
250 262 40
250 262 41
251 262 42
250 263 43
251 262 44
251 262 45
251 262 46
251 262 47
246 262 47
24
251 259 24
250 259 25
251 259 26
251 259 27
250 259 28
250 259 29
251 260 30
250 260 31
250 260 32
250 260 33
250 260 34
250 261 35
250 261 36
250 261 37
249 262 38
250 262 39
250 262 40
250 262 41
251 262 42
250 263 43
249 264 44
249 265 45
249 266 46
243 267 48
23
251 259 24
250 259 25
251 259 26
251 259 27
250 259 28
250 259 29
251 260 30
250 260 31
250 260 32
250 260 33
250 260 34
250 261 35
250 261 36
250 261 37
249 262 38
250 262 39
250 262 40
250 262 41
251 262 42
250 263 43
249 264 44
249 265 45
249 266 46
22
251 259 24
250 259 25
251 259 26
251 259 27
250 259 28
250 259 29
251 260 30
250 260 31
250 260 32
250 260 33
250 260 34
250 261 35
250 261 36
250 261 37
249 262 38
250 262 39
250 262 40
250 262 41
251 262 42
250 263 43
249 264 44
244 265 44
19
251 259 24
250 259 25
251 259 26
251 259 27
250 259 28
250 259 29
251 260 30
250 260 31
250 260 32
250 260 33
250 260 34
250 261 35
250 261 36
250 261 37
249 262 38
248 262 38
247 262 39
246 262 40
247 262 41
