57
279
242 260 23
243 260 24
243 260 25
243 261 26
243 261 27
242 262 28
243 263 29
242 263 30
243 263 31
243 264 32
243 264 33
244 265 34
244 265 35
244 265 36
243 265 37
244 266 38
244 266 39
245 267 40
244 266 41
244 267 42
245 267 43
245 268 44
245 268 45
245 268 46
245 268 47
245 269 48
245 269 49
245 269 50
245 269 51
245 270 52
246 271 53
246 271 54
246 271 55
246 272 56
246 271 57
246 271 58
246 271 59
246 271 60
246 272 61
246 272 62
246 272 63
247 273 64
247 273 65
247 273 66
247 273 67
247 273 68
247 274 69
246 273 70
246 274 71
247 275 72
247 275 73
247 276 74
248 276 75
248 277 76
249 277 77
249 277 78
249 277 79
249 277 80
250 277 81
249 278 82
249 279 83
249 279 84
249 279 85
249 278 86
249 279 87
249 279 88
249 279 89
249 279 90
250 278 91
249 279 92
248 279 93
248 279 94
249 280 95
249 279 96
248 278 97
247 278 98
246 278 99
246 279 100
246 278 101
246 278 102
246 278 103
245 278 104
245 279 105
245 279 106
245 279 107
246 278 108
246 278 109
246 278 110
246 278 111
245 279 112
245 279 113
246 278 114
246 279 115
246 278 116
246 278 117
246 278 118
246 278 119
245 278 120
245 278 121
245 278 122
245 278 123
244 278 124
244 278 125
244 278 126
244 277 127
243 278 128
243 277 129
243 277 130
242 277 131
242 276 132
242 276 133
242 275 134
241 275 135
241 275 136
241 274 137
240 274 138
240 273 139
240 273 140
240 273 141
239 273 142
239 272 143
239 272 144
239 272 145
239 271 146
239 271 147
239 271 148
238 270 149
239 270 150
238 269 151
239 269 152
239 269 153
239 268 154
239 268 155
239 267 156
239 267 157
239 267 158
240 267 159
240 267 160
240 267 161
240 267 162
240 266 163
239 266 164
239 266 165
239 266 166
239 266 167
239 266 168
239 266 169
239 266 170
238 266 171
238 266 172
238 266 173
238 266 174
238 266 175
238 266 176
237 265 177
237 265 178
237 265 179
237 265 180
237 265 181
238 265 182
237 264 183
237 264 184
237 263 185
237 263 186
238 263 187
237 262 188
238 262 189
238 261 190
238 261 191
238 261 192
238 261 193
238 261 194
237 261 195
237 260 196
237 260 197
237 260 198
237 259 199
237 259 200
237 259 201
238 260 202
238 259 203
238 258 204
238 258 205
238 258 206
238 258 207
238 257 208
238 257 209
238 256 210
238 256 211
239 255 212
238 255 213
239 256 214
238 255 215
238 255 216
239 255 217
238 254 218
238 253 219
239 253 220
238 252 221
239 252 222
239 251 223
239 251 224
239 250 225
240 250 226
241 250 227
240 249 228
241 249 229
242 249 230
242 248 231
241 247 232
242 247 233
243 247 234
243 246 235
243 245 236
244 244 237
244 243 238
244 242 239
245 242 240
246 242 241
246 242 242
246 241 243
246 240 244
247 239 245
248 239 246
249 238 247
250 238 248
250 237 249
250 237 250
251 237 251
252 236 252
252 236 253
253 236 254
254 235 255
254 235 256
255 234 257
256 233 258
256 233 259
256 233 260
257 232 261
258 231 262
259 230 263
260 229 264
261 228 265
262 228 266
263 228 267
264 228 268
265 228 269
266 227 269
267 226 270
268 226 271
269 225 271
270 225 272
271 225 273
272 225 273
273 224 273
274 223 273
275 224 273
276 224 274
277 225 275
278 225 275
279 225 275
280 225 276
281 225 276
282 225 276
291 222 276
292 222 276
293 222 276
294 221 276
295 221 276
296 221 276
297 220 276
298 220 276
299 220 275
300 220 275
301 219 275
302 219 275
303 219 274
304 219 274
305 219 274
265
242 260 23
243 260 24
243 260 25
243 261 26
243 261 27
242 262 28
243 263 29
242 263 30
243 263 31
243 264 32
243 264 33
244 265 34
244 265 35
244 265 36
243 265 37
244 266 38
244 266 39
245 267 40
244 266 41
244 267 42
245 267 43
245 268 44
245 268 45
245 268 46
245 268 47
245 269 48
245 269 49
245 269 50
245 269 51
245 270 52
246 271 53
246 271 54
246 271 55
246 272 56
246 271 57
246 271 58
246 271 59
246 271 60
246 272 61
246 272 62
246 272 63
247 273 64
247 273 65
247 273 66
247 273 67
247 273 68
247 274 69
246 273 70
246 274 71
247 275 72
247 275 73
247 276 74
248 276 75
248 277 76
249 277 77
249 277 78
249 277 79
249 277 80
250 277 81
249 278 82
249 279 83
249 279 84
249 279 85
249 278 86
249 279 87
249 279 88
249 279 89
249 279 90
250 278 91
249 279 92
248 279 93
248 279 94
249 280 95
249 279 96
248 278 97
247 278 98
246 278 99
246 279 100
246 278 101
246 278 102
246 278 103
245 278 104
245 279 105
245 279 106
245 279 107
246 278 108
246 278 109
246 278 110
246 278 111
245 279 112
245 279 113
246 278 114
246 279 115
246 278 116
246 278 117
246 278 118
246 278 119
245 278 120
245 278 121
245 278 122
245 278 123
244 278 124
244 278 125
244 278 126
244 277 127
243 278 128
243 277 129
243 277 130
242 277 131
242 276 132
242 276 133
242 275 134
241 275 135
241 275 136
241 274 137
240 274 138
240 273 139
240 273 140
240 273 141
239 273 142
239 272 143
239 272 144
239 272 145
239 271 146
239 271 147
239 271 148
238 270 149
239 270 150
238 269 151
239 269 152
239 269 153
239 268 154
239 268 155
239 267 156
239 267 157
239 267 158
240 267 159
240 267 160
240 267 161
240 267 162
240 266 163
239 266 164
239 266 165
239 266 166
239 266 167
239 266 168
239 266 169
239 266 170
238 266 171
238 266 172
238 266 173
238 266 174
238 266 175
238 266 176
237 265 177
237 265 178
237 265 179
237 265 180
237 265 181
238 265 182
237 264 183
237 264 184
237 263 185
237 263 186
238 263 187
237 262 188
238 262 189
238 261 190
238 261 191
238 261 192
238 261 193
238 261 194
237 261 195
237 260 196
237 260 197
237 260 198
237 259 199
237 259 200
237 259 201
238 260 202
238 259 203
238 258 204
238 258 205
238 258 206
238 258 207
238 257 208
238 257 209
238 256 210
238 256 211
239 255 212
238 255 213
239 256 214
238 255 215
238 255 216
239 255 217
238 254 218
238 253 219
239 253 220
238 252 221
239 252 222
239 251 223
239 251 224
239 250 225
240 250 226
241 250 227
240 249 228
241 249 229
242 249 230
242 248 231
241 247 232
242 247 233
243 247 234
243 246 235
243 245 236
244 244 237
244 243 238
244 242 239
245 242 240
246 242 241
246 242 242
246 241 243
246 240 244
247 239 245
248 239 246
249 238 247
250 238 248
250 237 249
250 237 250
251 237 251
252 236 252
252 236 253
253 236 254
254 235 255
254 235 256
255 234 257
256 233 258
256 233 259
256 233 260
257 232 261
258 231 262
259 230 263
260 229 264
261 228 265
262 228 266
263 228 267
264 228 268
265 228 269
266 227 269
267 226 270
268 226 271
269 225 271
270 225 272
271 225 273
272 225 273
273 224 273
274 223 273
275 224 273
276 224 274
277 225 275
278 225 275
279 225 275
280 225 276
281 225 276
282 225 276
291 222 276
264
242 260 23
243 260 24
243 260 25
243 261 26
243 261 27
242 262 28
243 263 29
242 263 30
243 263 31
243 264 32
243 264 33
244 265 34
244 265 35
244 265 36
243 265 37
244 266 38
244 266 39
245 267 40
244 266 41
244 267 42
245 267 43
245 268 44
245 268 45
245 268 46
245 268 47
245 269 48
245 269 49
245 269 50
245 269 51
245 270 52
246 271 53
246 271 54
246 271 55
246 272 56
246 271 57
246 271 58
246 271 59
246 271 60
246 272 61
246 272 62
246 272 63
247 273 64
247 273 65
247 273 66
247 273 67
247 273 68
247 274 69
246 273 70
246 274 71
247 275 72
247 275 73
247 276 74
248 276 75
248 277 76
249 277 77
249 277 78
249 277 79
249 277 80
250 277 81
249 278 82
249 279 83
249 279 84
249 279 85
249 278 86
249 279 87
249 279 88
249 279 89
249 279 90
250 278 91
249 279 92
248 279 93
248 279 94
249 280 95
249 279 96
248 278 97
247 278 98
246 278 99
246 279 100
246 278 101
246 278 102
246 278 103
245 278 104
245 279 105
245 279 106
245 279 107
246 278 108
246 278 109
246 278 110
246 278 111
245 279 112
245 279 113
246 278 114
246 279 115
246 278 116
246 278 117
246 278 118
246 278 119
245 278 120
245 278 121
245 278 122
245 278 123
244 278 124
244 278 125
244 278 126
244 277 127
243 278 128
243 277 129
243 277 130
242 277 131
242 276 132
242 276 133
242 275 134
241 275 135
241 275 136
241 274 137
240 274 138
240 273 139
240 273 140
240 273 141
239 273 142
239 272 143
239 272 144
239 272 145
239 271 146
239 271 147
239 271 148
238 270 149
239 270 150
238 269 151
239 269 152
239 269 153
239 268 154
239 268 155
239 267 156
239 267 157
239 267 158
240 267 159
240 267 160
240 267 161
240 267 162
240 266 163
239 266 164
239 266 165
239 266 166
239 266 167
239 266 168
239 266 169
239 266 170
238 266 171
238 266 172
238 266 173
238 266 174
238 266 175
238 266 176
237 265 177
237 265 178
237 265 179
237 265 180
237 265 181
238 265 182
237 264 183
237 264 184
237 263 185
237 263 186
238 263 187
237 262 188
238 262 189
238 261 190
238 261 191
238 261 192
238 261 193
238 261 194
237 261 195
237 260 196
237 260 197
237 260 198
237 259 199
237 259 200
237 259 201
238 260 202
238 259 203
238 258 204
238 258 205
238 258 206
238 258 207
238 257 208
238 257 209
238 256 210
238 256 211
239 255 212
238 255 213
239 256 214
238 255 215
238 255 216
239 255 217
238 254 218
238 253 219
239 253 220
238 252 221
239 252 222
239 251 223
239 251 224
239 250 225
240 250 226
241 250 227
240 249 228
241 249 229
242 249 230
242 248 231
241 247 232
242 247 233
243 247 234
243 246 235
243 245 236
244 244 237
244 243 238
244 242 239
245 242 240
246 242 241
246 242 242
246 241 243
246 240 244
247 239 245
248 239 246
249 238 247
250 238 248
250 237 249
250 237 250
251 237 251
252 236 252
252 236 253
253 236 254
254 235 255
254 235 256
255 234 257
256 233 258
256 233 259
256 233 260
257 232 261
258 231 262
259 230 263
260 229 264
261 228 265
262 228 266
263 228 267
264 228 268
265 228 269
266 227 269
267 226 270
268 226 271
269 225 271
270 225 272
271 225 273
272 225 273
273 224 273
274 223 273
275 224 273
276 224 274
277 225 275
278 225 275
279 225 275
280 225 276
281 225 276
282 225 276
263
242 260 23
243 260 24
243 260 25
243 261 26
243 261 27
242 262 28
243 263 29
242 263 30
243 263 31
243 264 32
243 264 33
244 265 34
244 265 35
244 265 36
243 265 37
244 266 38
244 266 39
245 267 40
244 266 41
244 267 42
245 267 43
245 268 44
245 268 45
245 268 46
245 268 47
245 269 48
245 269 49
245 269 50
245 269 51
245 270 52
246 271 53
246 271 54
246 271 55
246 272 56
246 271 57
246 271 58
246 271 59
246 271 60
246 272 61
246 272 62
246 272 63
247 273 64
247 273 65
247 273 66
247 273 67
247 273 68
247 274 69
246 273 70
246 274 71
247 275 72
247 275 73
247 276 74
248 276 75
248 277 76
249 277 77
249 277 78
249 277 79
249 277 80
250 277 81
249 278 82
249 279 83
249 279 84
249 279 85
249 278 86
249 279 87
249 279 88
249 279 89
249 279 90
250 278 91
249 279 92
248 279 93
248 279 94
249 280 95
249 279 96
248 278 97
247 278 98
246 278 99
246 279 100
246 278 101
246 278 102
246 278 103
245 278 104
245 279 105
245 279 106
245 279 107
246 278 108
246 278 109
246 278 110
246 278 111
245 279 112
245 279 113
246 278 114
246 279 115
246 278 116
246 278 117
246 278 118
246 278 119
245 278 120
245 278 121
245 278 122
245 278 123
244 278 124
244 278 125
244 278 126
244 277 127
243 278 128
243 277 129
243 277 130
242 277 131
242 276 132
242 276 133
242 275 134
241 275 135
241 275 136
241 274 137
240 274 138
240 273 139
240 273 140
240 273 141
239 273 142
239 272 143
239 272 144
239 272 145
239 271 146
239 271 147
239 271 148
238 270 149
239 270 150
238 269 151
239 269 152
239 269 153
239 268 154
239 268 155
239 267 156
239 267 157
239 267 158
240 267 159
240 267 160
240 267 161
240 267 162
240 266 163
239 266 164
239 266 165
239 266 166
239 266 167
239 266 168
239 266 169
239 266 170
238 266 171
238 266 172
238 266 173
238 266 174
238 266 175
238 266 176
237 265 177
237 265 178
237 265 179
237 265 180
237 265 181
238 265 182
237 264 183
237 264 184
237 263 185
237 263 186
238 263 187
237 262 188
238 262 189
238 261 190
238 261 191
238 261 192
238 261 193
238 261 194
237 261 195
237 260 196
237 260 197
237 260 198
237 259 199
237 259 200
237 259 201
238 260 202
238 259 203
238 258 204
238 258 205
238 258 206
238 258 207
238 257 208
238 257 209
238 256 210
238 256 211
239 255 212
238 255 213
239 256 214
238 255 215
238 255 216
239 255 217
238 254 218
238 253 219
239 253 220
238 252 221
239 252 222
239 251 223
239 251 224
239 250 225
240 250 226
241 250 227
240 249 228
241 249 229
242 249 230
242 248 231
241 247 232
242 247 233
243 247 234
243 246 235
243 245 236
244 244 237
244 243 238
244 242 239
245 242 240
246 242 241
246 242 242
246 241 243
246 240 244
247 239 245
248 239 246
249 238 247
250 238 248
250 237 249
250 237 250
251 237 251
252 236 252
252 236 253
253 236 254
254 235 255
254 235 256
255 234 257
256 233 258
256 233 259
256 233 260
257 232 261
258 231 262
259 230 263
260 229 264
261 228 265
262 228 266
263 228 267
264 228 268
265 228 269
266 227 269
267 226 270
268 226 271
269 225 271
270 225 272
271 225 273
272 225 273
273 224 273
274 223 273
275 222 273
276 221 273
276 220 274
277 219 275
278 219 275
279 218 275
280 218 275
260
242 260 23
243 260 24
243 260 25
243 261 26
243 261 27
242 262 28
243 263 29
242 263 30
243 263 31
243 264 32
243 264 33
244 265 34
244 265 35
244 265 36
243 265 37
244 266 38
244 266 39
245 267 40
244 266 41
244 267 42
245 267 43
245 268 44
245 268 45
245 268 46
245 268 47
245 269 48
245 269 49
245 269 50
245 269 51
245 270 52
246 271 53
246 271 54
246 271 55
246 272 56
246 271 57
246 271 58
246 271 59
246 271 60
246 272 61
246 272 62
246 272 63
247 273 64
247 273 65
247 273 66
247 273 67
247 273 68
247 274 69
246 273 70
246 274 71
247 275 72
247 275 73
247 276 74
248 276 75
248 277 76
249 277 77
249 277 78
249 277 79
249 277 80
250 277 81
249 278 82
249 279 83
249 279 84
249 279 85
249 278 86
249 279 87
249 279 88
249 279 89
249 279 90
250 278 91
249 279 92
248 279 93
248 279 94
249 280 95
249 279 96
250 280 97
250 281 98
250 282 99
250 283 100
251 283 101
251 283 102
250 283 103
251 284 104
251 284 105
252 283 106
251 284 107
252 284 108
252 285 109
252 285 110
252 285 111
251 284 112
252 285 113
252 286 114
252 286 115
252 286 116
253 286 117
253 287 118
252 287 119
253 287 120
253 287 121
253 288 122
253 288 123
253 288 124
253 289 125
253 289 126
254 289 127
254 290 128
255 290 129
254 291 130
255 291 131
255 292 132
255 292 133
255 293 134
255 293 135
256 293 136
256 294 137
256 294 138
257 294 139
257 295 140
257 295 141
258 295 142
258 295 143
259 296 144
259 297 145
259 297 146
258 298 147
259 298 148
259 299 149
260 300 149
261 301 149
262 302 150
261 303 151
262 304 152
262 305 153
262 305 154
261 306 155
262 307 156
263 307 156
264 307 157
264 308 158
264 308 159
264 309 160
265 309 161
266 309 162
266 310 163
266 311 164
267 311 165
268 312 166
269 313 167
270 313 168
271 314 169
271 315 170
271 316 171
271 316 172
271 317 173
272 317 174
272 318 175
273 318 176
274 319 177
274 320 178
275 320 179
276 321 179
276 322 180
276 323 181
277 323 182
277 323 183
278 324 184
278 325 185
278 326 186
278 327 187
279 327 188
279 328 189
280 328 190
280 329 191
281 329 192
281 330 193
282 330 194
282 331 195
283 331 196
284 331 197
284 332 198
285 333 199
286 333 200
286 334 201
286 335 202
287 336 203
287 337 203
287 338 204
287 339 204
288 340 205
289 340 205
290 340 206
291 341 207
292 342 207
293 343 208
294 344 208
295 345 209
296 346 210
297 347 211
298 347 212
298 348 213
299 349 214
300 350 215
301 351 216
302 352 217
303 353 217
304 353 218
305 354 219
305 355 219
306 356 219
307 357 219
308 356 220
309 356 220
310 356 221
311 357 220
312 358 220
313 358 221
314 359 221
315 359 221
316 359 221
317 360 221
318 360 221
319 360 221
320 360 221
321 360 221
322 361 221
323 361 221
324 362 221
325 363 221
326 364 221
327 365 220
327 366 220
327 367 220
328 368 219
328 369 219
328 370 219
329 371 219
330 372 218
331 372 218
332 373 217
333 374 216
334 375 215
335 375 214
336 376 214
337 376 213
338 377 212
339 377 211
340 378 210
340 379 209
341 379 208
342 380 207
342 381 206
343 381 205
344 381 204
345 382 203
346 382 202
346 382 201
347 382 200
348 383 199
348 383 198
351 384 193
259
242 260 23
243 260 24
243 260 25
243 261 26
243 261 27
242 262 28
243 263 29
242 263 30
243 263 31
243 264 32
243 264 33
244 265 34
244 265 35
244 265 36
243 265 37
244 266 38
244 266 39
245 267 40
244 266 41
244 267 42
245 267 43
245 268 44
245 268 45
245 268 46
245 268 47
245 269 48
245 269 49
245 269 50
245 269 51
245 270 52
246 271 53
246 271 54
246 271 55
246 272 56
246 271 57
246 271 58
246 271 59
246 271 60
246 272 61
246 272 62
246 272 63
247 273 64
247 273 65
247 273 66
247 273 67
247 273 68
247 274 69
246 273 70
246 274 71
247 275 72
247 275 73
247 276 74
248 276 75
248 277 76
249 277 77
249 277 78
249 277 79
249 277 80
250 277 81
249 278 82
249 279 83
249 279 84
249 279 85
249 278 86
249 279 87
249 279 88
249 279 89
249 279 90
250 278 91
249 279 92
248 279 93
248 279 94
249 280 95
249 279 96
250 280 97
250 281 98
250 282 99
250 283 100
251 283 101
251 283 102
250 283 103
251 284 104
251 284 105
252 283 106
251 284 107
252 284 108
252 285 109
252 285 110
252 285 111
251 284 112
252 285 113
252 286 114
252 286 115
252 286 116
253 286 117
253 287 118
252 287 119
253 287 120
253 287 121
253 288 122
253 288 123
253 288 124
253 289 125
253 289 126
254 289 127
254 290 128
255 290 129
254 291 130
255 291 131
255 292 132
255 292 133
255 293 134
255 293 135
256 293 136
256 294 137
256 294 138
257 294 139
257 295 140
257 295 141
258 295 142
258 295 143
259 296 144
259 297 145
259 297 146
258 298 147
259 298 148
259 299 149
260 300 149
261 301 149
262 302 150
261 303 151
262 304 152
262 305 153
262 305 154
261 306 155
262 307 156
263 307 156
264 307 157
264 308 158
264 308 159
264 309 160
265 309 161
266 309 162
266 310 163
266 311 164
267 311 165
268 312 166
269 313 167
270 313 168
271 314 169
271 315 170
271 316 171
271 316 172
271 317 173
272 317 174
272 318 175
273 318 176
274 319 177
274 320 178
275 320 179
276 321 179
276 322 180
276 323 181
277 323 182
277 323 183
278 324 184
278 325 185
278 326 186
278 327 187
279 327 188
279 328 189
280 328 190
280 329 191
281 329 192
281 330 193
282 330 194
282 331 195
283 331 196
284 331 197
284 332 198
285 333 199
286 333 200
286 334 201
286 335 202
287 336 203
287 337 203
287 338 204
287 339 204
288 340 205
289 340 205
290 340 206
291 341 207
292 342 207
293 343 208
294 344 208
295 345 209
296 346 210
297 347 211
298 347 212
298 348 213
299 349 214
300 350 215
301 351 216
302 352 217
303 353 217
304 353 218
305 354 219
305 355 219
306 356 219
307 357 219
308 356 220
309 356 220
310 356 221
311 357 220
312 358 220
313 358 221
314 359 221
315 359 221
316 359 221
317 360 221
318 360 221
319 360 221
320 360 221
321 360 221
322 361 221
323 361 221
324 362 221
325 363 221
326 364 221
327 365 220
327 366 220
327 367 220
328 368 219
328 369 219
328 370 219
329 371 219
330 372 218
331 372 218
332 373 217
333 374 216
334 375 215
335 375 214
336 376 214
337 376 213
338 377 212
339 377 211
340 378 210
340 379 209
341 379 208
342 380 207
342 381 206
343 381 205
344 381 204
345 382 203
346 382 202
346 382 201
347 382 200
348 383 199
348 383 198
246
242 260 23
243 260 24
243 260 25
243 261 26
243 261 27
242 262 28
243 263 29
242 263 30
243 263 31
243 264 32
243 264 33
244 265 34
244 265 35
244 265 36
243 265 37
244 266 38
244 266 39
245 267 40
244 266 41
244 267 42
245 267 43
245 268 44
245 268 45
245 268 46
245 268 47
245 269 48
245 269 49
245 269 50
245 269 51
245 270 52
246 271 53
246 271 54
246 271 55
246 272 56
246 271 57
246 271 58
246 271 59
246 271 60
246 272 61
246 272 62
246 272 63
247 273 64
247 273 65
247 273 66
247 273 67
247 273 68
247 274 69
246 273 70
246 274 71
247 275 72
247 275 73
247 276 74
248 276 75
248 277 76
249 277 77
249 277 78
249 277 79
249 277 80
250 277 81
249 278 82
249 279 83
249 279 84
249 279 85
249 278 86
249 279 87
249 279 88
249 279 89
249 279 90
250 278 91
249 279 92
248 279 93
248 279 94
249 280 95
249 279 96
250 280 97
250 281 98
250 282 99
250 283 100
251 283 101
251 283 102
250 283 103
251 284 104
251 284 105
252 283 106
251 284 107
252 284 108
252 285 109
252 285 110
252 285 111
251 284 112
252 285 113
252 286 114
252 286 115
252 286 116
253 286 117
253 287 118
252 287 119
253 287 120
253 287 121
253 288 122
253 288 123
253 288 124
253 289 125
253 289 126
254 289 127
254 290 128
255 290 129
254 291 130
255 291 131
255 292 132
255 292 133
255 293 134
255 293 135
256 293 136
256 294 137
256 294 138
257 294 139
257 295 140
257 295 141
258 295 142
258 295 143
259 296 144
259 297 145
259 297 146
258 298 147
259 298 148
259 299 149
260 300 149
261 301 149
262 302 150
261 303 151
262 304 152
262 305 153
262 305 154
261 306 155
262 307 156
263 307 156
264 307 157
264 308 158
264 308 159
264 309 160
265 309 161
266 309 162
266 310 163
266 311 164
267 311 165
268 312 166
269 313 167
270 313 168
271 314 169
271 315 170
271 316 171
271 316 172
271 317 173
272 317 174
272 318 175
273 318 176
274 319 177
274 320 178
275 320 179
276 321 179
276 322 180
276 323 181
277 323 182
277 323 183
278 324 184
278 325 185
278 326 186
278 327 187
279 327 188
279 328 189
280 328 190
280 329 191
281 329 192
281 330 193
282 330 194
282 331 195
283 331 196
284 331 197
284 332 198
285 333 199
286 333 200
286 334 201
286 335 202
287 336 203
287 337 203
287 338 204
287 339 204
288 340 205
289 340 205
290 340 206
291 341 207
292 342 207
293 343 208
294 344 208
295 345 209
296 346 210
297 347 211
298 347 212
298 348 213
299 349 214
300 350 215
301 351 216
302 352 217
303 353 217
304 353 218
305 354 219
305 355 219
306 356 219
307 357 219
308 356 220
309 356 220
310 356 221
311 357 220
312 358 220
313 358 221
314 359 221
315 359 221
316 359 221
317 360 221
318 360 221
319 360 221
320 360 221
321 360 221
322 361 221
323 361 221
324 362 221
325 363 221
326 364 221
327 365 220
327 366 220
327 367 220
328 368 219
328 369 219
328 370 219
329 371 219
330 372 218
331 372 218
332 373 217
333 374 216
334 375 215
333 376 215
333 377 215
333 378 215
333 379 214
333 380 213
246
242 260 23
243 260 24
243 260 25
243 261 26
243 261 27
242 262 28
243 263 29
242 263 30
243 263 31
243 264 32
243 264 33
244 265 34
244 265 35
244 265 36
243 265 37
244 266 38
244 266 39
245 267 40
244 266 41
244 267 42
245 267 43
245 268 44
245 268 45
245 268 46
245 268 47
245 269 48
245 269 49
245 269 50
245 269 51
245 270 52
246 271 53
246 271 54
246 271 55
246 272 56
246 271 57
246 271 58
246 271 59
246 271 60
246 272 61
246 272 62
246 272 63
247 273 64
247 273 65
247 273 66
247 273 67
247 273 68
247 274 69
246 273 70
246 274 71
247 275 72
247 275 73
247 276 74
248 276 75
248 277 76
249 277 77
249 277 78
249 277 79
249 277 80
250 277 81
249 278 82
249 279 83
249 279 84
249 279 85
249 278 86
249 279 87
249 279 88
249 279 89
249 279 90
250 278 91
249 279 92
248 279 93
248 279 94
249 280 95
249 279 96
250 280 97
250 281 98
250 282 99
250 283 100
251 283 101
251 283 102
250 283 103
251 284 104
251 284 105
252 283 106
251 284 107
252 284 108
252 285 109
252 285 110
252 285 111
251 284 112
252 285 113
252 286 114
252 286 115
252 286 116
253 286 117
253 287 118
252 287 119
253 287 120
253 287 121
253 288 122
253 288 123
253 288 124
253 289 125
253 289 126
254 289 127
254 290 128
255 290 129
254 291 130
255 291 131
255 292 132
255 292 133
255 293 134
255 293 135
256 293 136
256 294 137
256 294 138
257 294 139
257 295 140
257 295 141
258 295 142
258 295 143
259 296 144
259 297 145
259 297 146
258 298 147
259 298 148
259 299 149
260 300 149
261 301 149
262 302 150
261 303 151
262 304 152
262 305 153
262 305 154
261 306 155
262 307 156
263 307 156
264 307 157
264 308 158
264 308 159
264 309 160
265 309 161
266 309 162
266 310 163
266 311 164
267 311 165
268 312 166
269 313 167
270 313 168
271 314 169
271 315 170
271 316 171
271 316 172
271 317 173
272 317 174
272 318 175
273 318 176
274 319 177
274 320 178
275 320 179
276 321 179
276 322 180
276 323 181
277 323 182
277 323 183
278 324 184
278 325 185
278 326 186
278 327 187
279 327 188
279 328 189
280 328 190
280 329 191
281 329 192
281 330 193
282 330 194
282 331 195
283 331 196
284 331 197
284 332 198
285 333 199
286 333 200
286 334 201
286 335 202
287 336 203
287 337 203
287 338 204
287 339 204
288 340 205
289 340 205
290 340 206
291 341 207
292 342 207
293 343 208
294 344 208
295 345 209
296 346 210
297 347 211
298 347 212
298 348 213
299 349 214
300 350 215
301 351 216
302 352 217
303 353 217
304 353 218
305 354 219
305 355 219
306 356 219
307 357 219
308 356 220
309 356 220
310 356 221
311 357 220
312 358 220
313 358 221
314 359 221
315 359 221
316 359 221
317 360 221
318 360 221
319 360 221
320 360 221
321 360 221
322 361 221
323 361 221
324 362 221
325 363 221
326 364 221
327 365 220
327 366 220
327 367 220
326 368 220
325 368 220
324 368 220
323 367 220
322 367 220
321 367 220
320 368 220
319 369 220
319 370 220
318 371 220
317 371 220
316 370 220
315 370 220
314 371 220
242
242 260 23
243 260 24
243 260 25
243 261 26
243 261 27
242 262 28
243 263 29
242 263 30
243 263 31
243 264 32
243 264 33
244 265 34
244 265 35
244 265 36
243 265 37
244 266 38
244 266 39
245 267 40
244 266 41
244 267 42
245 267 43
245 268 44
245 268 45
245 268 46
245 268 47
245 269 48
245 269 49
245 269 50
245 269 51
245 270 52
246 271 53
246 271 54
246 271 55
246 272 56
246 271 57
246 271 58
246 271 59
246 271 60
246 272 61
246 272 62
246 272 63
247 273 64
247 273 65
247 273 66
247 273 67
247 273 68
247 274 69
246 273 70
246 274 71
247 275 72
247 275 73
247 276 74
248 276 75
248 277 76
249 277 77
249 277 78
249 277 79
249 277 80
250 277 81
249 278 82
249 279 83
249 279 84
249 279 85
249 278 86
249 279 87
249 279 88
249 279 89
249 279 90
250 278 91
249 279 92
248 279 93
248 279 94
249 280 95
249 279 96
250 280 97
250 281 98
250 282 99
250 283 100
251 283 101
251 283 102
250 283 103
251 284 104
251 284 105
252 283 106
251 284 107
252 284 108
252 285 109
252 285 110
252 285 111
251 284 112
252 285 113
252 286 114
252 286 115
252 286 116
253 286 117
253 287 118
252 287 119
253 287 120
253 287 121
253 288 122
253 288 123
253 288 124
253 289 125
253 289 126
254 289 127
254 290 128
255 290 129
254 291 130
255 291 131
255 292 132
255 292 133
255 293 134
255 293 135
256 293 136
256 294 137
256 294 138
257 294 139
257 295 140
257 295 141
258 295 142
258 295 143
259 296 144
259 297 145
259 297 146
258 298 147
259 298 148
259 299 149
260 300 149
261 301 149
262 302 150
261 303 151
262 304 152
262 305 153
262 305 154
261 306 155
262 307 156
263 307 156
264 307 157
264 308 158
264 308 159
264 309 160
265 309 161
266 309 162
266 310 163
266 311 164
267 311 165
268 312 166
269 313 167
270 313 168
271 314 169
271 315 170
271 316 171
271 316 172
271 317 173
272 317 174
272 318 175
273 318 176
274 319 177
274 320 178
275 320 179
276 321 179
276 322 180
276 323 181
277 323 182
277 323 183
278 324 184
278 325 185
278 326 186
278 327 187
279 327 188
279 328 189
280 328 190
280 329 191
281 329 192
281 330 193
282 330 194
282 331 195
283 331 196
284 331 197
284 332 198
285 333 199
286 333 200
286 334 201
286 335 202
287 336 203
287 337 203
287 338 204
287 339 204
288 340 205
289 340 205
290 340 206
291 341 207
292 342 207
293 343 208
294 344 208
295 345 209
296 346 210
297 347 211
298 347 212
298 348 213
299 349 214
300 350 215
301 351 216
302 352 217
303 353 217
304 353 218
305 354 219
305 355 219
306 356 219
307 357 219
308 356 220
309 356 220
310 356 221
311 357 220
312 358 220
313 358 221
314 359 221
315 359 221
316 359 221
317 360 221
318 360 221
319 360 221
320 360 221
321 360 221
322 361 221
323 361 221
324 362 221
325 363 221
326 364 221
327 365 220
327 366 220
327 367 220
326 368 220
325 368 220
324 368 220
323 367 220
322 367 220
321 367 220
320 368 220
319 369 220
319 370 220
320 371 220
242
242 260 23
243 260 24
243 260 25
243 261 26
243 261 27
242 262 28
243 263 29
242 263 30
243 263 31
243 264 32
243 264 33
244 265 34
244 265 35
244 265 36
243 265 37
244 266 38
244 266 39
245 267 40
244 266 41
244 267 42
245 267 43
245 268 44
245 268 45
245 268 46
245 268 47
245 269 48
245 269 49
245 269 50
245 269 51
245 270 52
246 271 53
246 271 54
246 271 55
246 272 56
246 271 57
246 271 58
246 271 59
246 271 60
246 272 61
246 272 62
246 272 63
247 273 64
247 273 65
247 273 66
247 273 67
247 273 68
247 274 69
246 273 70
246 274 71
247 275 72
247 275 73
247 276 74
248 276 75
248 277 76
249 277 77
249 277 78
249 277 79
249 277 80
250 277 81
249 278 82
249 279 83
249 279 84
249 279 85
249 278 86
249 279 87
249 279 88
249 279 89
249 279 90
250 278 91
249 279 92
248 279 93
248 279 94
249 280 95
249 279 96
250 280 97
250 281 98
250 282 99
250 283 100
251 283 101
251 283 102
250 283 103
251 284 104
251 284 105
252 283 106
251 284 107
252 284 108
252 285 109
252 285 110
252 285 111
251 284 112
252 285 113
252 286 114
252 286 115
252 286 116
253 286 117
253 287 118
252 287 119
253 287 120
253 287 121
253 288 122
253 288 123
253 288 124
253 289 125
253 289 126
254 289 127
254 290 128
255 290 129
254 291 130
255 291 131
255 292 132
255 292 133
255 293 134
255 293 135
256 293 136
256 294 137
256 294 138
257 294 139
257 295 140
257 295 141
258 295 142
258 295 143
259 296 144
259 297 145
259 297 146
258 298 147
259 298 148
259 299 149
260 300 149
261 301 149
262 302 150
261 303 151
262 304 152
262 305 153
262 305 154
261 306 155
262 307 156
263 307 156
264 307 157
264 308 158
264 308 159
264 309 160
265 309 161
266 309 162
266 310 163
266 311 164
267 311 165
268 312 166
269 313 167
270 313 168
271 314 169
271 315 170
271 316 171
271 316 172
271 317 173
272 317 174
272 318 175
273 318 176
274 319 177
274 320 178
275 320 179
276 321 179
276 322 180
276 323 181
277 323 182
277 323 183
278 324 184
278 325 185
278 326 186
278 327 187
279 327 188
279 328 189
280 328 190
280 329 191
281 329 192
281 330 193
282 330 194
282 331 195
283 331 196
284 331 197
284 332 198
285 333 199
286 333 200
286 334 201
286 335 202
287 336 203
287 337 203
287 338 204
287 339 204
288 340 205
289 340 205
290 340 206
291 341 207
292 342 207
293 343 208
294 344 208
295 345 209
296 346 210
297 347 211
298 347 212
298 348 213
299 349 214
300 350 215
301 351 216
302 352 217
303 353 217
304 353 218
305 354 219
305 355 219
306 356 219
307 357 219
308 356 220
309 356 220
310 356 221
311 357 220
312 358 220
313 358 221
314 359 221
315 359 221
316 359 221
317 360 221
318 360 221
319 360 221
320 360 221
321 360 221
322 361 221
323 361 221
324 362 221
325 363 221
326 364 221
327 365 220
327 366 220
327 367 220
328 368 219
328 369 219
328 370 219
327 371 218
326 372 219
325 372 219
324 372 219
323 372 219
322 372 219
321 372 219
222
242 260 23
243 260 24
243 260 25
243 261 26
243 261 27
242 262 28
243 263 29
242 263 30
243 263 31
243 264 32
243 264 33
244 265 34
244 265 35
244 265 36
243 265 37
244 266 38
244 266 39
245 267 40
244 266 41
244 267 42
245 267 43
245 268 44
245 268 45
245 268 46
245 268 47
245 269 48
245 269 49
245 269 50
245 269 51
245 270 52
246 271 53
246 271 54
246 271 55
246 272 56
246 271 57
246 271 58
246 271 59
246 271 60
246 272 61
246 272 62
246 272 63
247 273 64
247 273 65
247 273 66
247 273 67
247 273 68
247 274 69
246 273 70
246 274 71
247 275 72
247 275 73
247 276 74
248 276 75
248 277 76
249 277 77
249 277 78
249 277 79
249 277 80
250 277 81
249 278 82
249 279 83
249 279 84
249 279 85
249 278 86
249 279 87
249 279 88
249 279 89
249 279 90
250 278 91
249 279 92
248 279 93
248 279 94
249 280 95
249 279 96
250 280 97
250 281 98
250 282 99
250 283 100
251 283 101
251 283 102
250 283 103
251 284 104
251 284 105
252 283 106
251 284 107
252 284 108
252 285 109
252 285 110
252 285 111
251 284 112
252 285 113
252 286 114
252 286 115
252 286 116
253 286 117
253 287 118
252 287 119
253 287 120
253 287 121
253 288 122
253 288 123
253 288 124
253 289 125
253 289 126
254 289 127
254 290 128
255 290 129
254 291 130
255 291 131
255 292 132
255 292 133
255 293 134
255 293 135
256 293 136
256 294 137
256 294 138
257 294 139
257 295 140
257 295 141
258 295 142
258 295 143
259 296 144
259 297 145
259 297 146
258 298 147
259 298 148
259 299 149
260 300 149
261 301 149
262 302 150
261 303 151
262 304 152
262 305 153
262 305 154
261 306 155
262 307 156
263 307 156
264 307 157
264 308 158
264 308 159
264 309 160
265 309 161
266 309 162
266 310 163
266 311 164
267 311 165
268 312 166
269 313 167
270 313 168
271 314 169
271 315 170
271 316 171
271 316 172
271 317 173
272 317 174
272 318 175
273 318 176
274 319 177
274 320 178
275 320 179
276 321 179
276 322 180
276 323 181
277 323 182
277 323 183
278 324 184
278 325 185
278 326 186
278 327 187
279 327 188
279 328 189
280 328 190
280 329 191
281 329 192
281 330 193
282 330 194
282 331 195
283 331 196
284 331 197
284 332 198
285 333 199
286 333 200
286 334 201
286 335 202
287 336 203
287 337 203
287 338 204
287 339 204
288 340 205
289 340 205
290 340 206
291 341 207
292 342 207
293 343 208
294 344 208
295 345 209
296 346 210
297 347 211
298 347 212
298 348 213
299 349 214
300 350 215
301 351 216
302 352 217
303 353 217
304 353 218
305 354 219
305 355 219
306 356 219
307 357 219
308 356 220
309 356 220
310 356 221
311 357 220
312 358 220
312 359 220
312 360 220
312 361 219
312 362 219
312 363 219
312 364 220
312 365 220
222
242 260 23
243 260 24
243 260 25
243 261 26
243 261 27
242 262 28
243 263 29
242 263 30
243 263 31
243 264 32
243 264 33
244 265 34
244 265 35
244 265 36
243 265 37
244 266 38
244 266 39
245 267 40
244 266 41
244 267 42
245 267 43
245 268 44
245 268 45
245 268 46
245 268 47
245 269 48
245 269 49
245 269 50
245 269 51
245 270 52
246 271 53
246 271 54
246 271 55
246 272 56
246 271 57
246 271 58
246 271 59
246 271 60
246 272 61
246 272 62
246 272 63
247 273 64
247 273 65
247 273 66
247 273 67
247 273 68
247 274 69
246 273 70
246 274 71
247 275 72
247 275 73
247 276 74
248 276 75
248 277 76
249 277 77
249 277 78
249 277 79
249 277 80
250 277 81
249 278 82
249 279 83
249 279 84
249 279 85
249 278 86
249 279 87
249 279 88
249 279 89
249 279 90
250 278 91
249 279 92
248 279 93
248 279 94
249 280 95
249 279 96
250 280 97
250 281 98
250 282 99
250 283 100
251 283 101
251 283 102
250 283 103
251 284 104
251 284 105
252 283 106
251 284 107
252 284 108
252 285 109
252 285 110
252 285 111
251 284 112
252 285 113
252 286 114
252 286 115
252 286 116
253 286 117
253 287 118
252 287 119
253 287 120
253 287 121
253 288 122
253 288 123
253 288 124
253 289 125
253 289 126
254 289 127
254 290 128
255 290 129
254 291 130
255 291 131
255 292 132
255 292 133
255 293 134
255 293 135
256 293 136
256 294 137
256 294 138
257 294 139
257 295 140
257 295 141
258 295 142
258 295 143
259 296 144
259 297 145
259 297 146
258 298 147
259 298 148
259 299 149
260 300 149
261 301 149
262 302 150
261 303 151
262 304 152
262 305 153
262 305 154
261 306 155
262 307 156
263 307 156
264 307 157
264 308 158
264 308 159
264 309 160
265 309 161
266 309 162
266 310 163
266 311 164
267 311 165
268 312 166
269 313 167
270 313 168
271 314 169
271 315 170
271 316 171
271 316 172
271 317 173
272 317 174
272 318 175
273 318 176
274 319 177
274 320 178
275 320 179
276 321 179
276 322 180
276 323 181
277 323 182
277 323 183
278 324 184
278 325 185
278 326 186
278 327 187
279 327 188
279 328 189
280 328 190
280 329 191
281 329 192
281 330 193
282 330 194
282 331 195
283 331 196
284 331 197
284 332 198
285 333 199
286 333 200
286 334 201
286 335 202
287 336 203
287 337 203
287 338 204
287 339 204
288 340 205
289 340 205
290 340 206
291 341 207
292 342 207
293 343 208
294 344 208
295 345 209
296 346 210
297 347 211
298 347 212
298 348 213
299 349 214
300 350 215
301 351 216
302 352 217
303 353 217
304 353 218
305 354 219
305 355 219
306 356 219
307 357 219
307 358 219
307 359 219
307 360 219
307 361 219
307 362 219
307 363 219
307 364 219
307 365 219
308 366 220
309 366 220
310 366 220
311 366 220
215
242 260 23
243 260 24
243 260 25
243 261 26
243 261 27
242 262 28
243 263 29
242 263 30
243 263 31
243 264 32
243 264 33
244 265 34
244 265 35
244 265 36
243 265 37
244 266 38
244 266 39
245 267 40
244 266 41
244 267 42
245 267 43
245 268 44
245 268 45
245 268 46
245 268 47
245 269 48
245 269 49
245 269 50
245 269 51
245 270 52
246 271 53
246 271 54
246 271 55
246 272 56
246 271 57
246 271 58
246 271 59
246 271 60
246 272 61
246 272 62
246 272 63
247 273 64
247 273 65
247 273 66
247 273 67
247 273 68
247 274 69
246 273 70
246 274 71
247 275 72
247 275 73
247 276 74
248 276 75
248 277 76
249 277 77
249 277 78
249 277 79
249 277 80
250 277 81
249 278 82
249 279 83
249 279 84
249 279 85
249 278 86
249 279 87
249 279 88
249 279 89
249 279 90
250 278 91
249 279 92
248 279 93
248 279 94
249 280 95
249 279 96
248 278 97
247 278 98
246 278 99
246 279 100
246 278 101
246 278 102
246 278 103
245 278 104
245 279 105
245 279 106
245 279 107
246 278 108
246 278 109
246 278 110
246 278 111
245 279 112
245 279 113
246 278 114
246 279 115
246 278 116
246 278 117
246 278 118
246 278 119
245 278 120
245 278 121
245 278 122
245 278 123
244 278 124
244 278 125
244 278 126
244 277 127
243 278 128
243 277 129
243 277 130
242 277 131
242 276 132
242 276 133
242 275 134
241 275 135
241 275 136
241 274 137
240 274 138
240 273 139
240 273 140
240 273 141
239 273 142
239 272 143
239 272 144
239 272 145
239 271 146
239 271 147
239 271 148
238 270 149
239 270 150
238 269 151
239 269 152
239 269 153
239 268 154
239 268 155
239 267 156
239 267 157
239 267 158
240 267 159
240 267 160
240 267 161
240 267 162
240 266 163
239 266 164
239 266 165
239 266 166
239 266 167
239 266 168
239 266 169
239 266 170
238 266 171
238 266 172
238 266 173
238 266 174
238 266 175
238 266 176
237 265 177
237 265 178
237 265 179
237 265 180
237 265 181
238 265 182
237 264 183
237 264 184
237 263 185
237 263 186
238 263 187
237 262 188
238 262 189
238 261 190
238 261 191
238 261 192
238 261 193
238 261 194
237 261 195
237 260 196
237 260 197
237 260 198
237 259 199
237 259 200
237 259 201
238 260 202
238 259 203
238 258 204
238 258 205
238 258 206
238 258 207
238 257 208
238 257 209
238 256 210
238 256 211
239 255 212
238 255 213
239 256 214
238 255 215
238 255 216
239 255 217
238 254 218
238 253 219
239 253 220
238 252 221
239 252 222
239 251 223
239 251 224
239 250 225
240 250 226
241 250 227
240 249 228
241 249 229
242 249 230
242 248 231
241 247 232
240 247 232
239 246 232
238 245 232
237 245 232
236 244 232
197
242 260 23
243 260 24
243 260 25
243 261 26
243 261 27
242 262 28
243 263 29
242 263 30
243 263 31
243 264 32
243 264 33
244 265 34
244 265 35
244 265 36
243 265 37
244 266 38
244 266 39
245 267 40
244 266 41
244 267 42
245 267 43
245 268 44
245 268 45
245 268 46
245 268 47
245 269 48
245 269 49
245 269 50
245 269 51
245 270 52
246 271 53
246 271 54
246 271 55
246 272 56
246 271 57
246 271 58
246 271 59
246 271 60
246 272 61
246 272 62
246 272 63
247 273 64
247 273 65
247 273 66
247 273 67
247 273 68
247 274 69
246 273 70
246 274 71
247 275 72
247 275 73
247 276 74
248 276 75
248 277 76
249 277 77
249 277 78
249 277 79
249 277 80
250 277 81
249 278 82
249 279 83
249 279 84
249 279 85
249 278 86
249 279 87
249 279 88
249 279 89
249 279 90
250 278 91
249 279 92
248 279 93
248 279 94
249 280 95
249 279 96
248 278 97
247 278 98
246 278 99
246 279 100
246 278 101
246 278 102
246 278 103
245 278 104
245 279 105
245 279 106
245 279 107
246 278 108
246 278 109
246 278 110
246 278 111
245 279 112
245 279 113
246 278 114
246 279 115
246 278 116
246 278 117
246 278 118
246 278 119
245 278 120
245 278 121
245 278 122
245 278 123
244 278 124
244 278 125
244 278 126
244 277 127
243 278 128
243 277 129
243 277 130
242 277 131
242 276 132
242 276 133
242 275 134
241 275 135
241 275 136
241 274 137
240 274 138
240 273 139
240 273 140
240 273 141
239 273 142
239 272 143
239 272 144
239 272 145
239 271 146
239 271 147
239 271 148
238 270 149
239 270 150
238 269 151
239 269 152
239 269 153
239 268 154
239 268 155
239 267 156
239 267 157
239 267 158
240 267 159
240 267 160
240 267 161
240 267 162
240 266 163
239 266 164
239 266 165
239 266 166
239 266 167
239 266 168
239 266 169
239 266 170
238 266 171
238 266 172
238 266 173
238 266 174
238 266 175
238 266 176
237 265 177
237 265 178
237 265 179
237 265 180
237 265 181
238 265 182
237 264 183
237 264 184
237 263 185
237 263 186
238 263 187
237 262 188
238 262 189
238 261 190
238 261 191
238 261 192
238 261 193
238 261 194
237 261 195
237 260 196
237 260 197
237 260 198
237 259 199
237 259 200
237 259 201
238 260 202
238 259 203
238 258 204
238 258 205
238 258 206
238 258 207
238 257 208
238 257 209
238 256 210
238 256 211
239 255 212
238 255 213
239 256 214
240 256 214
241 256 214
242 257 214
243 256 214
244 256 213
196
242 260 23
243 260 24
243 260 25
243 261 26
243 261 27
242 262 28
243 263 29
242 263 30
243 263 31
243 264 32
243 264 33
244 265 34
244 265 35
244 265 36
243 265 37
244 266 38
244 266 39
245 267 40
244 266 41
244 267 42
245 267 43
245 268 44
245 268 45
245 268 46
245 268 47
245 269 48
245 269 49
245 269 50
245 269 51
245 270 52
246 271 53
246 271 54
246 271 55
246 272 56
246 271 57
246 271 58
246 271 59
246 271 60
246 272 61
246 272 62
246 272 63
247 273 64
247 273 65
247 273 66
247 273 67
247 273 68
247 274 69
246 273 70
246 274 71
247 275 72
247 275 73
247 276 74
248 276 75
248 277 76
249 277 77
249 277 78
249 277 79
249 277 80
250 277 81
249 278 82
249 279 83
249 279 84
249 279 85
249 278 86
249 279 87
249 279 88
249 279 89
249 279 90
250 278 91
249 279 92
248 279 93
248 279 94
249 280 95
249 279 96
248 278 97
247 278 98
246 278 99
246 279 100
246 278 101
246 278 102
246 278 103
245 278 104
245 279 105
245 279 106
245 279 107
246 278 108
246 278 109
246 278 110
246 278 111
245 279 112
245 279 113
246 278 114
246 279 115
246 278 116
246 278 117
246 278 118
246 278 119
245 278 120
245 278 121
245 278 122
245 278 123
244 278 124
244 278 125
244 278 126
244 277 127
243 278 128
243 277 129
243 277 130
242 277 131
242 276 132
242 276 133
242 275 134
241 275 135
241 275 136
241 274 137
240 274 138
240 273 139
240 273 140
240 273 141
239 273 142
239 272 143
239 272 144
239 272 145
239 271 146
239 271 147
239 271 148
238 270 149
239 270 150
238 269 151
239 269 152
239 269 153
239 268 154
239 268 155
239 267 156
239 267 157
239 267 158
240 267 159
240 267 160
240 267 161
240 267 162
240 266 163
239 266 164
239 266 165
239 266 166
239 266 167
239 266 168
239 266 169
239 266 170
238 266 171
238 266 172
238 266 173
238 266 174
238 266 175
238 266 176
237 265 177
237 265 178
237 265 179
237 265 180
237 265 181
238 265 182
237 264 183
237 264 184
237 263 185
237 263 186
238 263 187
237 262 188
238 262 189
238 261 190
238 261 191
238 261 192
238 261 193
238 261 194
237 261 195
237 260 196
237 260 197
237 260 198
237 259 199
237 259 200
237 259 201
238 260 202
238 259 203
238 258 204
238 258 205
238 258 206
238 258 207
238 257 208
238 257 209
238 256 210
238 256 211
239 255 212
240 254 212
241 253 211
242 252 210
243 253 210
244 254 211
244 255 212
192
242 260 23
243 260 24
243 260 25
243 261 26
243 261 27
242 262 28
243 263 29
242 263 30
243 263 31
243 264 32
243 264 33
244 265 34
244 265 35
244 265 36
243 265 37
244 266 38
244 266 39
245 267 40
244 266 41
244 267 42
245 267 43
245 268 44
245 268 45
245 268 46
245 268 47
245 269 48
245 269 49
245 269 50
245 269 51
245 270 52
246 271 53
246 271 54
246 271 55
246 272 56
246 271 57
246 271 58
246 271 59
246 271 60
246 272 61
246 272 62
246 272 63
247 273 64
247 273 65
247 273 66
247 273 67
247 273 68
247 274 69
246 273 70
246 274 71
247 275 72
247 275 73
247 276 74
248 276 75
248 277 76
249 277 77
249 277 78
249 277 79
249 277 80
250 277 81
249 278 82
249 279 83
249 279 84
249 279 85
249 278 86
249 279 87
249 279 88
249 279 89
249 279 90
250 278 91
249 279 92
248 279 93
248 279 94
249 280 95
249 279 96
250 280 97
250 281 98
250 282 99
250 283 100
251 283 101
251 283 102
250 283 103
251 284 104
251 284 105
252 283 106
251 284 107
252 284 108
252 285 109
252 285 110
252 285 111
251 284 112
252 285 113
252 286 114
252 286 115
252 286 116
253 286 117
253 287 118
252 287 119
253 287 120
253 287 121
253 288 122
253 288 123
253 288 124
253 289 125
253 289 126
254 289 127
254 290 128
255 290 129
254 291 130
255 291 131
255 292 132
255 292 133
255 293 134
255 293 135
256 293 136
256 294 137
256 294 138
257 294 139
257 295 140
257 295 141
258 295 142
258 295 143
259 296 144
259 297 145
259 297 146
258 298 147
257 297 148
257 296 149
258 296 150
259 296 151
260 296 152
260 296 153
260 296 154
261 296 155
260 296 156
259 296 157
259 296 158
260 296 159
261 296 160
260 296 161
261 296 162
261 297 163
262 296 164
263 296 165
263 295 166
263 295 167
264 295 168
264 295 169
264 294 170
264 294 171
265 295 172
266 295 173
265 294 174
265 294 175
266 294 176
266 294 177
266 294 178
267 294 179
267 294 180
267 294 181
268 294 182
269 293 183
269 293 184
269 293 185
269 293 186
270 292 187
270 292 188
270 292 189
270 292 190
271 292 191
272 291 192
271 291 193
272 291 194
272 291 195
272 291 196
272 290 197
273 290 198
273 290 199
273 290 200
273 289 201
274 289 202
274 289 203
275 288 204
275 288 205
275 288 206
275 288 207
275 288 208
275 288 209
276 287 210
276 287 211
276 287 212
277 287 213
277 287 214
190
242 260 23
243 260 24
243 260 25
243 261 26
243 261 27
242 262 28
243 263 29
242 263 30
243 263 31
243 264 32
243 264 33
244 265 34
244 265 35
244 265 36
243 265 37
244 266 38
244 266 39
245 267 40
244 266 41
244 267 42
245 267 43
245 268 44
245 268 45
245 268 46
245 268 47
245 269 48
245 269 49
245 269 50
245 269 51
245 270 52
246 271 53
246 271 54
246 271 55
246 272 56
246 271 57
246 271 58
246 271 59
246 271 60
246 272 61
246 272 62
246 272 63
247 273 64
247 273 65
247 273 66
247 273 67
247 273 68
247 274 69
246 273 70
246 274 71
247 275 72
247 275 73
247 276 74
248 276 75
248 277 76
249 277 77
250 278 77
250 279 77
251 280 77
252 281 78
253 282 79
254 283 80
254 284 81
255 285 82
256 286 83
256 287 84
257 288 85
257 289 86
258 290 87
259 291 88
259 292 89
260 292 90
261 293 91
261 294 92
262 295 93
263 296 94
264 297 95
265 298 96
265 299 96
266 300 97
267 301 97
267 302 98
268 303 99
269 304 99
270 305 100
271 306 101
271 307 101
271 308 101
272 309 102
273 310 103
273 311 103
274 312 104
275 313 104
275 314 105
275 315 106
276 316 106
277 317 107
277 318 108
277 319 108
278 320 109
279 321 109
280 322 110
280 323 110
281 324 111
281 325 111
282 326 111
283 327 111
283 328 111
284 329 111
285 330 111
286 331 112
287 332 112
288 333 112
289 334 113
290 335 113
290 336 113
290 337 113
291 338 114
292 338 114
293 339 115
294 340 116
295 341 117
295 342 117
296 343 117
296 344 117
297 345 117
297 346 117
298 347 117
298 348 117
299 349 118
299 350 118
300 351 117
300 352 118
301 353 118
302 354 118
303 355 118
304 356 118
305 357 117
306 358 116
307 359 116
307 360 116
308 361 116
309 362 116
310 363 116
311 364 116
312 365 115
313 366 115
313 367 116
314 368 116
315 369 115
316 370 115
317 371 115
318 372 115
318 373 115
319 374 115
319 375 115
320 376 114
321 377 113
321 378 113
322 379 113
323 379 113
324 380 113
325 381 112
326 382 112
327 383 111
328 384 111
329 384 111
330 385 111
331 386 111
332 386 111
333 387 110
334 388 109
334 389 109
334 390 108
335 390 107
336 390 107
337 390 106
338 391 105
338 391 104
339 392 103
340 393 102
341 393 102
342 394 101
343 395 101
344 396 100
347 399 92
351 402 90
351 402 89
352 402 88
353 403 87
354 403 86
186
242 260 23
243 260 24
243 260 25
243 261 26
243 261 27
242 262 28
243 263 29
242 263 30
243 263 31
243 264 32
243 264 33
244 265 34
244 265 35
244 265 36
243 265 37
244 266 38
244 266 39
245 267 40
244 266 41
244 267 42
245 267 43
245 268 44
245 268 45
245 268 46
245 268 47
245 269 48
245 269 49
245 269 50
245 269 51
245 270 52
246 271 53
246 271 54
246 271 55
246 272 56
246 271 57
246 271 58
246 271 59
246 271 60
246 272 61
246 272 62
246 272 63
247 273 64
247 273 65
247 273 66
247 273 67
247 273 68
247 274 69
246 273 70
246 274 71
247 275 72
247 275 73
247 276 74
248 276 75
248 277 76
249 277 77
250 278 77
250 279 77
251 280 77
252 281 78
253 282 79
254 283 80
254 284 81
255 285 82
256 286 83
256 287 84
257 288 85
257 289 86
258 290 87
259 291 88
259 292 89
260 292 90
261 293 91
261 294 92
262 295 93
263 296 94
264 297 95
265 298 96
265 299 96
266 300 97
267 301 97
267 302 98
268 303 99
269 304 99
270 305 100
271 306 101
271 307 101
271 308 101
272 309 102
273 310 103
273 311 103
274 312 104
275 313 104
275 314 105
275 315 106
276 316 106
277 317 107
277 318 108
277 319 108
278 320 109
279 321 109
280 322 110
280 323 110
281 324 111
281 325 111
282 326 111
283 327 111
283 328 111
284 329 111
285 330 111
286 331 112
287 332 112
288 333 112
289 334 113
290 335 113
290 336 113
290 337 113
291 338 114
292 338 114
293 339 115
294 340 116
295 341 117
295 342 117
296 343 117
296 344 117
297 345 117
297 346 117
298 347 117
298 348 117
299 349 118
299 350 118
300 351 117
300 352 118
301 353 118
302 354 118
303 355 118
304 356 118
305 357 117
306 358 116
307 359 116
307 360 116
308 361 116
309 362 116
310 363 116
311 364 116
312 365 115
313 366 115
313 367 116
314 368 116
315 369 115
316 370 115
317 371 115
318 372 115
318 373 115
319 374 115
319 375 115
320 376 114
321 377 113
321 378 113
322 379 113
323 379 113
324 380 113
325 381 112
326 382 112
327 383 111
328 384 111
329 384 111
330 385 111
331 386 111
332 386 111
333 387 110
334 388 109
334 389 109
334 390 108
335 390 107
336 390 107
337 390 106
338 391 105
338 391 104
339 392 103
340 393 102
341 393 102
342 394 101
343 395 101
344 396 100
347 399 92
351 402 90
185
242 260 23
243 260 24
243 260 25
243 261 26
243 261 27
242 262 28
243 263 29
242 263 30
243 263 31
243 264 32
243 264 33
244 265 34
244 265 35
244 265 36
243 265 37
244 266 38
244 266 39
245 267 40
244 266 41
244 267 42
245 267 43
245 268 44
245 268 45
245 268 46
245 268 47
245 269 48
245 269 49
245 269 50
245 269 51
245 270 52
246 271 53
246 271 54
246 271 55
246 272 56
246 271 57
246 271 58
246 271 59
246 271 60
246 272 61
246 272 62
246 272 63
247 273 64
247 273 65
247 273 66
247 273 67
247 273 68
247 274 69
246 273 70
245 273 71
245 272 72
244 271 73
243 271 74
242 270 75
242 269 76
242 269 77
241 269 78
241 268 79
240 268 80
240 267 81
239 266 82
238 265 83
237 264 84
237 263 85
236 262 86
236 261 87
235 260 88
235 259 89
234 259 90
233 258 91
233 257 92
232 256 93
232 255 94
232 254 95
232 253 95
231 252 96
230 251 97
229 250 97
229 249 98
228 248 99
227 247 100
226 246 100
225 245 101
225 244 102
225 243 102
224 242 103
223 241 104
222 240 105
221 239 106
220 238 107
219 237 108
219 236 109
218 235 109
218 234 109
217 233 110
217 232 110
217 231 110
217 230 110
217 229 111
217 228 111
216 227 112
215 226 112
214 225 112
213 224 112
213 223 112
213 222 112
212 221 112
211 220 112
211 219 113
210 218 113
209 217 113
209 216 114
208 215 114
207 214 114
207 213 114
207 212 115
206 211 115
206 210 115
205 209 115
205 208 116
204 207 116
204 206 116
203 205 116
203 204 116
202 203 115
202 202 115
202 201 115
202 200 115
202 199 115
201 198 114
201 197 114
200 196 113
200 195 113
200 194 113
200 193 112
200 192 112
199 191 112
199 190 112
198 189 111
198 188 110
199 187 111
198 186 111
197 185 110
197 184 109
196 183 108
196 182 107
196 181 107
196 180 107
196 179 107
196 178 106
196 177 106
196 176 106
195 175 105
195 174 105
195 173 105
194 172 105
194 171 105
193 170 104
193 169 103
193 168 103
193 167 102
192 166 102
192 165 101
192 164 101
192 163 100
193 162 99
193 161 99
193 160 98
193 159 98
193 158 98
192 157 98
193 156 97
193 155 97
192 154 96
192 153 96
192 152 96
192 151 96
191 144 95
191 143 95
191 142 95
190 141 94
190 140 94
190 139 94
190 138 94
190 137 94
190 136 94
185
242 260 23
243 260 24
243 260 25
243 261 26
243 261 27
242 262 28
243 263 29
242 263 30
243 263 31
243 264 32
243 264 33
244 265 34
244 265 35
244 265 36
243 265 37
244 266 38
244 266 39
245 267 40
244 266 41
244 267 42
245 267 43
245 268 44
245 268 45
245 268 46
245 268 47
245 269 48
245 269 49
245 269 50
245 269 51
245 270 52
246 271 53
246 271 54
246 271 55
246 272 56
246 271 57
246 271 58
246 271 59
246 271 60
246 272 61
246 272 62
246 272 63
247 273 64
247 273 65
247 273 66
247 273 67
247 273 68
247 274 69
246 273 70
246 274 71
247 275 72
247 275 73
247 276 74
248 276 75
248 277 76
249 277 77
250 278 77
250 279 77
251 280 77
252 281 78
253 282 79
254 283 80
254 284 81
255 285 82
256 286 83
256 287 84
257 288 85
257 289 86
258 290 87
259 291 88
259 292 89
260 292 90
261 293 91
261 294 92
262 295 93
263 296 94
264 297 95
265 298 96
265 299 96
266 300 97
267 301 97
267 302 98
268 303 99
269 304 99
270 305 100
271 306 101
271 307 101
271 308 101
272 309 102
273 310 103
273 311 103
274 312 104
275 313 104
275 314 105
275 315 106
276 316 106
277 317 107
277 318 108
277 319 108
278 320 109
279 321 109
280 322 110
280 323 110
281 324 111
281 325 111
282 326 111
283 327 111
283 328 111
284 329 111
285 330 111
286 331 112
287 332 112
288 333 112
289 334 113
290 335 113
290 336 113
290 337 113
291 338 114
292 338 114
293 339 115
294 340 116
295 341 117
295 342 117
296 343 117
296 344 117
297 345 117
297 346 117
298 347 117
298 348 117
299 349 118
299 350 118
300 351 117
300 352 118
301 353 118
302 354 118
303 355 118
304 356 118
305 357 117
306 358 116
307 359 116
307 360 116
308 361 116
309 362 116
310 363 116
311 364 116
312 365 115
313 366 115
313 367 116
314 368 116
315 369 115
316 370 115
317 371 115
318 372 115
318 373 115
319 374 115
319 375 115
320 376 114
321 377 113
321 378 113
322 379 113
323 379 113
324 380 113
325 381 112
326 382 112
327 383 111
328 384 111
329 384 111
330 385 111
331 386 111
332 386 111
333 387 110
334 388 109
334 389 109
334 390 108
335 390 107
336 390 107
337 390 106
338 391 105
338 391 104
339 392 103
340 393 102
341 393 102
342 394 101
343 395 101
344 396 100
347 399 92
184
242 260 23
243 260 24
243 260 25
243 261 26
243 261 27
242 262 28
243 263 29
242 263 30
243 263 31
243 264 32
243 264 33
244 265 34
244 265 35
244 265 36
243 265 37
244 266 38
244 266 39
245 267 40
244 266 41
244 267 42
245 267 43
245 268 44
245 268 45
245 268 46
245 268 47
245 269 48
245 269 49
245 269 50
245 269 51
245 270 52
246 271 53
246 271 54
246 271 55
246 272 56
246 271 57
246 271 58
246 271 59
246 271 60
246 272 61
246 272 62
246 272 63
247 273 64
247 273 65
247 273 66
247 273 67
247 273 68
247 274 69
246 273 70
246 274 71
247 275 72
247 275 73
247 276 74
248 276 75
248 277 76
249 277 77
250 278 77
250 279 77
251 280 77
252 281 78
253 282 79
254 283 80
254 284 81
255 285 82
256 286 83
256 287 84
257 288 85
257 289 86
258 290 87
259 291 88
259 292 89
260 292 90
261 293 91
261 294 92
262 295 93
263 296 94
264 297 95
265 298 96
265 299 96
266 300 97
267 301 97
267 302 98
268 303 99
269 304 99
270 305 100
271 306 101
271 307 101
271 308 101
272 309 102
273 310 103
273 311 103
274 312 104
275 313 104
275 314 105
275 315 106
276 316 106
277 317 107
277 318 108
277 319 108
278 320 109
279 321 109
280 322 110
280 323 110
281 324 111
281 325 111
282 326 111
283 327 111
283 328 111
284 329 111
285 330 111
286 331 112
287 332 112
288 333 112
289 334 113
290 335 113
290 336 113
290 337 113
291 338 114
292 338 114
293 339 115
294 340 116
295 341 117
295 342 117
296 343 117
296 344 117
297 345 117
297 346 117
298 347 117
298 348 117
299 349 118
299 350 118
300 351 117
300 352 118
301 353 118
302 354 118
303 355 118
304 356 118
305 357 117
306 358 116
307 359 116
307 360 116
308 361 116
309 362 116
310 363 116
311 364 116
312 365 115
313 366 115
313 367 116
314 368 116
315 369 115
316 370 115
317 371 115
318 372 115
318 373 115
319 374 115
319 375 115
320 376 114
321 377 113
321 378 113
322 379 113
323 379 113
324 380 113
325 381 112
326 382 112
327 383 111
328 384 111
329 384 111
330 385 111
331 386 111
332 386 111
333 387 110
334 388 109
334 389 109
334 390 108
335 390 107
336 390 107
337 390 106
338 391 105
338 391 104
339 392 103
340 393 102
341 393 102
342 394 101
343 395 101
344 396 100
177
242 260 23
243 260 24
243 260 25
243 261 26
243 261 27
242 262 28
243 263 29
242 263 30
243 263 31
243 264 32
243 264 33
244 265 34
244 265 35
244 265 36
243 265 37
244 266 38
244 266 39
245 267 40
244 266 41
244 267 42
245 267 43
245 268 44
245 268 45
245 268 46
245 268 47
245 269 48
245 269 49
245 269 50
245 269 51
245 270 52
246 271 53
246 271 54
246 271 55
246 272 56
246 271 57
246 271 58
246 271 59
246 271 60
246 272 61
246 272 62
246 272 63
247 273 64
247 273 65
247 273 66
247 273 67
247 273 68
247 274 69
246 273 70
245 273 71
245 272 72
244 271 73
243 271 74
242 270 75
242 269 76
242 269 77
241 269 78
241 268 79
240 268 80
240 267 81
239 266 82
238 265 83
237 264 84
237 263 85
236 262 86
236 261 87
235 260 88
235 259 89
234 259 90
233 258 91
233 257 92
232 256 93
232 255 94
232 254 95
232 253 95
231 252 96
230 251 97
229 250 97
229 249 98
228 248 99
227 247 100
226 246 100
225 245 101
225 244 102
225 243 102
224 242 103
223 241 104
222 240 105
221 239 106
220 238 107
219 237 108
219 236 109
218 235 109
218 234 109
217 233 110
217 232 110
217 231 110
217 230 110
217 229 111
217 228 111
216 227 112
215 226 112
214 225 112
213 224 112
213 223 112
213 222 112
212 221 112
211 220 112
211 219 113
210 218 113
209 217 113
209 216 114
208 215 114
207 214 114
207 213 114
207 212 115
206 211 115
206 210 115
205 209 115
205 208 116
204 207 116
204 206 116
203 205 116
203 204 116
202 203 115
202 202 115
202 201 115
202 200 115
202 199 115
201 198 114
201 197 114
200 196 113
200 195 113
200 194 113
200 193 112
200 192 112
199 191 112
199 190 112
198 189 111
198 188 110
199 187 111
198 186 111
197 185 110
197 184 109
196 183 108
196 182 107
196 181 107
196 180 107
196 179 107
196 178 106
196 177 106
196 176 106
195 175 105
195 174 105
195 173 105
194 172 105
194 171 105
193 170 104
193 169 103
193 168 103
193 167 102
192 166 102
192 165 101
192 164 101
192 163 100
193 162 99
193 161 99
193 160 98
193 159 98
193 158 98
192 157 98
193 156 97
193 155 97
192 154 96
192 153 96
192 152 96
192 151 96
190 145 95
176
242 260 23
243 260 24
243 260 25
243 261 26
243 261 27
242 262 28
243 263 29
242 263 30
243 263 31
243 264 32
243 264 33
244 265 34
244 265 35
244 265 36
243 265 37
244 266 38
244 266 39
245 267 40
244 266 41
244 267 42
245 267 43
245 268 44
245 268 45
245 268 46
245 268 47
245 269 48
245 269 49
245 269 50
245 269 51
245 270 52
246 271 53
246 271 54
246 271 55
246 272 56
246 271 57
246 271 58
246 271 59
246 271 60
246 272 61
246 272 62
246 272 63
247 273 64
247 273 65
247 273 66
247 273 67
247 273 68
247 274 69
246 273 70
245 273 71
245 272 72
244 271 73
243 271 74
242 270 75
242 269 76
242 269 77
241 269 78
241 268 79
240 268 80
240 267 81
239 266 82
238 265 83
237 264 84
237 263 85
236 262 86
236 261 87
235 260 88
235 259 89
234 259 90
233 258 91
233 257 92
232 256 93
232 255 94
232 254 95
232 253 95
231 252 96
230 251 97
229 250 97
229 249 98
228 248 99
227 247 100
226 246 100
225 245 101
225 244 102
225 243 102
224 242 103
223 241 104
222 240 105
221 239 106
220 238 107
219 237 108
219 236 109
218 235 109
218 234 109
217 233 110
217 232 110
217 231 110
217 230 110
217 229 111
217 228 111
216 227 112
215 226 112
214 225 112
213 224 112
213 223 112
213 222 112
212 221 112
211 220 112
211 219 113
210 218 113
209 217 113
209 216 114
208 215 114
207 214 114
207 213 114
207 212 115
206 211 115
206 210 115
205 209 115
205 208 116
204 207 116
204 206 116
203 205 116
203 204 116
202 203 115
202 202 115
202 201 115
202 200 115
202 199 115
201 198 114
201 197 114
200 196 113
200 195 113
200 194 113
200 193 112
200 192 112
199 191 112
199 190 112
198 189 111
198 188 110
199 187 111
198 186 111
197 185 110
197 184 109
196 183 108
196 182 107
196 181 107
196 180 107
196 179 107
196 178 106
196 177 106
196 176 106
195 175 105
195 174 105
195 173 105
194 172 105
194 171 105
193 170 104
193 169 103
193 168 103
193 167 102
192 166 102
192 165 101
192 164 101
192 163 100
193 162 99
193 161 99
193 160 98
193 159 98
193 158 98
192 157 98
193 156 97
193 155 97
192 154 96
192 153 96
192 152 96
192 151 96
145
242 260 23
243 260 24
243 260 25
243 261 26
243 261 27
242 262 28
243 263 29
242 263 30
243 263 31
243 264 32
243 264 33
244 265 34
244 265 35
244 265 36
243 265 37
244 266 38
244 266 39
245 267 40
244 266 41
244 267 42
245 267 43
245 268 44
245 268 45
245 268 46
245 268 47
245 269 48
245 269 49
245 269 50
245 269 51
245 270 52
246 271 53
246 271 54
246 271 55
246 272 56
246 271 57
246 271 58
246 271 59
246 271 60
246 272 61
246 272 62
246 272 63
247 273 64
247 273 65
247 273 66
247 273 67
247 273 68
247 274 69
246 273 70
246 274 71
247 275 72
247 275 73
247 276 74
248 276 75
248 277 76
249 277 77
249 277 78
249 277 79
249 277 80
250 277 81
249 278 82
249 279 83
249 279 84
249 279 85
249 278 86
249 279 87
249 279 88
249 279 89
249 279 90
250 278 91
249 279 92
248 279 93
248 279 94
249 280 95
249 279 96
250 280 97
250 281 98
250 282 99
250 283 100
251 283 101
251 283 102
250 283 103
251 284 104
251 284 105
252 283 106
251 284 107
252 284 108
252 285 109
252 285 110
252 285 111
251 284 112
252 285 113
252 286 114
252 286 115
252 286 116
253 286 117
253 287 118
252 287 119
253 287 120
253 287 121
253 288 122
253 288 123
253 288 124
253 289 125
253 289 126
254 289 127
254 290 128
255 290 129
254 291 130
255 291 131
255 292 132
255 292 133
255 293 134
255 293 135
256 293 136
256 294 137
256 294 138
257 294 139
257 295 140
257 295 141
258 295 142
258 295 143
259 296 144
259 297 145
259 297 146
258 298 147
259 298 148
259 299 149
260 300 149
261 301 149
262 302 150
261 303 151
262 304 152
262 305 153
262 305 154
261 306 155
261 307 156
260 306 157
259 305 157
258 306 158
257 306 159
257 307 160
257 307 161
257 308 162
257 308 163
258 307 164
145
242 260 23
243 260 24
243 260 25
243 261 26
243 261 27
242 262 28
243 263 29
242 263 30
243 263 31
243 264 32
243 264 33
244 265 34
244 265 35
244 265 36
243 265 37
244 266 38
244 266 39
245 267 40
244 266 41
244 267 42
245 267 43
245 268 44
245 268 45
245 268 46
245 268 47
245 269 48
245 269 49
245 269 50
245 269 51
245 270 52
246 271 53
246 271 54
246 271 55
246 272 56
246 271 57
246 271 58
246 271 59
246 271 60
246 272 61
246 272 62
246 272 63
247 273 64
247 273 65
247 273 66
247 273 67
247 273 68
247 274 69
246 273 70
246 274 71
247 275 72
247 275 73
247 276 74
248 276 75
248 277 76
249 277 77
249 277 78
249 277 79
249 277 80
250 277 81
249 278 82
249 279 83
249 279 84
249 279 85
249 278 86
249 279 87
249 279 88
249 279 89
249 279 90
250 278 91
249 279 92
248 279 93
248 279 94
249 280 95
249 279 96
250 280 97
250 281 98
250 282 99
250 283 100
251 283 101
251 283 102
250 283 103
251 284 104
251 284 105
252 283 106
251 284 107
252 284 108
252 285 109
252 285 110
252 285 111
251 284 112
252 285 113
252 286 114
252 286 115
252 286 116
253 286 117
253 287 118
252 287 119
253 287 120
253 287 121
253 288 122
253 288 123
253 288 124
253 289 125
253 289 126
254 289 127
254 290 128
255 290 129
254 291 130
255 291 131
255 292 132
255 292 133
255 293 134
255 293 135
256 293 136
256 294 137
256 294 138
257 294 139
257 295 140
257 295 141
258 295 142
258 295 143
259 296 144
259 297 145
259 297 146
258 298 147
257 297 148
257 296 149
258 296 150
259 296 151
260 296 152
260 296 153
260 296 154
261 296 155
260 296 156
259 296 157
259 296 158
260 296 159
261 296 160
260 296 161
261 296 162
261 297 163
261 297 164
261 298 165
261 298 166
260 298 167
143
242 260 23
243 260 24
243 260 25
243 261 26
243 261 27
242 262 28
243 263 29
242 263 30
243 263 31
243 264 32
243 264 33
244 265 34
244 265 35
244 265 36
243 265 37
244 266 38
244 266 39
245 267 40
244 266 41
244 267 42
245 267 43
245 268 44
245 268 45
245 268 46
245 268 47
245 269 48
245 269 49
245 269 50
245 269 51
245 270 52
246 271 53
246 271 54
246 271 55
246 272 56
246 271 57
246 271 58
246 271 59
246 271 60
246 272 61
246 272 62
246 272 63
247 273 64
247 273 65
247 273 66
247 273 67
247 273 68
247 274 69
246 273 70
246 274 71
247 275 72
247 275 73
247 276 74
248 276 75
248 277 76
249 277 77
249 277 78
249 277 79
249 277 80
250 277 81
249 278 82
249 279 83
249 279 84
249 279 85
249 278 86
249 279 87
249 279 88
249 279 89
249 279 90
250 278 91
249 279 92
248 279 93
248 279 94
249 280 95
249 279 96
250 280 97
250 281 98
250 282 99
250 283 100
251 283 101
251 283 102
250 283 103
251 284 104
251 284 105
252 283 106
251 284 107
252 284 108
252 285 109
252 285 110
252 285 111
251 284 112
252 285 113
252 286 114
252 286 115
252 286 116
253 286 117
253 287 118
252 287 119
253 287 120
253 287 121
253 288 122
253 288 123
253 288 124
253 289 125
253 289 126
254 289 127
254 290 128
255 290 129
254 291 130
255 291 131
255 292 132
255 292 133
255 293 134
255 293 135
256 293 136
256 294 137
256 294 138
257 294 139
257 295 140
257 295 141
258 295 142
258 295 143
259 296 144
259 297 145
259 297 146
258 298 147
257 297 148
257 296 149
258 296 150
259 296 151
260 296 152
260 296 153
260 296 154
261 296 155
262 296 155
263 296 155
264 296 155
265 296 155
266 296 155
267 296 156
267 297 157
268 296 158
267 295 159
268 294 159
143
242 260 23
243 260 24
243 260 25
243 261 26
243 261 27
242 262 28
243 263 29
242 263 30
243 263 31
243 264 32
243 264 33
244 265 34
244 265 35
244 265 36
243 265 37
244 266 38
244 266 39
245 267 40
244 266 41
244 267 42
245 267 43
245 268 44
245 268 45
245 268 46
245 268 47
245 269 48
245 269 49
245 269 50
245 269 51
245 270 52
246 271 53
246 271 54
246 271 55
246 272 56
246 271 57
246 271 58
246 271 59
246 271 60
246 272 61
246 272 62
246 272 63
247 273 64
247 273 65
247 273 66
247 273 67
247 273 68
247 274 69
246 273 70
246 274 71
247 275 72
247 275 73
247 276 74
248 276 75
248 277 76
249 277 77
249 277 78
249 277 79
249 277 80
250 277 81
249 278 82
249 279 83
249 279 84
249 279 85
249 278 86
249 279 87
249 279 88
249 279 89
249 279 90
250 278 91
249 279 92
248 279 93
248 279 94
249 280 95
249 279 96
250 280 97
250 281 98
250 282 99
250 283 100
251 283 101
251 283 102
250 283 103
251 284 104
251 284 105
252 283 106
251 284 107
252 284 108
252 285 109
252 285 110
252 285 111
251 284 112
252 285 113
252 286 114
252 286 115
252 286 116
253 286 117
253 287 118
252 287 119
253 287 120
253 287 121
253 288 122
253 288 123
253 288 124
253 289 125
253 289 126
254 289 127
254 290 128
255 290 129
254 291 130
255 291 131
255 292 132
255 292 133
255 293 134
255 293 135
256 293 136
256 294 137
256 294 138
257 294 139
257 295 140
257 295 141
258 295 142
258 295 143
259 296 144
259 297 145
259 297 146
258 298 147
257 297 148
257 296 149
258 296 150
259 296 151
260 296 152
260 296 153
260 296 154
261 296 155
260 296 156
259 296 157
259 296 158
260 296 159
261 296 160
262 296 160
263 296 160
264 296 160
265 295 160
266 295 160
142
242 260 23
243 260 24
243 260 25
243 261 26
243 261 27
242 262 28
243 263 29
242 263 30
243 263 31
243 264 32
243 264 33
244 265 34
244 265 35
244 265 36
243 265 37
244 266 38
244 266 39
245 267 40
244 266 41
244 267 42
245 267 43
245 268 44
245 268 45
245 268 46
245 268 47
245 269 48
245 269 49
245 269 50
245 269 51
245 270 52
246 271 53
246 271 54
246 271 55
246 272 56
246 271 57
246 271 58
246 271 59
246 271 60
246 272 61
246 272 62
246 272 63
247 273 64
247 273 65
247 273 66
247 273 67
247 273 68
247 274 69
246 273 70
246 274 71
247 275 72
247 275 73
247 276 74
248 276 75
248 277 76
249 277 77
249 277 78
249 277 79
249 277 80
250 277 81
249 278 82
249 279 83
249 279 84
249 279 85
249 278 86
249 279 87
249 279 88
249 279 89
249 279 90
250 278 91
249 279 92
248 279 93
248 279 94
249 280 95
249 279 96
250 280 97
250 281 98
250 282 99
250 283 100
251 283 101
251 283 102
250 283 103
251 284 104
251 284 105
252 283 106
251 284 107
252 284 108
252 285 109
252 285 110
252 285 111
251 284 112
252 285 113
252 286 114
252 286 115
252 286 116
253 286 117
253 287 118
252 287 119
253 287 120
253 287 121
253 288 122
253 288 123
253 288 124
253 289 125
253 289 126
254 289 127
254 290 128
255 290 129
254 291 130
255 291 131
255 292 132
255 292 133
255 293 134
255 293 135
256 293 136
256 294 137
256 294 138
257 294 139
257 295 140
257 295 141
258 295 142
258 295 143
259 296 144
259 297 145
259 297 146
258 298 147
257 297 148
257 296 149
258 296 150
259 296 151
260 296 152
260 296 153
260 296 154
261 296 155
262 296 155
263 296 155
264 296 155
265 296 155
266 296 155
267 296 156
267 297 157
267 298 158
266 299 158
142
242 260 23
243 260 24
243 260 25
243 261 26
243 261 27
242 262 28
243 263 29
242 263 30
243 263 31
243 264 32
243 264 33
244 265 34
244 265 35
244 265 36
243 265 37
244 266 38
244 266 39
245 267 40
244 266 41
244 267 42
245 267 43
245 268 44
245 268 45
245 268 46
245 268 47
245 269 48
245 269 49
245 269 50
245 269 51
245 270 52
246 271 53
246 271 54
246 271 55
246 272 56
246 271 57
246 271 58
246 271 59
246 271 60
246 272 61
246 272 62
246 272 63
247 273 64
247 273 65
247 273 66
247 273 67
247 273 68
247 274 69
246 273 70
246 274 71
247 275 72
247 275 73
247 276 74
248 276 75
248 277 76
249 277 77
249 277 78
249 277 79
249 277 80
250 277 81
249 278 82
249 279 83
249 279 84
249 279 85
249 278 86
249 279 87
249 279 88
249 279 89
249 279 90
250 278 91
249 279 92
248 279 93
248 279 94
249 280 95
249 279 96
250 280 97
250 281 98
250 282 99
250 283 100
251 283 101
251 283 102
250 283 103
251 284 104
251 284 105
252 283 106
251 284 107
252 284 108
252 285 109
252 285 110
252 285 111
251 284 112
252 285 113
252 286 114
252 286 115
252 286 116
253 286 117
253 287 118
252 287 119
253 287 120
253 287 121
253 288 122
253 288 123
253 288 124
253 289 125
253 289 126
254 289 127
254 290 128
255 290 129
254 291 130
255 291 131
255 292 132
255 292 133
255 293 134
255 293 135
256 293 136
256 294 137
256 294 138
257 294 139
257 295 140
257 295 141
258 295 142
258 295 143
259 296 144
259 297 145
259 297 146
258 298 147
257 297 148
257 296 149
258 296 150
259 296 151
260 296 152
260 296 153
260 296 154
261 296 155
262 296 155
263 296 155
264 296 155
265 296 155
266 296 155
267 296 156
267 297 157
268 296 158
269 295 158
121
242 260 23
243 260 24
243 260 25
243 261 26
243 261 27
242 262 28
243 263 29
242 263 30
243 263 31
243 264 32
243 264 33
244 265 34
244 265 35
244 265 36
243 265 37
244 266 38
244 266 39
245 267 40
244 266 41
244 267 42
245 267 43
245 268 44
245 268 45
245 268 46
245 268 47
245 269 48
245 269 49
245 269 50
245 269 51
245 270 52
246 271 53
246 271 54
246 271 55
246 272 56
246 271 57
246 271 58
246 271 59
246 271 60
246 272 61
246 272 62
246 272 63
247 273 64
247 273 65
247 273 66
247 273 67
247 273 68
247 274 69
246 273 70
246 274 71
247 275 72
247 275 73
247 276 74
248 276 75
248 277 76
249 277 77
249 277 78
249 277 79
249 277 80
250 277 81
249 278 82
249 279 83
249 279 84
249 279 85
249 278 86
249 279 87
249 279 88
249 279 89
249 279 90
250 278 91
249 279 92
248 279 93
248 279 94
249 280 95
249 279 96
248 278 97
247 278 98
246 278 99
246 279 100
246 278 101
246 278 102
246 278 103
245 278 104
245 279 105
245 279 106
245 279 107
246 278 108
246 278 109
246 278 110
246 278 111
245 279 112
245 279 113
246 278 114
246 279 115
246 278 116
246 278 117
246 278 118
246 278 119
245 278 120
245 278 121
245 278 122
245 278 123
244 278 124
244 278 125
244 278 126
244 277 127
243 278 128
243 277 129
243 277 130
242 277 131
242 276 132
242 276 133
242 275 134
241 275 135
241 275 136
241 274 137
242 273 137
243 273 137
244 272 138
245 271 138
246 270 138
247 269 139
111
242 260 23
243 260 24
243 260 25
243 261 26
243 261 27
242 262 28
243 263 29
242 263 30
243 263 31
243 264 32
243 264 33
244 265 34
244 265 35
244 265 36
243 265 37
244 266 38
244 266 39
245 267 40
244 266 41
244 267 42
245 267 43
245 268 44
245 268 45
245 268 46
245 268 47
245 269 48
245 269 49
245 269 50
245 269 51
245 270 52
246 271 53
246 271 54
246 271 55
246 272 56
246 273 55
247 274 55
247 275 56
248 276 55
248 277 55
248 278 55
249 279 55
249 280 56
250 281 56
251 282 56
252 283 56
253 284 56
253 285 56
254 286 56
254 287 56
254 288 56
255 289 57
254 290 56
255 291 57
255 292 56
255 293 56
254 294 57
255 295 57
256 296 57
256 297 56
256 298 56
257 299 56
257 300 56
257 301 56
258 302 56
257 303 56
257 304 56
258 305 55
259 306 55
259 307 55
259 308 55
260 309 54
261 310 54
261 311 54
261 312 54
262 313 53
263 314 53
262 315 52
263 316 52
262 317 51
262 318 51
263 319 51
264 320 50
264 321 50
265 322 49
265 323 49
266 324 48
266 325 48
266 326 47
266 327 47
267 328 46
267 329 46
267 330 46
267 331 46
267 332 45
268 333 44
268 334 44
269 335 43
269 336 43
269 337 42
269 338 41
270 339 40
270 340 39
270 341 38
270 342 37
270 343 36
270 344 35
271 345 34
271 346 33
271 347 32
271 348 31
271 348 30
105
242 260 23
243 260 24
243 260 25
243 261 26
243 261 27
242 262 28
243 263 29
242 263 30
243 263 31
243 264 32
243 264 33
244 265 34
244 265 35
244 265 36
243 265 37
244 266 38
244 266 39
245 267 40
244 266 41
244 267 42
245 267 43
245 268 44
245 268 45
245 268 46
245 268 47
245 269 48
245 269 49
245 269 50
245 269 51
245 270 52
246 271 53
246 271 54
246 271 55
246 272 56
246 271 57
246 271 58
246 271 59
246 271 60
246 272 61
246 272 62
246 272 63
247 273 64
247 273 65
247 273 66
247 273 67
247 273 68
247 274 69
246 273 70
245 273 71
245 272 72
244 271 73
243 271 74
242 270 75
242 269 76
242 269 77
241 269 78
241 268 79
240 268 80
240 267 81
239 266 82
238 265 83
237 264 84
237 263 85
236 262 86
236 261 87
235 260 88
235 259 89
234 259 90
233 258 91
233 257 92
232 256 93
232 255 94
232 254 95
232 253 95
231 252 96
230 251 97
229 250 97
229 249 98
228 248 99
227 247 100
226 246 100
225 245 101
225 244 102
225 243 102
224 242 103
223 241 104
222 240 105
221 239 106
220 238 107
219 237 108
219 236 109
218 235 109
218 234 109
217 233 110
217 232 110
217 231 110
217 230 110
217 229 111
217 228 111
216 227 112
215 226 112
214 225 112
213 224 112
212 225 112
211 226 112
102
242 260 23
243 260 24
243 260 25
243 261 26
243 261 27
242 262 28
243 263 29
242 263 30
243 263 31
243 264 32
243 264 33
244 265 34
244 265 35
244 265 36
243 265 37
244 266 38
244 266 39
245 267 40
244 266 41
244 267 42
245 267 43
245 268 44
245 268 45
245 268 46
245 268 47
245 269 48
245 269 49
245 269 50
245 269 51
245 270 52
246 271 53
246 271 54
246 271 55
246 272 56
246 271 57
246 271 58
246 271 59
246 271 60
246 272 61
246 272 62
246 272 63
247 273 64
247 273 65
247 273 66
247 273 67
247 273 68
247 274 69
246 273 70
246 274 71
247 275 72
247 275 73
247 276 74
248 276 75
248 277 76
249 277 77
249 277 78
249 277 79
249 277 80
250 277 81
249 278 82
249 279 83
249 279 84
249 279 85
249 278 86
249 279 87
249 279 88
249 279 89
249 279 90
250 278 91
249 279 92
248 279 93
248 279 94
249 280 95
249 279 96
250 279 97
251 278 98
251 279 99
252 278 100
252 278 101
252 277 102
252 277 103
252 277 104
251 278 105
252 278 106
252 279 107
252 279 108
253 278 109
252 279 110
253 278 111
253 279 112
252 280 113
252 280 114
253 279 115
254 279 116
254 279 117
254 279 118
254 279 119
254 279 120
255 279 121
254 279 122
254 279 123
254 279 124
93
242 260 23
243 260 24
243 260 25
243 261 26
243 261 27
242 262 28
243 263 29
242 263 30
243 263 31
243 264 32
243 264 33
244 265 34
244 265 35
244 265 36
243 265 37
244 266 38
244 266 39
245 267 40
244 266 41
244 267 42
245 267 43
245 268 44
245 268 45
245 268 46
245 268 47
245 269 48
245 269 49
245 269 50
245 269 51
245 270 52
246 271 53
246 271 54
246 271 55
246 272 56
246 271 57
246 271 58
246 271 59
246 271 60
246 272 61
246 272 62
246 272 63
247 273 64
247 273 65
247 273 66
247 273 67
247 273 68
247 274 69
246 273 70
246 274 71
247 275 72
247 275 73
247 276 74
248 276 75
248 277 76
249 277 77
249 277 78
249 277 79
249 277 80
250 277 81
249 278 82
249 279 83
249 279 84
249 279 85
249 278 86
249 279 87
249 279 88
249 279 89
249 279 90
250 278 91
249 279 92
248 279 93
248 279 94
249 280 95
249 279 96
250 280 97
250 281 98
250 282 99
250 283 100
251 283 101
251 283 102
250 283 103
251 284 104
251 284 105
252 283 106
251 284 107
252 284 108
252 285 109
252 285 110
252 285 111
251 284 112
252 285 113
253 284 113
253 283 112
93
242 260 23
243 260 24
243 260 25
243 261 26
243 261 27
242 262 28
243 263 29
242 263 30
243 263 31
243 264 32
243 264 33
244 265 34
244 265 35
244 265 36
243 265 37
244 266 38
244 266 39
245 267 40
244 266 41
244 267 42
245 267 43
245 268 44
245 268 45
245 268 46
245 268 47
245 269 48
245 269 49
245 269 50
245 269 51
245 270 52
246 271 53
246 271 54
246 271 55
246 272 56
246 271 57
246 271 58
246 271 59
246 271 60
246 272 61
246 272 62
246 272 63
247 273 64
247 273 65
247 273 66
247 273 67
247 273 68
247 274 69
246 273 70
246 274 71
247 275 72
247 275 73
247 276 74
248 276 75
248 277 76
249 277 77
249 277 78
249 277 79
249 277 80
250 277 81
249 278 82
249 279 83
249 279 84
249 279 85
249 278 86
249 279 87
249 279 88
249 279 89
249 279 90
250 278 91
249 279 92
248 279 93
248 279 94
249 280 95
249 279 96
250 279 97
251 278 98
251 279 99
252 278 100
252 278 101
252 277 102
252 277 103
252 277 104
251 278 105
252 278 106
252 279 107
252 279 108
253 278 109
252 279 110
253 278 111
253 279 112
252 280 113
252 281 113
253 282 112
92
242 260 23
243 260 24
243 260 25
243 261 26
243 261 27
242 262 28
243 263 29
242 263 30
243 263 31
243 264 32
243 264 33
244 265 34
244 265 35
244 265 36
243 265 37
244 266 38
244 266 39
245 267 40
244 266 41
244 267 42
245 267 43
245 268 44
245 268 45
245 268 46
245 268 47
245 269 48
245 269 49
245 269 50
245 269 51
245 270 52
246 271 53
246 271 54
246 271 55
246 272 56
246 271 57
246 271 58
246 271 59
246 271 60
246 272 61
246 272 62
246 272 63
247 273 64
247 273 65
247 273 66
247 273 67
247 273 68
247 274 69
246 273 70
246 274 71
247 275 72
247 275 73
247 276 74
248 276 75
248 277 76
249 277 77
249 277 78
249 277 79
249 277 80
250 277 81
249 278 82
249 279 83
249 279 84
249 279 85
249 278 86
249 279 87
249 279 88
249 279 89
249 279 90
250 278 91
249 279 92
248 279 93
248 279 94
249 280 95
249 279 96
250 280 97
250 281 98
250 282 99
250 283 100
251 283 101
251 283 102
250 283 103
251 284 104
251 284 105
252 283 106
251 284 107
252 284 108
252 285 109
252 285 110
252 285 111
251 284 112
250 283 113
250 282 114
89
242 260 23
243 260 24
243 260 25
243 261 26
243 261 27
242 262 28
243 263 29
242 263 30
243 263 31
243 264 32
243 264 33
244 265 34
244 265 35
244 265 36
243 265 37
244 266 38
244 266 39
245 267 40
244 266 41
244 267 42
245 267 43
245 268 44
245 268 45
245 268 46
245 268 47
245 269 48
245 269 49
245 269 50
245 269 51
245 270 52
246 271 53
246 271 54
246 271 55
246 272 56
246 271 57
246 271 58
246 271 59
246 271 60
246 272 61
246 272 62
246 272 63
247 273 64
247 273 65
247 273 66
247 273 67
247 273 68
247 274 69
246 273 70
246 274 71
247 275 72
247 275 73
247 276 74
248 276 75
248 277 76
249 277 77
249 277 78
249 277 79
249 277 80
250 277 81
249 278 82
249 279 83
249 279 84
249 279 85
249 278 86
249 279 87
249 279 88
249 279 89
249 279 90
250 278 91
249 279 92
248 279 93
248 279 94
249 280 95
249 279 96
250 280 97
250 281 98
250 282 99
250 283 100
251 283 101
251 283 102
250 283 103
251 284 104
251 284 105
252 283 106
251 284 107
252 284 108
253 283 108
252 282 109
251 281 110
87
242 260 23
243 260 24
243 260 25
243 261 26
243 261 27
242 262 28
243 263 29
242 263 30
243 263 31
243 264 32
243 264 33
244 265 34
244 265 35
244 265 36
243 265 37
244 266 38
244 266 39
245 267 40
244 266 41
244 267 42
245 267 43
245 268 44
245 268 45
245 268 46
245 268 47
245 269 48
245 269 49
245 269 50
245 269 51
245 270 52
246 271 53
246 271 54
246 271 55
246 272 56
246 271 57
246 271 58
246 271 59
246 271 60
246 272 61
246 272 62
246 272 63
247 273 64
247 273 65
247 273 66
247 273 67
247 273 68
247 274 69
246 273 70
246 274 71
247 275 72
247 275 73
247 276 74
248 276 75
248 277 76
249 277 77
249 277 78
249 277 79
249 277 80
250 277 81
249 278 82
249 279 83
249 279 84
249 279 85
249 278 86
249 279 87
249 279 88
249 279 89
249 279 90
250 278 91
249 279 92
248 279 93
248 279 94
249 280 95
249 279 96
250 279 97
251 278 98
251 279 99
252 278 100
252 278 101
252 277 102
252 277 103
252 277 104
251 278 105
252 278 106
252 279 107
251 280 108
251 280 110
87
242 260 23
243 260 24
243 260 25
243 261 26
243 261 27
242 262 28
243 263 29
242 263 30
243 263 31
243 264 32
243 264 33
244 265 34
244 265 35
244 265 36
243 265 37
244 266 38
244 266 39
245 267 40
244 266 41
244 267 42
245 267 43
245 268 44
245 268 45
245 268 46
245 268 47
245 269 48
245 269 49
245 269 50
245 269 51
245 270 52
246 271 53
246 271 54
246 271 55
246 272 56
246 271 57
246 271 58
246 271 59
246 271 60
246 272 61
246 272 62
246 272 63
247 273 64
247 273 65
247 273 66
247 273 67
247 273 68
247 274 69
246 273 70
246 274 71
247 275 72
247 275 73
247 276 74
248 276 75
248 277 76
249 277 77
249 277 78
249 277 79
249 277 80
250 277 81
249 278 82
249 279 83
249 279 84
249 279 85
249 278 86
249 279 87
249 279 88
249 279 89
249 279 90
250 278 91
249 279 92
248 279 93
248 279 94
249 280 95
249 279 96
250 280 97
250 281 98
250 282 99
250 283 100
251 283 101
251 283 102
250 283 103
251 284 104
251 284 105
252 283 106
251 282 107
250 281 108
249 281 107
86
242 260 23
243 260 24
243 260 25
243 261 26
243 261 27
242 262 28
243 263 29
242 263 30
243 263 31
243 264 32
243 264 33
244 265 34
244 265 35
244 265 36
243 265 37
244 266 38
244 266 39
245 267 40
244 266 41
244 267 42
245 267 43
245 268 44
245 268 45
245 268 46
245 268 47
245 269 48
245 269 49
245 269 50
245 269 51
245 270 52
246 271 53
246 271 54
246 271 55
246 272 56
246 271 57
246 271 58
246 271 59
246 271 60
246 272 61
246 272 62
246 272 63
247 273 64
247 273 65
247 273 66
247 273 67
247 273 68
247 274 69
246 273 70
246 274 71
247 275 72
247 275 73
247 276 74
248 276 75
248 277 76
249 277 77
249 277 78
249 277 79
249 277 80
250 277 81
249 278 82
249 279 83
249 279 84
249 279 85
249 278 86
249 279 87
249 279 88
249 279 89
249 279 90
250 278 91
249 279 92
248 279 93
248 279 94
249 280 95
249 279 96
250 280 97
250 281 98
250 282 99
250 283 100
251 283 101
251 283 102
250 283 103
251 284 104
251 284 105
252 283 106
251 282 107
250 282 106
82
242 260 23
243 260 24
243 260 25
243 261 26
243 261 27
242 262 28
243 263 29
242 263 30
243 263 31
243 264 32
243 264 33
244 265 34
244 265 35
244 265 36
243 265 37
244 266 38
244 266 39
245 267 40
244 266 41
244 267 42
245 267 43
245 268 44
245 268 45
245 268 46
245 268 47
245 269 48
245 269 49
245 269 50
245 269 51
245 270 52
246 271 53
246 271 54
246 271 55
246 272 56
246 271 57
246 271 58
246 271 59
246 271 60
246 272 61
246 272 62
246 272 63
247 273 64
247 273 65
247 273 66
247 273 67
247 273 68
247 274 69
246 273 70
246 274 71
247 275 72
247 275 73
247 276 74
248 276 75
248 277 76
249 277 77
249 277 78
249 277 79
249 277 80
250 277 81
249 278 82
249 279 83
249 279 84
249 279 85
249 278 86
249 279 87
249 279 88
249 279 89
249 279 90
250 278 91
249 279 92
248 279 93
248 279 94
249 280 95
249 279 96
248 278 97
247 278 98
246 278 99
246 279 100
246 278 101
247 277 101
248 276 101
249 276 101
81
242 260 23
243 260 24
243 260 25
243 261 26
243 261 27
242 262 28
243 263 29
242 263 30
243 263 31
243 264 32
243 264 33
244 265 34
244 265 35
244 265 36
243 265 37
244 266 38
244 266 39
245 267 40
244 266 41
244 267 42
245 267 43
245 268 44
245 268 45
245 268 46
245 268 47
245 269 48
245 269 49
245 269 50
245 269 51
245 270 52
246 271 53
246 271 54
246 271 55
246 272 56
246 271 57
246 271 58
246 271 59
246 271 60
246 272 61
246 272 62
246 272 63
247 273 64
247 273 65
247 273 66
247 273 67
247 273 68
247 274 69
246 273 70
246 274 71
247 275 72
247 275 73
247 276 74
248 276 75
248 277 76
249 277 77
249 277 78
249 277 79
249 277 80
250 277 81
249 278 82
249 279 83
249 279 84
249 279 85
249 278 86
249 279 87
249 279 88
249 279 89
249 279 90
250 278 91
249 279 92
248 279 93
248 279 94
249 280 95
249 279 96
250 279 97
251 278 98
251 277 98
252 276 99
252 275 100
251 274 101
250 275 101
72
242 260 23
243 260 24
243 260 25
243 261 26
243 261 27
242 262 28
243 263 29
242 263 30
243 263 31
243 264 32
243 264 33
244 265 34
244 265 35
244 265 36
243 265 37
244 266 38
244 266 39
245 267 40
244 266 41
244 267 42
245 267 43
245 268 44
245 268 45
245 268 46
245 268 47
245 269 48
245 269 49
245 269 50
245 269 51
245 270 52
246 271 53
246 271 54
246 271 55
246 272 56
246 271 57
246 271 58
246 271 59
246 271 60
246 272 61
246 272 62
246 272 63
247 273 64
247 273 65
247 273 66
247 273 67
247 273 68
247 274 69
246 273 70
246 274 71
247 275 72
247 275 73
247 276 74
248 276 75
248 277 76
249 277 77
249 277 78
249 277 79
249 277 80
250 277 81
249 278 82
249 279 83
249 279 84
249 279 85
249 278 86
249 279 87
249 279 88
249 279 89
249 279 90
250 278 91
251 277 90
252 277 91
253 277 91
64
242 260 23
243 260 24
243 260 25
243 261 26
243 261 27
242 262 28
243 263 29
242 263 30
243 263 31
243 264 32
243 264 33
244 265 34
244 265 35
244 265 36
243 265 37
244 266 38
244 266 39
245 267 40
244 266 41
244 267 42
245 267 43
245 268 44
245 268 45
245 268 46
245 268 47
245 269 48
245 269 49
245 269 50
245 269 51
245 270 52
246 271 53
246 271 54
246 271 55
246 272 56
246 271 57
246 271 58
246 271 59
246 271 60
246 272 61
246 272 62
246 272 63
247 273 64
247 273 65
247 273 66
247 273 67
247 273 68
247 274 69
246 273 70
246 274 71
247 275 72
247 275 73
247 276 74
248 276 75
248 277 76
249 277 77
250 276 77
251 276 78
252 277 78
253 278 78
254 278 79
255 278 80
255 278 81
256 278 82
256 279 83
61
242 260 23
243 260 24
243 260 25
243 261 26
243 261 27
242 262 28
243 263 29
242 263 30
243 263 31
243 264 32
243 264 33
244 265 34
244 265 35
244 265 36
243 265 37
244 266 38
244 266 39
245 267 40
244 266 41
244 267 42
245 267 43
245 268 44
245 268 45
245 268 46
245 268 47
245 269 48
245 269 49
245 269 50
245 269 51
245 270 52
246 271 53
246 271 54
246 271 55
246 272 56
246 273 55
247 274 55
247 275 56
248 276 55
248 277 55
248 278 55
249 279 55
249 280 56
250 281 56
251 282 56
252 283 56
253 284 56
253 285 56
254 286 56
254 287 56
254 288 56
255 289 57
254 290 56
255 291 57
255 292 56
255 293 56
254 294 57
255 295 57
256 296 57
256 297 56
256 298 56
263 298 56
60
242 260 23
243 260 24
243 260 25
243 261 26
243 261 27
242 262 28
243 263 29
242 263 30
243 263 31
243 264 32
243 264 33
244 265 34
244 265 35
244 265 36
243 265 37
244 266 38
244 266 39
245 267 40
244 266 41
244 267 42
245 267 43
245 268 44
245 268 45
245 268 46
245 268 47
245 269 48
245 269 49
245 269 50
245 269 51
245 270 52
246 271 53
246 271 54
246 271 55
246 272 56
246 273 55
247 274 55
247 275 56
248 276 55
248 277 55
248 278 55
249 279 55
249 280 56
250 281 56
251 282 56
252 283 56
253 284 56
253 285 56
254 286 56
254 287 56
254 288 56
255 289 57
254 290 56
253 290 56
252 290 56
251 291 56
250 292 56
249 293 56
249 294 56
248 295 57
249 296 56
60
242 260 23
243 260 24
243 260 25
243 261 26
243 261 27
242 262 28
243 263 29
242 263 30
243 263 31
243 264 32
243 264 33
244 265 34
244 265 35
244 265 36
243 265 37
244 266 38
244 266 39
245 267 40
244 266 41
244 267 42
245 267 43
245 268 44
245 268 45
245 268 46
245 268 47
245 269 48
245 269 49
245 269 50
245 269 51
245 270 52
246 271 53
246 271 54
246 271 55
246 272 56
246 273 55
247 274 55
247 275 56
248 276 55
248 277 55
248 278 55
249 279 55
249 280 56
250 281 56
251 282 56
252 283 56
253 284 56
253 285 56
254 286 56
254 287 56
254 288 56
255 289 57
254 290 56
255 291 57
255 292 56
255 293 56
254 294 57
253 295 57
252 296 56
251 297 56
250 297 56
58
242 260 23
243 260 24
243 260 25
243 261 26
243 261 27
242 262 28
243 263 29
242 263 30
243 263 31
243 264 32
243 264 33
244 265 34
244 265 35
244 265 36
243 265 37
244 266 38
244 266 39
245 267 40
244 266 41
244 267 42
245 267 43
245 268 44
245 268 45
245 268 46
245 268 47
245 269 48
245 269 49
245 269 50
245 269 51
245 270 52
246 271 53
246 271 54
246 271 55
246 272 56
246 271 57
246 271 58
246 271 59
246 271 60
246 272 61
246 272 62
246 272 63
247 273 64
247 273 65
247 273 66
247 273 67
247 273 68
247 274 69
246 273 70
246 274 71
247 275 72
247 275 73
247 276 74
248 276 75
248 277 76
249 277 77
250 276 77
251 275 77
252 274 78
58
242 260 23
243 260 24
243 260 25
243 261 26
243 261 27
242 262 28
243 263 29
242 263 30
243 263 31
243 264 32
243 264 33
244 265 34
244 265 35
244 265 36
243 265 37
244 266 38
244 266 39
245 267 40
244 266 41
244 267 42
245 267 43
245 268 44
245 268 45
245 268 46
245 268 47
245 269 48
245 269 49
245 269 50
245 269 51
245 270 52
246 271 53
246 271 54
246 271 55
246 272 56
246 271 57
246 271 58
246 271 59
246 271 60
246 272 61
246 272 62
246 272 63
247 273 64
247 273 65
247 273 66
247 273 67
247 273 68
247 274 69
246 273 70
246 274 71
247 275 72
247 275 73
247 276 74
248 276 75
247 277 76
246 277 76
245 277 76
244 277 77
244 278 78
53
242 260 23
243 260 24
243 260 25
243 261 26
243 261 27
242 262 28
243 263 29
242 263 30
243 263 31
243 264 32
243 264 33
244 265 34
244 265 35
244 265 36
243 265 37
244 266 38
244 266 39
245 267 40
244 266 41
244 267 42
245 267 43
245 268 44
245 268 45
245 268 46
245 268 47
245 269 48
245 269 49
245 269 50
245 269 51
245 270 52
246 271 53
246 271 54
246 271 55
246 272 56
246 271 57
246 271 58
246 271 59
246 271 60
246 272 61
246 272 62
246 272 63
247 273 64
247 273 65
247 273 66
247 273 67
247 273 68
247 274 69
246 273 70
245 273 71
245 272 72
246 271 72
247 270 73
247 271 74
40
242 260 23
243 260 24
243 260 25
243 261 26
243 261 27
242 262 28
243 263 29
242 263 30
243 263 31
243 264 32
243 264 33
244 265 34
244 265 35
244 265 36
243 265 37
244 266 38
244 266 39
245 267 40
244 266 41
244 267 42
245 267 43
245 268 44
245 268 45
245 268 46
245 268 47
245 269 48
245 269 49
245 269 50
245 269 51
245 270 52
246 271 53
246 271 54
246 271 55
246 272 56
246 273 55
240 273 55
240 274 55
240 275 55
240 276 56
240 283 56
39
242 260 23
243 260 24
243 260 25
243 261 26
243 261 27
242 262 28
243 263 29
242 263 30
243 263 31
243 264 32
243 264 33
244 265 34
244 265 35
244 265 36
243 265 37
244 266 38
244 266 39
245 267 40
244 266 41
244 267 42
245 267 43
245 268 44
245 268 45
245 268 46
245 268 47
245 269 48
245 269 49
245 269 50
245 269 51
245 270 52
246 271 53
246 271 54
246 271 55
246 272 56
246 273 55
240 273 55
240 274 55
240 275 55
240 276 56
37
242 260 23
243 260 24
243 260 25
243 261 26
243 261 27
242 262 28
243 263 29
242 263 30
243 263 31
243 264 32
243 264 33
244 265 34
244 265 35
244 265 36
243 265 37
244 266 38
244 266 39
245 267 40
244 266 41
244 267 42
245 267 43
245 268 44
245 268 45
245 268 46
245 268 47
245 269 48
245 269 49
245 269 50
245 269 51
245 270 52
246 271 53
246 271 54
246 271 55
246 272 56
246 273 55
240 273 55
240 272 55
25
242 260 23
243 260 24
243 260 25
243 261 26
243 261 27
242 262 28
243 263 29
242 263 30
243 263 31
243 264 32
243 264 33
244 265 34
244 265 35
244 265 36
243 265 37
242 266 38
241 266 38
240 266 39
239 266 40
240 266 41
240 266 42
240 267 43
240 267 44
240 267 45
240 268 46
20
242 260 23
243 260 24
243 260 25
243 261 26
243 261 27
242 262 28
243 263 29
242 263 30
243 263 31
243 264 32
243 264 33
244 265 34
244 265 35
244 265 36
243 265 37
244 266 38
244 266 39
245 267 40
244 266 41
243 262 43
10
242 260 23
243 260 24
243 260 25
243 261 26
243 261 27
242 262 28
241 262 28
240 263 28
239 263 29
240 263 30
9
242 260 23
243 260 24
243 260 25
243 261 26
243 261 27
242 262 28
243 263 29
242 263 30
241 263 30
