55
219
255 260 25
255 260 26
255 260 27
255 260 28
255 260 29
255 260 30
254 261 31
255 261 32
256 261 33
255 261 34
255 261 35
254 261 36
255 260 37
254 261 38
254 261 39
254 261 40
255 261 41
254 261 42
254 261 43
254 261 44
254 261 45
254 261 46
254 261 47
254 261 48
255 261 49
255 261 50
255 261 51
255 261 52
255 261 53
255 261 54
255 261 55
255 261 56
255 261 57
255 261 58
255 261 59
255 262 60
254 261 61
254 261 62
254 261 63
254 261 64
254 262 65
254 263 66
254 263 67
253 263 68
253 263 69
253 263 70
253 263 71
253 263 72
253 263 73
253 263 74
254 262 75
255 263 76
255 263 77
256 263 78
256 264 79
255 264 80
254 265 81
254 265 82
254 265 83
255 264 84
256 264 85
256 263 86
255 264 87
256 263 88
255 262 89
254 261 90
254 262 91
254 263 92
255 264 93
254 265 94
254 266 95
254 265 96
253 266 97
253 265 98
253 265 99
254 265 100
253 265 101
253 264 102
254 264 103
254 263 104
255 264 105
256 264 106
256 264 107
256 263 108
256 263 109
257 264 110
257 264 111
257 264 112
257 264 113
258 265 114
258 264 115
259 264 116
258 263 117
258 263 118
258 263 119
258 262 120
258 262 121
259 263 122
260 262 122
260 261 123
261 261 124
260 260 125
261 260 126
261 260 127
262 260 128
262 260 129
262 260 130
262 260 131
263 260 132
263 260 133
263 260 134
263 260 135
263 260 136
263 260 137
263 260 138
263 260 139
264 260 140
264 259 141
264 259 142
265 260 143
265 259 144
265 258 145
266 258 146
266 258 147
267 258 148
268 258 149
268 258 150
269 258 151
269 257 152
269 257 153
269 256 154
270 256 155
270 256 156
271 256 157
271 255 158
271 254 159
272 254 160
272 254 161
272 254 162
272 255 163
272 254 164
273 254 165
273 254 166
273 253 167
274 253 168
275 253 169
275 253 170
276 253 171
276 252 172
277 252 173
277 251 174
278 252 175
278 251 176
278 250 177
278 250 178
278 250 179
278 250 180
278 249 181
278 248 182
279 248 183
280 249 184
280 248 185
281 248 186
281 247 187
281 246 188
281 245 189
282 245 190
282 244 191
283 244 192
283 244 193
283 243 194
284 243 195
285 243 196
284 242 197
285 242 198
285 241 199
285 241 200
286 241 201
287 241 202
287 240 203
288 240 204
289 240 205
289 239 206
290 239 207
290 239 208
290 238 209
291 238 210
291 238 211
292 238 212
292 237 213
292 237 214
293 236 215
294 236 216
294 236 217
294 236 218
295 236 219
295 235 220
295 235 221
296 235 222
297 234 223
298 234 224
298 234 225
298 234 226
298 234 227
299 234 228
299 234 229
300 234 230
300 234 231
300 234 232
301 234 233
301 233 234
302 234 235
302 234 236
302 234 237
303 234 238
303 234 239
303 234 240
304 233 245
304 233 247
218
255 260 25
255 260 26
255 260 27
255 260 28
255 260 29
255 260 30
254 261 31
255 261 32
256 261 33
255 261 34
255 261 35
254 261 36
255 260 37
254 261 38
254 261 39
254 261 40
255 261 41
254 261 42
254 261 43
254 261 44
254 261 45
254 261 46
254 261 47
254 261 48
255 261 49
255 261 50
255 261 51
255 261 52
255 261 53
255 261 54
255 261 55
255 261 56
255 261 57
255 261 58
255 261 59
255 262 60
254 261 61
254 261 62
254 261 63
254 261 64
254 262 65
254 263 66
254 263 67
253 263 68
253 263 69
253 263 70
253 263 71
253 263 72
253 263 73
253 263 74
254 262 75
255 263 76
255 263 77
256 263 78
256 264 79
255 264 80
254 265 81
254 265 82
254 265 83
255 264 84
256 264 85
256 263 86
255 264 87
256 263 88
255 262 89
254 261 90
254 262 91
254 263 92
255 264 93
254 265 94
254 266 95
254 265 96
253 266 97
253 265 98
253 265 99
254 265 100
253 265 101
253 264 102
254 264 103
254 263 104
255 264 105
256 264 106
256 264 107
256 263 108
256 263 109
257 264 110
257 264 111
257 264 112
257 264 113
258 265 114
258 264 115
259 264 116
258 263 117
258 263 118
258 263 119
258 262 120
258 262 121
259 263 122
260 262 122
260 261 123
261 261 124
260 260 125
261 260 126
261 260 127
262 260 128
262 260 129
262 260 130
262 260 131
263 260 132
263 260 133
263 260 134
263 260 135
263 260 136
263 260 137
263 260 138
263 260 139
264 260 140
264 259 141
264 259 142
265 260 143
265 259 144
265 258 145
266 258 146
266 258 147
267 258 148
268 258 149
268 258 150
269 258 151
269 257 152
269 257 153
269 256 154
270 256 155
270 256 156
271 256 157
271 255 158
271 254 159
272 254 160
272 254 161
272 254 162
272 255 163
272 254 164
273 254 165
273 254 166
273 253 167
274 253 168
275 253 169
275 253 170
276 253 171
276 252 172
277 252 173
277 251 174
278 252 175
278 251 176
278 250 177
278 250 178
278 250 179
278 250 180
278 249 181
278 248 182
279 248 183
280 249 184
280 248 185
281 248 186
281 247 187
281 246 188
281 245 189
282 245 190
282 244 191
283 244 192
283 244 193
283 243 194
284 243 195
285 243 196
284 242 197
285 242 198
285 241 199
285 241 200
286 241 201
287 241 202
287 240 203
288 240 204
289 240 205
289 239 206
290 239 207
290 239 208
290 238 209
291 238 210
291 238 211
292 238 212
292 237 213
292 237 214
293 236 215
294 236 216
294 236 217
294 236 218
295 236 219
295 235 220
295 235 221
296 235 222
297 234 223
298 234 224
298 234 225
298 234 226
298 234 227
299 234 228
299 234 229
300 234 230
300 234 231
300 234 232
301 234 233
301 233 234
302 234 235
302 234 236
302 234 237
303 234 238
303 234 239
303 234 240
304 233 245
217
255 260 25
255 260 26
255 260 27
255 260 28
255 260 29
255 260 30
254 261 31
255 261 32
256 261 33
255 261 34
255 261 35
254 261 36
255 260 37
254 261 38
254 261 39
254 261 40
255 261 41
254 261 42
254 261 43
254 261 44
254 261 45
254 261 46
254 261 47
254 261 48
255 261 49
255 261 50
255 261 51
255 261 52
255 261 53
255 261 54
255 261 55
255 261 56
255 261 57
255 261 58
255 261 59
255 262 60
254 261 61
254 261 62
254 261 63
254 261 64
254 262 65
254 263 66
254 263 67
253 263 68
253 263 69
253 263 70
253 263 71
253 263 72
253 263 73
253 263 74
254 262 75
255 263 76
255 263 77
256 263 78
256 264 79
255 264 80
254 265 81
254 265 82
254 265 83
255 264 84
256 264 85
256 263 86
255 264 87
256 263 88
255 262 89
254 261 90
254 262 91
254 263 92
255 264 93
254 265 94
254 266 95
254 265 96
253 266 97
253 265 98
253 265 99
254 265 100
253 265 101
253 264 102
254 264 103
254 263 104
255 264 105
256 264 106
256 264 107
256 263 108
256 263 109
257 264 110
257 264 111
257 264 112
257 264 113
258 265 114
258 264 115
259 264 116
258 263 117
258 263 118
258 263 119
258 262 120
258 262 121
259 263 122
260 262 122
260 261 123
261 261 124
260 260 125
261 260 126
261 260 127
262 260 128
262 260 129
262 260 130
262 260 131
263 260 132
263 260 133
263 260 134
263 260 135
263 260 136
263 260 137
263 260 138
263 260 139
264 260 140
264 259 141
264 259 142
265 260 143
265 259 144
265 258 145
266 258 146
266 258 147
267 258 148
268 258 149
268 258 150
269 258 151
269 257 152
269 257 153
269 256 154
270 256 155
270 256 156
271 256 157
271 255 158
271 254 159
272 254 160
272 254 161
272 254 162
272 255 163
272 254 164
273 254 165
273 254 166
273 253 167
274 253 168
275 253 169
275 253 170
276 253 171
276 252 172
277 252 173
277 251 174
278 252 175
278 251 176
278 250 177
278 250 178
278 250 179
278 250 180
278 249 181
278 248 182
279 248 183
280 249 184
280 248 185
281 248 186
281 247 187
281 246 188
281 245 189
282 245 190
282 244 191
283 244 192
283 244 193
283 243 194
284 243 195
285 243 196
284 242 197
285 242 198
285 241 199
285 241 200
286 241 201
287 241 202
287 240 203
288 240 204
289 240 205
289 239 206
290 239 207
290 239 208
290 238 209
291 238 210
291 238 211
292 238 212
292 237 213
292 237 214
293 236 215
294 236 216
294 236 217
294 236 218
295 236 219
295 235 220
295 235 221
296 235 222
297 234 223
298 234 224
298 234 225
298 234 226
298 234 227
299 234 228
299 234 229
300 234 230
300 234 231
300 234 232
301 234 233
301 233 234
302 234 235
302 234 236
302 234 237
303 234 238
303 234 239
303 234 240
211
255 260 25
255 260 26
255 260 27
255 260 28
255 260 29
255 260 30
254 261 31
255 261 32
256 261 33
255 261 34
255 261 35
254 261 36
255 260 37
254 261 38
254 261 39
254 261 40
255 261 41
254 261 42
254 261 43
254 261 44
254 261 45
254 261 46
254 261 47
254 261 48
255 261 49
255 261 50
255 261 51
255 261 52
255 261 53
255 261 54
255 261 55
255 261 56
255 261 57
255 261 58
255 261 59
255 262 60
254 261 61
254 261 62
254 261 63
254 261 64
254 262 65
254 263 66
254 263 67
253 263 68
253 263 69
253 263 70
253 263 71
253 263 72
253 263 73
253 263 74
254 262 75
255 263 76
255 263 77
256 263 78
256 264 79
255 264 80
254 265 81
254 265 82
254 265 83
255 264 84
256 264 85
256 263 86
255 264 87
256 263 88
257 262 88
258 262 89
259 261 90
260 260 91
261 261 92
262 260 93
262 260 94
263 260 95
263 259 96
263 259 97
264 259 98
264 259 99
265 259 100
265 258 101
266 258 102
266 257 103
266 257 104
266 257 105
267 257 106
267 257 107
268 257 108
268 256 109
269 257 110
269 256 111
270 256 112
270 256 113
271 256 114
271 255 115
272 255 116
272 255 117
273 255 118
273 254 119
274 254 120
275 254 121
275 254 122
276 253 123
277 253 124
277 253 125
278 252 126
278 252 127
279 252 128
280 252 129
280 251 130
281 251 131
282 251 132
283 250 133
284 250 134
285 249 135
286 249 136
287 248 137
288 248 138
289 248 139
290 248 140
290 247 141
291 247 142
292 246 143
293 246 144
294 245 145
295 245 146
296 245 147
297 244 148
298 243 149
299 242 150
300 241 151
301 241 152
302 241 152
303 240 153
304 240 154
305 239 155
306 239 155
307 238 156
308 238 156
309 237 156
310 237 157
311 237 157
312 236 158
313 236 158
314 235 159
315 234 159
316 233 160
317 233 160
318 232 160
319 232 160
320 231 161
321 231 161
322 230 161
323 229 161
324 229 162
325 229 162
326 228 162
327 227 162
328 227 162
329 226 162
330 225 162
331 225 162
332 224 163
333 223 163
334 222 163
335 222 163
336 221 163
337 221 163
338 220 164
339 220 163
340 219 163
341 218 163
342 218 163
343 217 164
344 217 164
345 216 163
346 216 164
347 215 163
348 215 163
349 214 163
350 214 163
351 213 163
352 212 163
353 211 162
354 211 162
355 210 162
356 209 161
357 209 161
358 208 161
359 207 160
360 206 160
361 205 159
362 205 159
363 204 159
364 203 158
365 202 158
366 201 157
367 200 157
368 199 156
369 199 155
370 198 155
371 197 154
372 196 153
372 195 153
373 194 153
374 193 152
375 192 151
376 191 150
377 190 149
378 189 148
379 188 147
380 187 146
381 186 145
382 185 144
190
255 260 25
255 260 26
255 260 27
255 260 28
255 260 29
255 260 30
254 261 31
255 261 32
256 261 33
255 261 34
255 261 35
254 261 36
255 260 37
254 261 38
254 261 39
254 261 40
255 261 41
254 261 42
254 261 43
254 261 44
254 261 45
254 261 46
254 261 47
254 261 48
255 261 49
255 261 50
255 261 51
255 261 52
255 261 53
255 261 54
255 261 55
255 261 56
255 261 57
255 261 58
255 261 59
255 262 60
254 261 61
254 261 62
254 261 63
254 261 64
254 262 65
254 263 66
254 263 67
253 263 68
253 263 69
253 263 70
253 263 71
253 263 72
253 263 73
253 263 74
252 262 75
251 262 74
250 263 74
249 264 74
248 264 75
248 264 76
248 265 77
247 265 78
247 265 79
247 265 80
246 265 81
246 266 82
245 266 83
245 267 84
244 267 85
244 267 86
243 267 87
243 268 88
242 268 89
241 268 90
241 269 91
240 269 92
239 269 93
239 269 94
238 270 95
237 270 96
237 270 97
237 271 98
236 271 99
235 271 100
235 272 101
234 272 102
233 272 103
232 273 104
231 273 105
231 273 106
230 274 107
229 274 108
229 275 109
228 275 110
227 275 111
226 276 112
225 276 113
224 277 114
223 277 115
222 278 116
221 278 117
220 278 118
219 279 119
218 279 120
217 280 121
216 280 122
215 280 122
214 281 123
213 282 123
212 282 124
211 283 125
210 282 126
209 283 127
208 283 127
207 284 128
206 284 129
205 284 129
204 284 130
204 285 131
203 285 132
202 286 132
201 286 133
200 287 134
199 287 134
198 288 135
197 288 135
196 288 135
195 289 136
194 289 136
193 289 136
192 290 136
191 291 137
190 291 137
189 291 138
188 291 139
187 291 139
186 292 139
185 292 140
184 292 140
183 293 140
182 293 140
181 294 141
180 295 141
179 295 141
178 295 141
177 296 142
176 297 142
175 296 142
174 297 142
173 298 142
172 298 141
171 299 142
170 299 142
169 299 141
168 299 141
167 300 141
166 300 141
165 301 141
164 302 141
163 302 141
162 302 141
161 301 141
160 302 141
159 302 140
158 302 140
157 303 140
156 303 140
155 303 139
154 303 139
153 304 138
152 304 138
151 305 138
150 304 137
149 305 137
148 305 137
147 305 136
146 306 136
145 306 135
144 306 135
143 306 134
142 306 134
141 306 134
140 306 133
139 306 132
138 306 132
137 306 131
136 306 130
135 306 130
134 306 129
133 307 128
132 307 127
131 307 127
130 307 126
126 308 122
189
255 260 25
255 260 26
255 260 27
255 260 28
255 260 29
255 260 30
254 261 31
255 261 32
256 261 33
255 261 34
255 261 35
254 261 36
255 260 37
254 261 38
254 261 39
254 261 40
255 261 41
254 261 42
254 261 43
254 261 44
254 261 45
254 261 46
254 261 47
254 261 48
255 261 49
255 261 50
255 261 51
255 261 52
255 261 53
255 261 54
255 261 55
255 261 56
255 261 57
255 261 58
255 261 59
255 262 60
254 261 61
254 261 62
254 261 63
254 261 64
254 262 65
254 263 66
254 263 67
253 263 68
253 263 69
253 263 70
253 263 71
253 263 72
253 263 73
253 263 74
252 262 75
251 262 74
250 263 74
249 264 74
248 264 75
248 264 76
248 265 77
247 265 78
247 265 79
247 265 80
246 265 81
246 266 82
245 266 83
245 267 84
244 267 85
244 267 86
243 267 87
243 268 88
242 268 89
241 268 90
241 269 91
240 269 92
239 269 93
239 269 94
238 270 95
237 270 96
237 270 97
237 271 98
236 271 99
235 271 100
235 272 101
234 272 102
233 272 103
232 273 104
231 273 105
231 273 106
230 274 107
229 274 108
229 275 109
228 275 110
227 275 111
226 276 112
225 276 113
224 277 114
223 277 115
222 278 116
221 278 117
220 278 118
219 279 119
218 279 120
217 280 121
216 280 122
215 280 122
214 281 123
213 282 123
212 282 124
211 283 125
210 282 126
209 283 127
208 283 127
207 284 128
206 284 129
205 284 129
204 284 130
204 285 131
203 285 132
202 286 132
201 286 133
200 287 134
199 287 134
198 288 135
197 288 135
196 288 135
195 289 136
194 289 136
193 289 136
192 290 136
191 291 137
190 291 137
189 291 138
188 291 139
187 291 139
186 292 139
185 292 140
184 292 140
183 293 140
182 293 140
181 294 141
180 295 141
179 295 141
178 295 141
177 296 142
176 297 142
175 296 142
174 297 142
173 298 142
172 298 141
171 299 142
170 299 142
169 299 141
168 299 141
167 300 141
166 300 141
165 301 141
164 302 141
163 302 141
162 302 141
161 301 141
160 302 141
159 302 140
158 302 140
157 303 140
156 303 140
155 303 139
154 303 139
153 304 138
152 304 138
151 305 138
150 304 137
149 305 137
148 305 137
147 305 136
146 306 136
145 306 135
144 306 135
143 306 134
142 306 134
141 306 134
140 306 133
139 306 132
138 306 132
137 306 131
136 306 130
135 306 130
134 306 129
133 307 128
132 307 127
131 307 127
130 307 126
161
255 260 25
255 260 26
255 260 27
255 260 28
255 260 29
255 260 30
254 261 31
255 261 32
256 261 33
255 261 34
255 261 35
254 261 36
255 260 37
254 261 38
254 261 39
254 261 40
255 261 41
254 261 42
254 261 43
254 261 44
254 261 45
254 261 46
254 261 47
254 261 48
255 261 49
255 261 50
255 261 51
255 261 52
255 261 53
255 261 54
255 261 55
255 261 56
255 261 57
255 261 58
255 261 59
255 262 60
254 261 61
254 261 62
254 261 63
254 261 64
254 262 65
254 263 66
254 263 67
253 263 68
253 263 69
253 263 70
253 263 71
253 263 72
253 263 73
253 263 74
254 262 75
255 263 76
255 263 77
256 263 78
256 264 79
255 264 80
254 265 81
254 265 82
254 265 83
255 264 84
256 264 85
256 263 86
255 264 87
256 263 88
255 262 89
254 261 90
254 262 91
254 263 92
255 264 93
254 265 94
254 266 95
254 265 96
253 266 97
253 265 98
253 265 99
254 265 100
253 265 101
253 264 102
254 264 103
254 263 104
255 264 105
256 264 106
256 264 107
256 263 108
256 263 109
257 264 110
257 264 111
257 264 112
257 264 113
258 265 114
258 264 115
259 264 116
258 263 117
258 263 118
258 263 119
258 262 120
258 262 121
259 263 122
258 264 123
257 263 124
257 264 125
256 263 126
256 263 127
256 264 128
256 264 129
256 264 130
255 263 131
255 264 132
255 264 133
255 264 134
254 264 135
254 264 136
254 264 137
254 264 138
254 264 139
254 264 140
254 264 141
254 265 142
253 264 143
254 265 144
254 265 145
254 265 146
254 265 147
254 266 148
254 266 149
254 266 150
254 266 151
255 267 152
254 267 153
255 267 154
254 267 155
254 267 156
254 267 157
255 267 158
255 267 159
255 267 160
255 267 161
255 267 162
255 267 163
256 267 164
256 267 165
256 267 166
256 267 167
257 267 168
257 267 169
258 267 170
259 268 171
258 267 172
259 267 173
259 267 174
260 267 175
260 267 176
260 266 177
260 266 178
261 266 179
261 266 180
262 266 181
262 265 182
265 263 188
266 262 190
268 260 193
160
255 260 25
255 260 26
255 260 27
255 260 28
255 260 29
255 260 30
254 261 31
255 261 32
256 261 33
255 261 34
255 261 35
254 261 36
255 260 37
254 261 38
254 261 39
254 261 40
255 261 41
254 261 42
254 261 43
254 261 44
254 261 45
254 261 46
254 261 47
254 261 48
255 261 49
255 261 50
255 261 51
255 261 52
255 261 53
255 261 54
255 261 55
255 261 56
255 261 57
255 261 58
255 261 59
255 262 60
254 261 61
254 261 62
254 261 63
254 261 64
254 262 65
254 263 66
254 263 67
253 263 68
253 263 69
253 263 70
253 263 71
253 263 72
253 263 73
253 263 74
254 262 75
255 263 76
255 263 77
256 263 78
256 264 79
255 264 80
254 265 81
254 265 82
254 265 83
255 264 84
256 264 85
256 263 86
255 264 87
256 263 88
255 262 89
254 261 90
254 262 91
254 263 92
255 264 93
254 265 94
254 266 95
254 265 96
253 266 97
253 265 98
253 265 99
254 265 100
253 265 101
253 264 102
254 264 103
254 263 104
255 264 105
256 264 106
256 264 107
256 263 108
256 263 109
257 264 110
257 264 111
257 264 112
257 264 113
258 265 114
258 264 115
259 264 116
258 263 117
258 263 118
258 263 119
258 262 120
258 262 121
259 263 122
258 264 123
257 263 124
257 264 125
256 263 126
256 263 127
256 264 128
256 264 129
256 264 130
255 263 131
255 264 132
255 264 133
255 264 134
254 264 135
254 264 136
254 264 137
254 264 138
254 264 139
254 264 140
254 264 141
254 265 142
253 264 143
254 265 144
254 265 145
254 265 146
254 265 147
254 266 148
254 266 149
254 266 150
254 266 151
255 267 152
254 267 153
255 267 154
254 267 155
254 267 156
254 267 157
255 267 158
255 267 159
255 267 160
255 267 161
255 267 162
255 267 163
256 267 164
256 267 165
256 267 166
256 267 167
257 267 168
257 267 169
258 267 170
259 268 171
258 267 172
259 267 173
259 267 174
260 267 175
260 267 176
260 266 177
260 266 178
261 266 179
261 266 180
262 266 181
262 265 182
265 263 188
266 262 190
159
255 260 25
255 260 26
255 260 27
255 260 28
255 260 29
255 260 30
254 261 31
255 261 32
256 261 33
255 261 34
255 261 35
254 261 36
255 260 37
254 261 38
254 261 39
254 261 40
255 261 41
254 261 42
254 261 43
254 261 44
254 261 45
254 261 46
254 261 47
254 261 48
255 261 49
255 261 50
255 261 51
255 261 52
255 261 53
255 261 54
255 261 55
255 261 56
255 261 57
255 261 58
255 261 59
255 262 60
254 261 61
254 261 62
254 261 63
254 261 64
254 262 65
254 263 66
254 263 67
253 263 68
253 263 69
253 263 70
253 263 71
253 263 72
253 263 73
253 263 74
254 262 75
255 263 76
255 263 77
256 263 78
256 264 79
255 264 80
254 265 81
254 265 82
254 265 83
255 264 84
256 264 85
256 263 86
255 264 87
256 263 88
255 262 89
254 261 90
254 262 91
254 263 92
255 264 93
254 265 94
254 266 95
254 265 96
253 266 97
253 265 98
253 265 99
254 265 100
253 265 101
253 264 102
254 264 103
254 263 104
255 264 105
256 264 106
256 264 107
256 263 108
256 263 109
257 264 110
257 264 111
257 264 112
257 264 113
258 265 114
258 264 115
259 264 116
258 263 117
258 263 118
258 263 119
258 262 120
258 262 121
259 263 122
258 264 123
257 263 124
257 264 125
256 263 126
256 263 127
256 264 128
256 264 129
256 264 130
255 263 131
255 264 132
255 264 133
255 264 134
254 264 135
254 264 136
254 264 137
254 264 138
254 264 139
254 264 140
254 264 141
254 265 142
253 264 143
254 265 144
254 265 145
254 265 146
254 265 147
254 266 148
254 266 149
254 266 150
254 266 151
255 267 152
254 267 153
255 267 154
254 267 155
254 267 156
254 267 157
255 267 158
255 267 159
255 267 160
255 267 161
255 267 162
255 267 163
256 267 164
256 267 165
256 267 166
256 267 167
257 267 168
257 267 169
258 267 170
259 268 171
258 267 172
259 267 173
259 267 174
260 267 175
260 267 176
260 266 177
260 266 178
261 266 179
261 266 180
262 266 181
262 265 182
265 263 188
158
255 260 25
255 260 26
255 260 27
255 260 28
255 260 29
255 260 30
254 261 31
255 261 32
256 261 33
255 261 34
255 261 35
254 261 36
255 260 37
254 261 38
254 261 39
254 261 40
255 261 41
254 261 42
254 261 43
254 261 44
254 261 45
254 261 46
254 261 47
254 261 48
255 261 49
255 261 50
255 261 51
255 261 52
255 261 53
255 261 54
255 261 55
255 261 56
255 261 57
255 261 58
255 261 59
255 262 60
254 261 61
254 261 62
254 261 63
254 261 64
254 262 65
254 263 66
254 263 67
253 263 68
253 263 69
253 263 70
253 263 71
253 263 72
253 263 73
253 263 74
254 262 75
255 263 76
255 263 77
256 263 78
256 264 79
255 264 80
254 265 81
254 265 82
254 265 83
255 264 84
256 264 85
256 263 86
255 264 87
256 263 88
255 262 89
254 261 90
254 262 91
254 263 92
255 264 93
254 265 94
254 266 95
254 265 96
253 266 97
253 265 98
253 265 99
254 265 100
253 265 101
253 264 102
254 264 103
254 263 104
255 264 105
256 264 106
256 264 107
256 263 108
256 263 109
257 264 110
257 264 111
257 264 112
257 264 113
258 265 114
258 264 115
259 264 116
258 263 117
258 263 118
258 263 119
258 262 120
258 262 121
259 263 122
258 264 123
257 263 124
257 264 125
256 263 126
256 263 127
256 264 128
256 264 129
256 264 130
255 263 131
255 264 132
255 264 133
255 264 134
254 264 135
254 264 136
254 264 137
254 264 138
254 264 139
254 264 140
254 264 141
254 265 142
253 264 143
254 265 144
254 265 145
254 265 146
254 265 147
254 266 148
254 266 149
254 266 150
254 266 151
255 267 152
254 267 153
255 267 154
254 267 155
254 267 156
254 267 157
255 267 158
255 267 159
255 267 160
255 267 161
255 267 162
255 267 163
256 267 164
256 267 165
256 267 166
256 267 167
257 267 168
257 267 169
258 267 170
259 268 171
258 267 172
259 267 173
259 267 174
260 267 175
260 267 176
260 266 177
260 266 178
261 266 179
261 266 180
262 266 181
262 265 182
158
255 260 25
255 260 26
255 260 27
255 260 28
255 260 29
255 260 30
254 261 31
255 261 32
256 261 33
255 261 34
255 261 35
254 261 36
255 260 37
254 261 38
254 261 39
254 261 40
255 261 41
254 261 42
254 261 43
254 261 44
254 261 45
254 261 46
254 261 47
254 261 48
255 261 49
255 261 50
255 261 51
255 261 52
255 261 53
255 261 54
255 261 55
255 261 56
255 261 57
255 261 58
255 261 59
255 262 60
254 261 61
254 261 62
254 261 63
254 261 64
254 262 65
254 263 66
254 263 67
253 263 68
253 263 69
253 263 70
253 263 71
253 263 72
253 263 73
253 263 74
252 262 75
251 262 74
250 263 74
249 264 74
248 264 75
248 264 76
248 265 77
247 265 78
247 265 79
247 265 80
246 265 81
246 266 82
245 266 83
245 267 84
244 267 85
244 267 86
243 267 87
243 268 88
242 268 89
241 268 90
241 269 91
240 269 92
239 269 93
239 269 94
238 270 95
237 270 96
237 270 97
237 271 98
236 271 99
235 271 100
235 272 101
234 272 102
233 272 103
232 273 104
231 273 105
231 273 106
230 274 107
229 274 108
229 275 109
228 275 110
227 275 111
226 276 112
225 276 113
224 277 114
223 277 115
222 278 116
221 278 117
220 278 118
219 279 119
218 279 120
217 280 121
216 280 122
215 280 122
214 281 123
213 282 123
212 282 124
211 283 125
210 282 126
209 283 127
208 283 127
207 284 128
206 284 129
205 284 129
204 284 130
204 285 131
203 285 132
202 286 132
201 286 133
200 287 134
199 287 134
198 288 135
197 288 135
196 288 135
195 289 136
194 289 136
193 289 136
192 290 136
191 291 137
190 291 137
189 291 138
188 291 139
187 291 139
186 292 139
185 292 140
184 292 140
183 293 140
182 293 140
181 294 141
180 295 141
179 295 141
178 295 141
177 296 142
176 297 142
175 296 142
174 297 142
173 298 142
172 298 141
171 299 142
170 299 142
169 299 141
168 299 141
167 300 141
166 300 141
165 301 141
164 300 141
163 299 141
162 299 140
161 300 141
143
255 260 25
255 260 26
255 260 27
255 260 28
255 260 29
255 260 30
254 261 31
255 261 32
256 261 33
255 261 34
255 261 35
254 261 36
255 260 37
254 261 38
254 261 39
254 261 40
255 261 41
254 261 42
254 261 43
254 261 44
254 261 45
254 261 46
254 261 47
254 261 48
255 261 49
255 261 50
255 261 51
255 261 52
255 261 53
255 261 54
255 261 55
255 261 56
255 261 57
255 261 58
255 261 59
255 262 60
254 261 61
254 261 62
254 261 63
254 261 64
254 262 65
254 263 66
254 263 67
253 263 68
253 263 69
253 263 70
253 263 71
253 263 72
253 263 73
253 263 74
254 262 75
255 263 76
255 263 77
256 263 78
256 264 79
255 264 80
254 265 81
254 265 82
254 265 83
255 264 84
256 264 85
256 263 86
255 264 87
256 263 88
255 262 89
254 261 90
254 262 91
254 263 92
255 264 93
254 265 94
254 266 95
254 265 96
253 266 97
253 265 98
253 265 99
254 265 100
253 265 101
252 266 102
251 267 103
250 267 104
250 268 105
249 267 106
248 267 107
248 268 108
247 267 109
246 266 110
246 267 111
245 267 112
245 268 113
244 268 114
243 267 115
243 268 116
242 268 117
242 268 118
241 268 119
242 269 120
241 269 121
241 270 122
240 270 123
240 270 124
240 271 125
239 271 126
239 271 127
238 271 128
238 272 129
237 272 130
236 272 131
236 273 132
235 273 133
234 274 134
233 274 135
232 274 136
231 275 137
230 276 138
229 277 139
228 277 140
227 277 141
226 277 142
225 278 143
224 278 144
223 279 145
222 279 146
222 280 147
221 280 148
220 280 149
219 280 150
219 281 151
218 281 152
217 281 153
216 281 154
215 281 155
214 281 156
213 282 157
213 282 158
212 283 159
212 283 160
211 283 161
210 283 162
209 283 163
208 284 163
201 285 168
200 285 168
199 285 168
142
255 260 25
255 260 26
255 260 27
255 260 28
255 260 29
255 260 30
254 261 31
255 261 32
256 261 33
255 261 34
255 261 35
254 261 36
255 260 37
254 261 38
254 261 39
254 261 40
255 261 41
254 261 42
254 261 43
254 261 44
254 261 45
254 261 46
254 261 47
254 261 48
255 261 49
255 261 50
255 261 51
255 261 52
255 261 53
255 261 54
255 261 55
255 261 56
255 261 57
255 261 58
255 261 59
255 262 60
254 261 61
254 261 62
254 261 63
254 261 64
254 262 65
254 263 66
254 263 67
253 263 68
253 263 69
253 263 70
253 263 71
253 263 72
253 263 73
253 263 74
254 262 75
255 263 76
255 263 77
256 263 78
256 264 79
255 264 80
254 265 81
254 265 82
254 265 83
255 264 84
256 264 85
256 263 86
255 264 87
256 263 88
255 262 89
254 261 90
254 262 91
254 263 92
255 264 93
254 265 94
254 266 95
254 265 96
253 266 97
253 265 98
253 265 99
254 265 100
253 265 101
253 264 102
254 264 103
254 263 104
255 264 105
256 264 106
256 264 107
256 263 108
256 263 109
257 264 110
257 264 111
257 264 112
257 264 113
258 265 114
258 264 115
259 264 116
258 263 117
258 263 118
258 263 119
258 262 120
258 262 121
259 263 122
260 262 122
260 261 123
261 261 124
260 260 125
261 260 126
261 260 127
262 260 128
262 260 129
262 260 130
262 260 131
263 260 132
263 260 133
263 260 134
263 260 135
263 260 136
263 260 137
263 260 138
263 260 139
264 260 140
264 259 141
264 259 142
265 260 143
265 259 144
265 258 145
266 258 146
266 258 147
267 258 148
268 258 149
268 258 150
269 258 151
269 257 152
269 257 153
269 256 154
270 256 155
270 256 156
271 256 157
271 255 158
271 254 159
272 254 160
273 255 159
274 256 159
275 257 159
276 258 158
277 259 158
141
255 260 25
255 260 26
255 260 27
255 260 28
255 260 29
255 260 30
254 261 31
255 261 32
256 261 33
255 261 34
255 261 35
254 261 36
255 260 37
254 261 38
254 261 39
254 261 40
255 261 41
254 261 42
254 261 43
254 261 44
254 261 45
254 261 46
254 261 47
254 261 48
255 261 49
255 261 50
255 261 51
255 261 52
255 261 53
255 261 54
255 261 55
255 261 56
255 261 57
255 261 58
255 261 59
255 262 60
254 261 61
254 261 62
254 261 63
254 261 64
254 262 65
254 263 66
254 263 67
253 263 68
253 263 69
253 263 70
253 263 71
253 263 72
253 263 73
253 263 74
254 262 75
255 263 76
255 263 77
256 263 78
256 264 79
255 264 80
254 265 81
254 265 82
254 265 83
255 264 84
256 264 85
256 263 86
255 264 87
256 263 88
255 262 89
254 261 90
254 262 91
254 263 92
255 264 93
254 265 94
254 266 95
254 265 96
253 266 97
253 265 98
253 265 99
254 265 100
253 265 101
252 266 102
251 267 103
250 267 104
250 268 105
249 267 106
248 267 107
248 268 108
247 267 109
246 266 110
246 267 111
245 267 112
245 268 113
244 268 114
243 267 115
243 268 116
242 268 117
242 268 118
241 268 119
242 269 120
241 269 121
241 270 122
240 270 123
240 270 124
240 271 125
239 271 126
239 271 127
238 271 128
238 272 129
237 272 130
236 272 131
236 273 132
235 273 133
234 274 134
233 274 135
232 274 136
231 275 137
230 276 138
229 277 139
228 277 140
227 277 141
226 277 142
225 278 143
224 278 144
223 279 145
222 279 146
222 280 147
221 280 148
220 280 149
219 280 150
219 281 151
218 281 152
217 281 153
216 281 154
215 281 155
214 281 156
213 282 157
213 282 158
212 283 159
212 283 160
211 283 161
210 283 162
209 283 163
208 284 163
201 285 168
141
255 260 25
255 260 26
255 260 27
255 260 28
255 260 29
255 260 30
254 261 31
255 261 32
256 261 33
255 261 34
255 261 35
254 261 36
255 260 37
254 261 38
254 261 39
254 261 40
255 261 41
254 261 42
254 261 43
254 261 44
254 261 45
254 261 46
254 261 47
254 261 48
255 261 49
255 261 50
255 261 51
255 261 52
255 261 53
255 261 54
255 261 55
255 261 56
255 261 57
255 261 58
255 261 59
255 262 60
254 261 61
254 261 62
254 261 63
254 261 64
254 262 65
254 263 66
254 263 67
253 263 68
253 263 69
253 263 70
253 263 71
253 263 72
253 263 73
253 263 74
254 262 75
255 263 76
255 263 77
256 263 78
256 264 79
255 264 80
254 265 81
254 265 82
254 265 83
255 264 84
256 264 85
256 263 86
255 264 87
256 263 88
255 262 89
254 261 90
254 262 91
254 263 92
255 264 93
254 265 94
254 266 95
254 265 96
253 266 97
253 265 98
253 265 99
254 265 100
253 265 101
253 264 102
254 264 103
254 263 104
255 264 105
256 264 106
256 264 107
256 263 108
256 263 109
257 264 110
257 264 111
257 264 112
257 264 113
258 265 114
258 264 115
259 264 116
258 263 117
258 263 118
258 263 119
258 262 120
258 262 121
259 263 122
260 262 122
260 261 123
261 261 124
260 260 125
261 260 126
261 260 127
262 260 128
262 260 129
262 260 130
262 260 131
263 260 132
263 260 133
263 260 134
263 260 135
263 260 136
263 260 137
263 260 138
263 260 139
264 260 140
264 259 141
264 259 142
265 260 143
265 259 144
265 258 145
266 258 146
266 258 147
267 258 148
268 258 149
268 258 150
269 258 151
269 257 152
269 257 153
269 256 154
270 256 155
270 256 156
271 256 157
272 257 157
273 258 157
274 259 156
275 260 156
276 261 157
277 261 157
278 260 158
140
255 260 25
255 260 26
255 260 27
255 260 28
255 260 29
255 260 30
254 261 31
255 261 32
256 261 33
255 261 34
255 261 35
254 261 36
255 260 37
254 261 38
254 261 39
254 261 40
255 261 41
254 261 42
254 261 43
254 261 44
254 261 45
254 261 46
254 261 47
254 261 48
255 261 49
255 261 50
255 261 51
255 261 52
255 261 53
255 261 54
255 261 55
255 261 56
255 261 57
255 261 58
255 261 59
255 262 60
254 261 61
254 261 62
254 261 63
254 261 64
254 262 65
254 263 66
254 263 67
253 263 68
253 263 69
253 263 70
253 263 71
253 263 72
253 263 73
253 263 74
254 262 75
255 263 76
255 263 77
256 263 78
256 264 79
255 264 80
254 265 81
254 265 82
254 265 83
255 264 84
256 264 85
256 263 86
255 264 87
256 263 88
255 262 89
254 261 90
254 262 91
254 263 92
255 264 93
254 265 94
254 266 95
254 265 96
253 266 97
253 265 98
253 265 99
254 265 100
253 265 101
252 266 102
251 267 103
250 267 104
250 268 105
249 267 106
248 267 107
248 268 108
247 267 109
246 266 110
246 267 111
245 267 112
245 268 113
244 268 114
243 267 115
243 268 116
242 268 117
242 268 118
241 268 119
242 269 120
241 269 121
241 270 122
240 270 123
240 270 124
240 271 125
239 271 126
239 271 127
238 271 128
238 272 129
237 272 130
236 272 131
236 273 132
235 273 133
234 274 134
233 274 135
232 274 136
231 275 137
230 276 138
229 277 139
228 277 140
227 277 141
226 277 142
225 278 143
224 278 144
223 279 145
222 279 146
222 280 147
221 280 148
220 280 149
219 280 150
219 281 151
218 281 152
217 281 153
216 281 154
215 281 155
214 281 156
213 282 157
213 282 158
212 283 159
212 283 160
211 283 161
210 283 162
209 283 163
208 284 163
130
255 260 25
255 260 26
255 260 27
255 260 28
255 260 29
255 260 30
254 261 31
255 261 32
256 261 33
255 261 34
255 261 35
254 261 36
255 260 37
254 261 38
254 261 39
254 261 40
255 261 41
254 261 42
254 261 43
254 261 44
254 261 45
254 261 46
254 261 47
254 261 48
255 261 49
255 261 50
255 261 51
255 261 52
255 261 53
255 261 54
255 261 55
255 261 56
255 261 57
255 261 58
255 261 59
255 262 60
254 261 61
254 261 62
254 261 63
254 261 64
254 262 65
254 263 66
254 263 67
253 263 68
253 263 69
253 263 70
253 263 71
253 263 72
253 263 73
253 263 74
252 262 75
251 262 74
250 263 74
249 264 74
248 264 75
248 264 76
248 265 77
247 265 78
247 265 79
247 265 80
246 265 81
246 266 82
245 266 83
245 267 84
244 267 85
244 267 86
243 267 87
243 268 88
242 268 89
241 268 90
241 269 91
240 269 92
239 269 93
239 269 94
238 270 95
237 270 96
237 270 97
237 271 98
236 271 99
235 271 100
235 272 101
234 272 102
233 272 103
232 273 104
231 273 105
231 273 106
230 274 107
229 274 108
229 275 109
228 275 110
227 275 111
226 276 112
225 276 113
224 277 114
223 277 115
222 278 116
221 278 117
220 278 118
219 279 119
218 279 120
217 280 121
216 280 122
215 280 122
214 281 123
213 282 123
212 282 124
211 283 125
210 282 126
209 283 127
208 283 127
207 284 128
206 284 129
205 284 129
204 284 130
204 285 131
203 285 132
202 286 132
201 286 133
200 287 134
199 287 134
198 288 135
197 288 135
196 288 135
195 289 136
194 289 136
193 289 136
192 290 136
191 291 137
190 291 137
190 285 138
124
255 260 25
255 260 26
255 260 27
255 260 28
255 260 29
255 260 30
254 261 31
255 261 32
256 261 33
255 261 34
255 261 35
254 261 36
255 260 37
254 261 38
254 261 39
254 261 40
255 261 41
254 261 42
254 261 43
254 261 44
254 261 45
254 261 46
254 261 47
254 261 48
255 261 49
255 261 50
255 261 51
255 261 52
255 261 53
255 261 54
255 261 55
255 261 56
255 261 57
255 261 58
255 261 59
255 262 60
254 261 61
254 261 62
254 261 63
254 261 64
254 262 65
254 263 66
254 263 67
253 263 68
253 263 69
253 263 70
253 263 71
253 263 72
253 263 73
253 263 74
254 262 75
255 263 76
255 263 77
256 263 78
256 264 79
255 264 80
254 265 81
254 265 82
254 265 83
255 264 84
256 264 85
256 263 86
255 264 87
256 263 88
255 262 89
254 261 90
254 262 91
254 263 92
255 264 93
254 265 94
254 266 95
254 265 96
253 266 97
253 265 98
253 265 99
254 265 100
253 265 101
253 264 102
254 264 103
254 263 104
255 264 105
256 264 106
256 264 107
256 263 108
256 263 109
257 264 110
257 264 111
257 264 112
257 264 113
258 265 114
258 264 115
259 264 116
258 263 117
258 263 118
258 263 119
258 262 120
258 262 121
259 263 122
260 262 122
260 261 123
261 261 124
260 260 125
261 260 126
261 260 127
262 260 128
262 260 129
262 260 130
262 260 131
263 260 132
263 260 133
263 260 134
263 260 135
263 260 136
263 260 137
263 260 138
263 260 139
264 260 140
264 259 141
263 258 141
262 257 141
261 256 141
260 256 142
259 256 143
259 255 144
109
255 260 25
255 260 26
255 260 27
255 260 28
255 260 29
255 260 30
254 261 31
255 261 32
256 261 33
255 261 34
255 261 35
254 261 36
255 260 37
254 261 38
254 261 39
254 261 40
255 261 41
254 261 42
254 261 43
254 261 44
254 261 45
254 261 46
254 261 47
254 261 48
255 261 49
255 261 50
255 261 51
255 261 52
255 261 53
255 261 54
255 261 55
255 261 56
255 261 57
255 261 58
255 261 59
255 262 60
254 261 61
254 261 62
254 261 63
254 261 64
254 262 65
254 263 66
254 263 67
253 263 68
253 263 69
253 263 70
253 263 71
253 263 72
253 263 73
253 263 74
252 262 75
251 262 74
250 263 74
249 264 74
248 264 75
248 264 76
248 265 77
247 265 78
247 265 79
247 265 80
246 265 81
246 266 82
245 266 83
245 267 84
244 267 85
244 267 86
243 267 87
243 268 88
242 268 89
241 268 90
241 269 91
240 269 92
239 269 93
239 269 94
238 270 95
237 270 96
237 270 97
237 271 98
236 271 99
235 271 100
235 272 101
234 272 102
233 272 103
232 273 104
231 273 105
231 273 106
230 274 107
229 274 108
229 275 109
228 275 110
227 275 111
226 276 112
225 276 113
224 277 114
223 277 115
222 278 116
221 278 117
220 278 118
219 279 119
218 279 120
217 280 121
216 280 122
215 280 122
214 281 123
213 282 123
212 282 124
211 283 125
211 284 126
211 285 127
106
255 260 25
255 260 26
255 260 27
255 260 28
255 260 29
255 260 30
254 261 31
255 261 32
256 261 33
255 261 34
255 261 35
254 261 36
255 260 37
254 261 38
254 261 39
254 261 40
255 261 41
254 261 42
254 261 43
254 261 44
254 261 45
254 261 46
254 261 47
254 261 48
255 261 49
255 261 50
255 261 51
255 261 52
255 261 53
255 261 54
255 261 55
255 261 56
255 261 57
255 261 58
255 261 59
255 262 60
254 261 61
254 261 62
254 261 63
254 261 64
254 262 65
254 263 66
254 263 67
253 263 68
253 263 69
253 263 70
253 263 71
253 263 72
253 263 73
253 263 74
254 262 75
255 263 76
255 263 77
256 263 78
256 264 79
255 264 80
254 265 81
254 265 82
254 265 83
255 264 84
256 264 85
256 263 86
255 264 87
256 263 88
255 262 89
254 261 90
254 262 91
254 263 92
255 264 93
254 265 94
254 266 95
254 265 96
253 266 97
253 265 98
253 265 99
254 265 100
253 265 101
253 264 102
254 264 103
254 263 104
255 264 105
256 264 106
256 264 107
256 263 108
256 263 109
257 264 110
257 264 111
257 264 112
257 264 113
258 265 114
258 266 114
258 267 114
258 268 115
258 269 116
257 269 117
257 269 118
257 269 119
258 269 120
257 269 121
257 268 122
256 268 123
257 269 124
256 269 125
255 268 126
256 267 127
257 266 128
103
255 260 25
255 260 26
255 260 27
255 260 28
255 260 29
255 260 30
254 261 31
255 261 32
256 261 33
255 261 34
255 261 35
254 261 36
255 260 37
254 261 38
254 261 39
254 261 40
255 261 41
254 261 42
254 261 43
254 261 44
254 261 45
254 261 46
254 261 47
254 261 48
255 261 49
255 261 50
255 261 51
255 261 52
255 261 53
255 261 54
255 261 55
255 261 56
255 261 57
255 261 58
255 261 59
255 262 60
254 261 61
254 261 62
254 261 63
254 261 64
254 262 65
254 263 66
254 263 67
253 263 68
253 263 69
253 263 70
253 263 71
253 263 72
253 263 73
253 263 74
254 262 75
255 263 76
255 263 77
256 263 78
256 264 79
255 264 80
254 265 81
254 265 82
254 265 83
255 264 84
256 264 85
256 263 86
255 264 87
256 263 88
255 262 89
254 261 90
254 262 91
254 263 92
255 264 93
254 265 94
254 266 95
254 265 96
253 266 97
253 265 98
253 265 99
254 265 100
253 265 101
253 264 102
254 264 103
254 263 104
255 264 105
256 264 106
256 264 107
256 263 108
256 263 109
257 264 110
257 264 111
257 264 112
257 264 113
258 265 114
258 264 115
259 264 116
258 263 117
258 263 118
258 263 119
258 262 120
258 262 121
259 263 122
258 264 123
257 264 123
256 265 123
255 266 123
254 267 122
103
255 260 25
255 260 26
255 260 27
255 260 28
255 260 29
255 260 30
254 261 31
255 261 32
256 261 33
255 261 34
255 261 35
254 261 36
255 260 37
254 261 38
254 261 39
254 261 40
255 261 41
254 261 42
254 261 43
254 261 44
254 261 45
254 261 46
254 261 47
254 261 48
255 261 49
255 261 50
255 261 51
255 261 52
255 261 53
255 261 54
255 261 55
255 261 56
255 261 57
255 261 58
255 261 59
255 262 60
254 261 61
254 261 62
254 261 63
254 261 64
254 262 65
254 263 66
254 263 67
253 263 68
253 263 69
253 263 70
253 263 71
253 263 72
253 263 73
253 263 74
254 262 75
255 263 76
255 263 77
256 263 78
256 264 79
255 264 80
254 265 81
254 265 82
254 265 83
255 264 84
256 264 85
256 263 86
255 264 87
256 263 88
257 262 88
258 262 89
259 261 90
260 260 91
261 261 92
262 260 93
262 260 94
263 260 95
263 259 96
263 259 97
264 259 98
264 259 99
265 259 100
265 258 101
266 258 102
266 257 103
266 257 104
266 257 105
267 257 106
267 257 107
268 257 108
268 256 109
269 257 110
269 256 111
270 256 112
270 256 113
271 256 114
271 255 115
272 255 116
272 255 117
273 255 118
273 254 119
274 254 120
275 254 121
275 254 122
276 253 123
277 253 124
277 253 125
277 259 125
102
255 260 25
255 260 26
255 260 27
255 260 28
255 260 29
255 260 30
254 261 31
255 261 32
256 261 33
255 261 34
255 261 35
254 261 36
255 260 37
254 261 38
254 261 39
254 261 40
255 261 41
254 261 42
254 261 43
254 261 44
254 261 45
254 261 46
254 261 47
254 261 48
255 261 49
255 261 50
255 261 51
255 261 52
255 261 53
255 261 54
255 261 55
255 261 56
255 261 57
255 261 58
255 261 59
255 262 60
254 261 61
254 261 62
254 261 63
254 261 64
254 262 65
254 263 66
254 263 67
253 263 68
253 263 69
253 263 70
253 263 71
253 263 72
253 263 73
253 263 74
254 262 75
255 263 76
255 263 77
256 263 78
256 264 79
255 264 80
254 265 81
254 265 82
254 265 83
255 264 84
256 264 85
256 263 86
255 264 87
256 263 88
255 262 89
254 261 90
254 262 91
254 263 92
255 264 93
254 265 94
254 266 95
254 265 96
253 266 97
253 265 98
253 265 99
254 265 100
253 265 101
253 264 102
254 264 103
254 263 104
255 264 105
256 264 106
256 264 107
256 263 108
256 263 109
257 264 110
257 264 111
257 264 112
257 264 113
258 265 114
258 264 115
259 264 116
258 263 117
258 263 118
258 263 119
258 262 120
258 262 121
259 263 122
260 264 122
261 265 122
261 266 123
262 267 123
102
255 260 25
255 260 26
255 260 27
255 260 28
255 260 29
255 260 30
254 261 31
255 261 32
256 261 33
255 261 34
255 261 35
254 261 36
255 260 37
254 261 38
254 261 39
254 261 40
255 261 41
254 261 42
254 261 43
254 261 44
254 261 45
254 261 46
254 261 47
254 261 48
255 261 49
255 261 50
255 261 51
255 261 52
255 261 53
255 261 54
255 261 55
255 261 56
255 261 57
255 261 58
255 261 59
255 262 60
254 261 61
254 261 62
254 261 63
254 261 64
254 262 65
254 263 66
254 263 67
253 263 68
253 263 69
253 263 70
253 263 71
253 263 72
253 263 73
253 263 74
254 262 75
255 263 76
255 263 77
256 263 78
256 264 79
255 264 80
254 265 81
254 265 82
254 265 83
255 264 84
256 264 85
256 263 86
255 264 87
256 263 88
255 262 89
254 261 90
254 262 91
254 263 92
255 264 93
254 265 94
254 266 95
254 265 96
253 266 97
253 265 98
253 265 99
254 265 100
253 265 101
253 264 102
254 264 103
254 263 104
255 264 105
256 264 106
256 264 107
256 263 108
256 263 109
257 264 110
257 264 111
257 264 112
257 264 113
258 265 114
258 266 114
258 267 114
258 268 115
258 269 116
257 269 117
257 269 118
257 269 119
258 269 120
257 269 121
257 268 122
256 268 123
255 268 122
101
255 260 25
255 260 26
255 260 27
255 260 28
255 260 29
255 260 30
254 261 31
255 261 32
256 261 33
255 261 34
255 261 35
254 261 36
255 260 37
254 261 38
254 261 39
254 261 40
255 261 41
254 261 42
254 261 43
254 261 44
254 261 45
254 261 46
254 261 47
254 261 48
255 261 49
255 261 50
255 261 51
255 261 52
255 261 53
255 261 54
255 261 55
255 261 56
255 261 57
255 261 58
255 261 59
255 262 60
254 261 61
254 261 62
254 261 63
254 261 64
254 262 65
254 263 66
254 263 67
253 263 68
253 263 69
253 263 70
253 263 71
253 263 72
253 263 73
253 263 74
254 262 75
255 263 76
255 263 77
256 263 78
256 264 79
255 264 80
254 265 81
254 265 82
254 265 83
255 264 84
256 264 85
256 263 86
255 264 87
256 263 88
255 262 89
254 261 90
254 262 91
254 263 92
255 264 93
254 265 94
254 266 95
254 265 96
253 266 97
253 265 98
253 265 99
254 265 100
253 265 101
253 264 102
254 264 103
254 263 104
255 264 105
256 264 106
256 264 107
256 263 108
256 263 109
257 264 110
257 264 111
257 264 112
257 264 113
258 265 114
258 264 115
259 264 116
258 263 117
258 263 118
258 263 119
258 262 120
258 262 121
259 263 122
258 264 123
259 265 124
259 266 123
101
255 260 25
255 260 26
255 260 27
255 260 28
255 260 29
255 260 30
254 261 31
255 261 32
256 261 33
255 261 34
255 261 35
254 261 36
255 260 37
254 261 38
254 261 39
254 261 40
255 261 41
254 261 42
254 261 43
254 261 44
254 261 45
254 261 46
254 261 47
254 261 48
255 261 49
255 261 50
255 261 51
255 261 52
255 261 53
255 261 54
255 261 55
255 261 56
255 261 57
255 261 58
255 261 59
255 262 60
254 261 61
254 261 62
254 261 63
254 261 64
254 262 65
254 263 66
254 263 67
253 263 68
253 263 69
253 263 70
253 263 71
253 263 72
253 263 73
253 263 74
254 262 75
255 263 76
255 263 77
256 263 78
256 264 79
255 264 80
254 265 81
254 265 82
254 265 83
255 264 84
256 264 85
256 263 86
255 264 87
256 263 88
255 262 89
254 261 90
254 262 91
254 263 92
255 264 93
254 265 94
254 266 95
254 265 96
253 266 97
253 265 98
253 265 99
254 265 100
253 265 101
253 264 102
254 264 103
254 263 104
255 264 105
256 264 106
256 264 107
256 263 108
256 263 109
257 264 110
257 264 111
257 264 112
257 264 113
258 265 114
258 266 114
258 267 114
258 268 115
258 269 116
257 269 117
257 269 118
257 269 119
258 269 120
257 269 121
257 268 122
258 267 123
101
255 260 25
255 260 26
255 260 27
255 260 28
255 260 29
255 260 30
254 261 31
255 261 32
256 261 33
255 261 34
255 261 35
254 261 36
255 260 37
254 261 38
254 261 39
254 261 40
255 261 41
254 261 42
254 261 43
254 261 44
254 261 45
254 261 46
254 261 47
254 261 48
255 261 49
255 261 50
255 261 51
255 261 52
255 261 53
255 261 54
255 261 55
255 261 56
255 261 57
255 261 58
255 261 59
255 262 60
254 261 61
254 261 62
254 261 63
254 261 64
254 262 65
254 263 66
254 263 67
253 263 68
253 263 69
253 263 70
253 263 71
253 263 72
253 263 73
253 263 74
254 262 75
255 263 76
255 263 77
256 263 78
256 264 79
255 264 80
254 265 81
254 265 82
254 265 83
255 264 84
256 264 85
256 263 86
255 264 87
256 263 88
255 262 89
254 261 90
254 262 91
254 263 92
255 264 93
254 265 94
254 266 95
254 265 96
253 266 97
253 265 98
253 265 99
254 265 100
253 265 101
253 264 102
254 264 103
254 263 104
255 264 105
256 264 106
256 264 107
256 263 108
256 263 109
257 264 110
257 264 111
257 264 112
257 264 113
258 265 114
258 266 114
258 267 114
258 268 115
258 269 116
257 269 117
257 269 118
257 269 119
258 269 120
259 269 121
260 269 122
261 268 123
96
255 260 25
255 260 26
255 260 27
255 260 28
255 260 29
255 260 30
254 261 31
255 261 32
256 261 33
255 261 34
255 261 35
254 261 36
255 260 37
254 261 38
254 261 39
254 261 40
255 261 41
254 261 42
254 261 43
254 261 44
254 261 45
254 261 46
254 261 47
254 261 48
255 261 49
255 261 50
255 261 51
255 261 52
255 261 53
255 261 54
255 261 55
255 261 56
255 261 57
255 261 58
255 261 59
255 262 60
254 261 61
254 261 62
254 261 63
254 261 64
254 262 65
254 263 66
254 263 67
253 263 68
253 263 69
253 263 70
253 263 71
253 263 72
253 263 73
253 263 74
254 262 75
255 263 76
255 263 77
256 263 78
256 264 79
255 264 80
254 265 81
254 265 82
254 265 83
255 264 84
256 264 85
256 263 86
255 264 87
256 263 88
255 262 89
254 261 90
254 262 91
254 263 92
255 264 93
254 265 94
254 266 95
254 265 96
253 266 97
253 265 98
253 265 99
254 265 100
253 265 101
253 264 102
254 264 103
254 263 104
255 264 105
256 264 106
256 264 107
256 263 108
255 262 108
254 262 108
253 261 109
252 261 110
251 261 111
250 260 112
250 260 113
250 260 114
250 260 115
249 260 116
249 260 117
249 259 118
86
255 260 25
255 260 26
255 260 27
255 260 28
255 260 29
255 260 30
254 261 31
255 261 32
256 261 33
255 261 34
255 261 35
254 261 36
255 260 37
256 260 37
257 259 37
258 258 38
259 258 39
258 259 40
259 259 41
260 260 42
259 260 43
259 260 44
259 260 45
259 260 46
259 260 47
260 260 48
260 259 49
261 260 50
261 261 50
261 262 51
262 262 52
262 262 53
262 261 54
262 260 53
262 259 54
263 259 55
263 259 56
263 258 57
264 258 58
264 257 59
265 258 60
265 257 61
266 257 62
267 256 63
268 256 63
269 255 63
270 255 62
270 255 61
271 255 60
271 254 59
272 254 58
273 254 57
273 254 56
274 255 55
274 255 54
274 255 53
275 255 52
275 255 51
275 255 50
276 256 49
277 256 48
277 256 47
278 257 46
279 257 45
280 258 44
280 258 43
280 258 42
281 259 41
281 259 40
282 259 39
283 260 38
284 260 37
285 261 36
286 262 35
286 262 34
287 263 33
288 264 32
289 265 32
290 265 31
290 265 30
290 266 29
291 266 28
292 267 28
293 268 27
294 269 26
295 270 25
82
255 260 25
255 260 26
255 260 27
255 260 28
255 260 29
255 260 30
254 261 31
255 261 32
256 261 33
255 261 34
255 261 35
254 261 36
255 260 37
254 261 38
254 261 39
254 261 40
255 261 41
254 261 42
254 261 43
254 261 44
254 261 45
254 261 46
254 261 47
254 261 48
255 261 49
255 261 50
255 261 51
255 261 52
255 261 53
255 261 54
255 261 55
255 261 56
255 261 57
255 261 58
255 261 59
255 262 60
254 261 61
254 261 62
254 261 63
254 261 64
254 262 65
254 263 66
254 263 67
253 263 68
253 263 69
253 263 70
253 263 71
253 263 72
253 263 73
253 263 74
254 262 75
255 263 76
255 263 77
256 263 78
256 264 79
255 264 80
254 265 81
254 265 82
254 265 83
255 264 84
256 264 85
256 263 86
255 264 87
256 263 88
257 262 88
258 262 89
259 261 90
260 260 91
261 261 92
262 260 93
262 260 94
263 260 95
263 259 96
263 259 97
264 259 98
264 259 99
265 260 100
265 261 101
265 262 102
265 262 103
265 262 104
266 262 105
78
255 260 25
255 260 26
255 260 27
255 260 28
255 260 29
255 260 30
254 261 31
255 261 32
256 261 33
255 261 34
255 261 35
254 261 36
255 260 37
256 260 37
257 259 37
258 258 38
259 258 39
258 259 40
259 259 41
260 260 42
259 260 43
259 260 44
259 260 45
259 260 46
259 260 47
260 260 48
260 259 49
261 260 50
261 261 50
261 262 51
262 262 52
262 262 53
262 261 54
262 260 53
262 259 54
263 259 55
263 259 56
263 258 57
264 258 58
264 257 59
265 258 60
265 257 61
266 257 62
267 256 63
268 256 63
269 255 63
270 255 62
270 255 61
271 255 60
271 254 59
272 254 58
273 254 57
273 254 56
274 255 55
274 255 54
274 255 53
275 255 52
275 255 51
275 255 50
276 256 49
277 256 48
277 256 47
278 257 46
279 257 45
280 258 44
280 258 43
280 258 42
281 259 41
281 259 40
282 259 39
283 260 38
284 260 37
285 261 36
286 262 35
286 262 34
287 263 33
288 264 32
287 265 32
76
255 260 25
255 260 26
255 260 27
255 260 28
255 260 29
255 260 30
254 261 31
255 261 32
256 261 33
255 261 34
255 261 35
254 261 36
255 260 37
254 261 38
254 261 39
254 261 40
255 261 41
254 261 42
254 261 43
254 261 44
254 261 45
254 261 46
254 261 47
254 261 48
255 261 49
255 261 50
255 261 51
255 261 52
255 261 53
255 261 54
255 261 55
255 261 56
255 261 57
255 261 58
255 261 59
255 262 60
254 261 61
254 261 62
254 261 63
254 261 64
254 262 65
254 263 66
254 263 67
253 263 68
253 263 69
253 263 70
253 263 71
253 263 72
253 263 73
253 263 74
254 262 75
255 263 76
255 263 77
256 263 78
256 264 79
255 264 80
254 265 81
254 265 82
254 265 83
255 264 84
256 264 85
256 263 86
255 264 87
256 263 88
255 262 89
255 262 90
256 261 91
257 260 92
258 259 93
258 258 94
257 258 95
258 258 96
258 257 97
258 257 98
259 256 99
259 256 100
75
255 260 25
255 260 26
255 260 27
255 260 28
255 260 29
255 260 30
254 261 31
255 261 32
256 261 33
255 261 34
255 261 35
254 261 36
255 260 37
254 261 38
254 261 39
254 261 40
255 261 41
254 261 42
254 261 43
254 261 44
254 261 45
254 261 46
254 261 47
254 261 48
255 261 49
255 261 50
255 261 51
255 261 52
255 261 53
255 261 54
255 261 55
255 261 56
255 261 57
255 261 58
255 261 59
255 262 60
254 261 61
254 261 62
254 261 63
254 261 64
254 262 65
254 263 66
254 263 67
253 263 68
253 263 69
253 263 70
253 263 71
253 263 72
253 263 73
253 263 74
254 262 75
255 263 76
255 263 77
256 263 78
256 264 79
255 264 80
254 265 81
254 265 82
254 265 83
255 264 84
256 264 85
256 263 86
255 264 87
256 263 88
255 262 89
254 261 90
254 262 91
254 263 92
255 264 93
254 265 94
254 266 95
254 265 96
254 264 96
253 263 96
253 262 96
74
255 260 25
255 260 26
255 260 27
255 260 28
255 260 29
255 260 30
254 261 31
255 261 32
256 261 33
255 261 34
255 261 35
254 261 36
255 260 37
254 261 38
254 261 39
254 261 40
255 261 41
254 261 42
254 261 43
254 261 44
254 261 45
254 261 46
254 261 47
254 261 48
255 261 49
255 261 50
255 261 51
255 261 52
255 261 53
255 261 54
255 261 55
255 261 56
255 261 57
255 261 58
255 261 59
255 262 60
254 261 61
254 261 62
254 261 63
254 261 64
254 262 65
254 263 66
254 263 67
253 263 68
253 263 69
253 263 70
253 263 71
253 263 72
253 263 73
253 263 74
254 262 75
255 263 76
255 263 77
256 263 78
256 264 79
255 264 80
254 265 81
254 265 82
254 265 83
255 264 84
256 264 85
256 263 86
255 264 87
256 263 88
255 262 89
254 261 90
254 262 91
254 263 92
255 264 93
254 265 94
254 266 95
254 265 96
255 264 96
256 264 96
74
255 260 25
255 260 26
255 260 27
255 260 28
255 260 29
255 260 30
254 261 31
255 261 32
256 261 33
255 261 34
255 261 35
254 261 36
255 260 37
254 261 38
254 261 39
254 261 40
255 261 41
254 261 42
254 261 43
254 261 44
254 261 45
254 261 46
254 261 47
254 261 48
255 261 49
255 261 50
255 261 51
255 261 52
255 261 53
255 261 54
255 261 55
255 261 56
255 261 57
255 261 58
255 261 59
255 262 60
254 261 61
254 261 62
254 261 63
254 261 64
254 262 65
254 263 66
254 263 67
253 263 68
253 263 69
253 263 70
253 263 71
253 263 72
253 263 73
253 263 74
254 262 75
255 263 76
255 263 77
256 263 78
256 264 79
255 264 80
254 265 81
254 265 82
254 265 83
255 264 84
256 264 85
256 263 86
255 264 87
256 263 88
255 262 89
255 262 90
256 261 91
257 260 92
258 259 93
258 258 94
257 258 95
256 259 96
255 259 96
254 260 96
73
255 260 25
255 260 26
255 260 27
255 260 28
255 260 29
255 260 30
254 261 31
255 261 32
256 261 33
255 261 34
255 261 35
254 261 36
255 260 37
254 261 38
254 261 39
254 261 40
255 261 41
254 261 42
254 261 43
254 261 44
254 261 45
254 261 46
254 261 47
254 261 48
255 261 49
255 261 50
255 261 51
255 261 52
255 261 53
255 261 54
255 261 55
255 261 56
255 261 57
255 261 58
255 261 59
255 262 60
254 261 61
254 261 62
254 261 63
254 261 64
254 262 65
254 263 66
254 263 67
253 263 68
253 263 69
253 263 70
253 263 71
253 263 72
253 263 73
253 263 74
254 262 75
255 263 76
255 263 77
256 263 78
256 264 79
255 264 80
254 265 81
254 265 82
254 265 83
255 264 84
256 264 85
256 263 86
255 264 87
256 263 88
255 262 89
255 262 90
256 261 91
257 260 92
258 259 93
259 260 94
259 261 95
258 262 96
257 263 96
70
255 260 25
255 260 26
255 260 27
255 260 28
255 260 29
255 260 30
254 261 31
255 261 32
256 261 33
255 261 34
255 261 35
254 261 36
255 260 37
254 261 38
254 261 39
254 261 40
255 261 41
254 261 42
254 261 43
254 261 44
254 261 45
254 261 46
254 261 47
254 261 48
255 261 49
255 261 50
255 261 51
255 261 52
255 261 53
255 261 54
255 261 55
255 261 56
255 261 57
255 261 58
255 261 59
255 262 60
254 261 61
254 261 62
254 261 63
254 261 64
254 262 65
254 263 66
254 263 67
253 263 68
253 263 69
253 263 70
253 263 71
253 263 72
253 263 73
253 263 74
254 262 75
255 263 76
255 263 77
256 263 78
256 264 79
255 264 80
254 265 81
254 265 82
254 265 83
255 264 84
256 264 85
256 263 86
255 264 87
256 263 88
255 262 89
254 261 90
254 260 91
253 261 92
253 261 93
253 261 96
67
255 260 25
255 260 26
255 260 27
255 260 28
255 260 29
255 260 30
254 261 31
255 261 32
256 261 33
255 261 34
255 261 35
254 261 36
255 260 37
254 261 38
254 261 39
254 261 40
255 261 41
254 261 42
254 261 43
254 261 44
254 261 45
254 261 46
254 261 47
254 261 48
255 261 49
255 261 50
255 261 51
255 261 52
255 261 53
255 261 54
255 261 55
255 261 56
255 261 57
255 261 58
255 261 59
255 262 60
254 261 61
254 261 62
254 261 63
254 261 64
254 262 65
254 263 66
254 263 67
253 263 68
253 263 69
253 263 70
253 263 71
253 263 72
253 263 73
253 263 74
252 262 75
251 262 76
250 262 77
250 262 78
250 262 79
249 261 80
249 261 81
249 261 82
248 261 83
248 261 84
248 261 85
247 261 86
247 261 87
246 261 88
245 261 89
245 261 90
244 261 91
59
255 260 25
255 260 26
255 260 27
255 260 28
255 260 29
255 260 30
254 261 31
255 261 32
256 261 33
255 261 34
255 261 35
254 261 36
255 260 37
256 260 37
257 259 37
258 258 38
259 258 39
258 259 40
259 259 41
260 260 42
259 260 43
259 260 44
259 260 45
259 260 46
259 260 47
260 260 48
260 259 49
261 260 50
261 261 50
261 262 51
262 262 52
262 262 53
262 261 54
262 260 53
262 259 54
263 259 55
263 259 56
263 258 57
264 258 58
264 257 59
265 258 60
265 257 61
266 257 62
267 256 63
268 256 63
269 255 63
270 255 62
270 255 61
270 256 60
270 257 59
271 258 58
271 258 57
272 258 56
272 258 55
273 258 54
273 259 53
273 259 52
274 259 51
275 260 50
48
255 260 25
255 260 26
255 260 27
255 260 28
255 260 29
255 260 30
254 261 31
255 261 32
256 261 33
255 261 34
255 261 35
254 261 36
255 260 37
256 260 37
257 259 37
258 258 38
259 258 39
258 259 40
259 259 41
260 260 42
259 260 43
259 260 44
259 260 45
259 260 46
259 260 47
260 260 48
260 259 49
261 260 50
261 261 50
261 262 51
262 262 52
262 262 53
262 261 54
262 260 53
262 259 54
263 259 55
263 259 56
263 258 57
264 258 58
264 257 59
265 258 60
265 257 61
266 257 62
267 256 63
267 255 62
267 254 61
268 253 62
268 253 63
47
255 260 25
255 260 26
255 260 27
255 260 28
255 260 29
255 260 30
254 261 31
255 261 32
256 261 33
255 261 34
255 261 35
254 261 36
255 260 37
256 260 37
257 259 37
258 258 38
259 258 39
258 259 40
259 259 41
260 260 42
259 260 43
259 260 44
259 260 45
259 260 46
259 260 47
260 260 48
260 259 49
261 260 50
261 261 50
261 262 51
262 262 52
262 262 53
262 261 54
262 260 53
262 259 54
263 259 55
263 259 56
263 258 57
264 258 58
264 257 59
265 258 60
265 257 61
266 257 62
267 256 63
268 256 63
269 255 63
268 254 64
40
255 260 25
255 260 26
255 260 27
255 260 28
255 260 29
255 260 30
254 261 31
255 261 32
256 261 33
255 261 34
255 261 35
254 261 36
255 260 37
254 261 38
254 261 39
254 261 40
255 261 41
254 261 42
254 261 43
254 261 44
254 261 45
254 261 46
254 261 47
254 261 48
255 261 49
255 261 50
255 261 51
255 261 52
255 261 53
255 261 54
255 261 55
255 261 56
255 261 57
255 261 58
255 261 59
255 262 60
254 261 61
254 261 62
254 261 63
254 260 64
39
255 260 25
255 260 26
255 260 27
255 260 28
255 260 29
255 260 30
254 261 31
255 261 32
256 261 33
255 261 34
255 261 35
254 261 36
255 260 37
256 260 37
257 259 37
258 258 38
259 258 39
258 259 40
259 259 41
260 260 42
259 260 43
259 260 44
259 260 45
259 260 46
259 260 47
260 260 48
260 259 49
261 260 50
261 261 50
261 262 51
262 262 52
262 262 53
261 263 54
261 263 55
262 264 56
263 265 57
264 266 56
265 265 57
266 264 58
38
255 260 25
255 260 26
255 260 27
255 260 28
255 260 29
255 260 30
254 261 31
255 261 32
256 261 33
255 261 34
255 261 35
254 261 36
255 260 37
254 261 38
254 261 39
254 261 40
255 261 41
254 261 42
254 261 43
254 261 44
254 261 45
254 261 46
254 261 47
254 261 48
255 261 49
255 261 50
255 261 51
255 261 52
255 261 53
255 261 54
255 261 55
255 261 56
255 261 57
255 261 58
255 261 59
255 262 60
256 263 60
257 264 61
37
255 260 25
255 260 26
255 260 27
255 260 28
255 260 29
255 260 30
254 261 31
255 261 32
256 261 33
255 261 34
255 261 35
254 261 36
255 260 37
256 260 37
257 259 37
258 258 38
259 258 39
258 259 40
259 259 41
260 260 42
259 260 43
259 260 44
259 260 45
259 260 46
259 260 47
260 260 48
260 259 49
261 260 50
261 261 50
261 262 51
262 262 52
262 262 53
262 261 54
263 261 55
264 262 56
265 263 56
265 264 56
36
255 260 25
255 260 26
255 260 27
255 260 28
255 260 29
255 260 30
254 261 31
255 261 32
256 261 33
255 261 34
255 261 35
254 261 36
255 260 37
256 260 37
257 259 37
258 258 38
259 258 39
258 259 40
259 259 41
260 260 42
259 260 43
259 260 44
259 260 45
259 260 46
259 260 47
260 260 48
260 259 49
261 260 50
261 261 50
261 262 51
262 262 52
262 262 53
262 261 54
263 261 55
264 262 56
263 261 57
28
255 260 25
255 260 26
255 260 27
255 260 28
255 260 29
255 260 30
254 261 31
255 261 32
256 261 33
255 261 34
255 261 35
254 261 36
255 260 37
256 260 37
257 259 37
258 258 38
259 258 39
258 259 40
259 259 41
260 260 42
259 260 43
259 260 44
259 260 45
259 260 46
259 260 47
260 261 48
260 262 48
261 263 47
27
255 260 25
255 260 26
255 260 27
255 260 28
255 260 29
255 260 30
254 261 31
255 261 32
256 261 33
257 260 33
258 259 33
259 259 33
260 260 34
261 261 34
262 262 34
261 263 35
260 264 36
260 264 37
261 263 38
262 262 39
261 263 40
262 264 41
261 264 42
261 263 43
260 264 44
261 263 45
261 263 46
22
255 260 25
255 260 26
255 260 27
255 260 28
255 260 29
255 260 30
254 261 31
255 261 32
256 261 33
255 261 34
255 261 35
254 261 36
255 260 37
254 261 38
254 261 39
254 261 40
255 261 41
256 261 41
257 262 40
258 262 40
259 263 40
260 263 40
21
255 260 25
255 260 26
255 260 27
255 260 28
255 260 29
255 260 30
254 261 31
255 261 32
256 261 33
255 261 34
255 261 35
254 261 36
255 260 37
254 261 38
254 261 39
254 261 40
255 261 41
256 261 41
257 262 40
257 263 40
258 264 40
21
255 260 25
255 260 26
255 260 27
255 260 28
255 260 29
255 260 30
254 261 31
255 261 32
256 261 33
257 260 33
258 259 33
259 259 33
260 260 34
261 261 34
262 262 34
263 263 35
263 263 36
264 262 37
264 262 38
264 261 39
264 260 38
20
255 260 25
255 260 26
255 260 27
255 260 28
255 260 29
255 260 30
254 261 31
255 261 32
256 261 33
257 260 33
258 259 33
259 259 33
260 260 34
261 261 34
262 262 34
263 262 34
264 261 33
265 260 34
264 259 34
264 258 34
20
255 260 25
255 260 26
255 260 27
255 260 28
255 260 29
255 260 30
254 261 31
255 261 32
256 261 33
257 260 33
258 259 33
259 259 33
260 260 34
261 261 34
262 262 34
263 262 34
264 261 33
265 260 34
265 260 35
265 260 36
19
255 260 25
255 260 26
255 260 27
255 260 28
255 260 29
255 260 30
254 261 31
255 261 32
256 261 33
255 261 34
255 261 35
254 261 36
255 260 37
254 261 38
254 261 39
254 261 40
255 261 41
256 261 41
257 260 40
19
255 260 25
255 260 26
255 260 27
255 260 28
255 260 29
255 260 30
254 261 31
255 261 32
256 261 33
257 260 33
258 259 33
259 259 33
260 260 34
261 261 34
262 262 34
263 263 35
263 263 36
264 262 37
264 260 37
