26
241
262 252 25
262 252 26
262 252 27
262 252 28
262 252 29
263 252 30
263 252 31
263 252 32
263 252 33
263 252 34
263 252 35
263 252 36
263 252 37
263 252 38
263 252 39
263 252 40
263 252 41
263 252 42
263 252 43
263 252 44
263 252 45
263 252 46
263 252 47
263 252 48
263 252 49
263 252 50
263 252 51
263 252 52
263 252 53
263 252 54
263 252 55
263 252 56
263 252 57
263 252 58
263 252 59
263 252 60
263 252 61
263 252 62
263 252 63
263 252 64
263 252 65
264 251 66
264 251 67
264 251 68
263 252 69
263 252 70
263 252 71
263 252 72
264 251 73
264 251 74
264 251 75
263 252 76
263 252 77
264 251 78
264 252 79
265 251 80
265 251 81
264 251 82
264 252 83
263 252 84
263 252 85
263 253 86
263 253 87
262 253 88
262 253 89
262 254 90
262 254 91
262 254 92
262 253 93
262 254 94
262 254 95
261 255 96
260 256 96
259 257 96
259 258 97
258 258 98
258 259 99
258 259 100
257 259 101
256 258 102
256 259 103
256 259 104
255 259 105
256 260 106
255 260 107
254 259 108
254 259 109
254 260 110
253 260 111
253 260 112
253 261 113
252 261 114
252 261 115
252 261 116
252 262 117
252 262 118
251 262 119
251 263 120
251 263 121
250 263 122
250 263 123
249 263 124
249 264 125
249 264 126
249 265 127
248 265 128
248 265 129
247 265 130
247 266 131
246 266 132
245 267 133
245 267 134
244 267 135
244 268 136
243 268 137
243 269 138
243 269 139
242 269 140
242 269 141
242 269 142
241 269 143
241 270 144
241 270 145
241 270 146
240 270 147
240 271 148
239 271 149
239 271 150
239 271 151
238 272 152
237 272 153
237 272 154
236 273 155
235 273 156
235 274 157
234 274 158
233 275 158
232 275 159
232 276 160
231 276 161
230 276 161
229 277 162
229 278 163
228 278 164
227 279 165
227 280 166
226 280 167
225 280 168
224 281 169
223 282 170
222 282 171
221 283 172
220 284 173
219 284 173
218 284 173
217 285 174
216 285 175
215 286 175
214 286 176
213 287 177
212 288 178
211 289 179
210 290 179
209 291 180
208 291 181
207 291 181
206 291 182
206 292 183
205 292 184
204 293 185
203 294 186
203 295 186
202 296 187
201 295 187
200 295 187
199 294 187
198 294 187
197 294 187
196 295 187
195 296 188
194 297 188
193 298 189
192 299 189
192 300 190
191 301 190
190 302 190
189 303 190
188 304 191
189 305 192
188 306 192
187 306 192
186 307 192
185 308 193
184 309 193
184 310 193
184 311 194
184 312 194
183 313 194
182 314 194
181 315 194
180 315 194
179 316 194
179 317 194
178 318 194
177 319 194
176 320 194
176 321 194
175 322 194
174 323 194
174 324 194
173 325 194
172 324 193
171 325 193
170 326 193
170 327 193
169 328 193
168 329 192
167 330 191
167 331 191
166 332 191
165 333 190
165 334 189
165 335 189
166 336 188
166 337 188
166 338 188
166 339 187
166 340 186
166 341 186
166 342 185
166 342 184
166 343 183
166 344 182
166 344 181
166 345 180
167 346 179
167 346 178
167 347 177
167 347 176
167 348 175
167 348 174
214
262 252 25
262 252 26
262 252 27
262 252 28
262 252 29
263 252 30
263 252 31
263 252 32
263 252 33
263 252 34
263 252 35
263 252 36
263 252 37
263 252 38
263 252 39
263 252 40
263 252 41
263 252 42
263 252 43
263 252 44
263 252 45
263 252 46
263 252 47
263 252 48
263 252 49
263 252 50
263 252 51
263 252 52
263 252 53
263 252 54
263 252 55
263 252 56
263 252 57
263 252 58
263 252 59
263 252 60
263 252 61
263 252 62
263 252 63
263 252 64
263 252 65
264 251 66
264 251 67
264 251 68
263 252 69
263 252 70
263 252 71
263 252 72
264 251 73
264 251 74
264 251 75
263 252 76
263 252 77
264 251 78
264 252 79
265 251 80
265 251 81
264 251 82
264 252 83
263 252 84
263 252 85
263 253 86
263 253 87
262 253 88
262 253 89
262 254 90
262 254 91
262 254 92
262 253 93
262 254 94
262 254 95
261 255 96
260 256 96
259 257 96
259 258 97
258 258 98
258 259 99
258 259 100
257 259 101
256 258 102
256 259 103
256 259 104
255 259 105
256 260 106
255 260 107
254 259 108
254 259 109
254 260 110
253 260 111
253 260 112
253 261 113
252 261 114
252 261 115
252 261 116
252 262 117
252 262 118
251 262 119
251 263 120
251 263 121
250 263 122
250 263 123
249 263 124
249 264 125
249 264 126
249 265 127
248 265 128
248 265 129
247 265 130
247 266 131
246 266 132
245 267 133
245 267 134
244 267 135
244 268 136
243 268 137
243 269 138
243 269 139
242 269 140
242 269 141
242 269 142
241 269 143
241 270 144
241 270 145
241 270 146
240 270 147
240 271 148
239 271 149
239 271 150
239 271 151
238 272 152
237 272 153
237 272 154
236 273 155
235 273 156
235 274 157
234 274 158
233 275 158
232 275 159
232 276 160
231 276 161
230 276 161
229 277 162
229 278 163
228 278 164
227 279 165
227 280 166
226 280 167
225 280 168
224 281 169
223 282 170
222 282 171
221 283 172
220 284 173
219 284 173
218 284 173
217 285 174
216 285 175
215 286 175
214 286 176
213 287 177
212 288 178
211 289 179
210 290 179
209 291 180
208 291 181
207 291 181
206 291 182
206 292 183
205 292 184
204 293 185
203 294 186
203 295 186
202 296 187
201 295 187
200 295 187
199 294 187
198 294 187
197 294 187
196 295 187
195 296 188
194 297 188
193 298 189
192 299 189
192 300 190
191 301 190
190 302 190
189 303 190
188 304 191
189 305 192
188 306 192
187 306 192
186 307 192
185 308 193
184 309 193
183 309 192
182 309 192
181 309 192
180 309 193
179 309 193
178 309 193
177 310 194
177 311 194
176 312 194
177 313 194
176 314 194
175 315 194
174 316 194
174 317 194
173 318 194
172 318 194
171 319 194
170 320 193
171 321 193
171 322 193
213
262 252 25
262 252 26
262 252 27
262 252 28
262 252 29
263 252 30
263 252 31
263 252 32
263 252 33
263 252 34
263 252 35
263 252 36
263 252 37
263 252 38
263 252 39
263 252 40
263 252 41
263 252 42
263 252 43
263 252 44
263 252 45
263 252 46
263 252 47
263 252 48
263 252 49
263 252 50
263 252 51
263 252 52
263 252 53
263 252 54
263 252 55
263 252 56
263 252 57
263 252 58
263 252 59
263 252 60
263 252 61
263 252 62
263 252 63
263 252 64
263 252 65
264 251 66
264 251 67
264 251 68
263 252 69
263 252 70
263 252 71
263 252 72
264 251 73
264 251 74
264 251 75
263 252 76
263 252 77
264 251 78
264 252 79
265 251 80
265 251 81
264 251 82
264 252 83
263 252 84
263 252 85
263 253 86
263 253 87
262 253 88
262 253 89
262 254 90
262 254 91
262 254 92
262 253 93
262 254 94
262 254 95
261 255 96
260 256 96
259 257 96
259 258 97
258 258 98
258 259 99
258 259 100
257 259 101
256 258 102
256 259 103
256 259 104
255 259 105
256 260 106
255 260 107
254 259 108
254 259 109
254 260 110
253 260 111
253 260 112
253 261 113
252 261 114
252 261 115
252 261 116
252 262 117
252 262 118
251 262 119
251 263 120
251 263 121
250 263 122
250 263 123
249 263 124
249 264 125
249 264 126
249 265 127
248 265 128
248 265 129
247 265 130
247 266 131
246 266 132
245 267 133
245 267 134
244 267 135
244 268 136
243 268 137
243 269 138
243 269 139
242 269 140
242 269 141
242 269 142
241 269 143
241 270 144
241 270 145
241 270 146
240 270 147
240 271 148
239 271 149
239 271 150
239 271 151
238 272 152
237 272 153
237 272 154
236 273 155
235 273 156
235 274 157
234 274 158
233 275 158
232 275 159
232 276 160
231 276 161
230 276 161
229 277 162
229 278 163
228 278 164
227 279 165
227 280 166
226 280 167
225 280 168
224 281 169
223 282 170
222 282 171
221 283 172
220 284 173
219 284 173
218 284 173
217 285 174
216 285 175
215 286 175
214 286 176
213 287 177
212 288 178
211 289 179
210 290 179
209 291 180
208 291 181
207 291 181
206 291 182
206 292 183
205 292 184
204 293 185
203 294 186
203 295 186
202 296 187
201 295 187
200 295 187
199 294 187
198 294 187
197 294 187
196 295 187
195 296 188
194 297 188
193 298 189
192 299 189
192 300 190
191 301 190
190 302 190
189 303 190
188 304 191
189 305 192
188 306 192
187 306 192
186 307 192
185 308 193
184 309 193
184 310 193
184 311 194
184 312 194
183 313 194
182 314 194
181 315 194
180 315 194
179 316 194
179 317 194
178 318 194
177 319 194
176 320 194
176 321 194
175 322 194
174 323 194
174 324 194
173 325 194
172 324 193
171 323 193
205
262 252 25
262 252 26
262 252 27
262 252 28
262 252 29
263 252 30
263 252 31
263 252 32
263 252 33
263 252 34
263 252 35
263 252 36
263 252 37
263 252 38
263 252 39
263 252 40
263 252 41
263 252 42
263 252 43
263 252 44
263 252 45
263 252 46
263 252 47
263 252 48
263 252 49
263 252 50
263 252 51
263 252 52
263 252 53
263 252 54
263 252 55
263 252 56
263 252 57
263 252 58
263 252 59
263 252 60
263 252 61
263 252 62
263 252 63
263 252 64
263 252 65
264 251 66
264 251 67
264 251 68
263 252 69
263 252 70
263 252 71
263 252 72
264 251 73
264 251 74
264 251 75
263 252 76
263 252 77
264 251 78
264 252 79
265 251 80
265 251 81
264 251 82
264 252 83
263 252 84
263 252 85
263 253 86
263 253 87
262 253 88
262 253 89
262 254 90
262 254 91
262 254 92
262 253 93
262 254 94
262 254 95
261 255 96
260 256 96
259 257 96
259 258 97
258 258 98
258 259 99
258 259 100
257 259 101
256 258 102
256 259 103
256 259 104
255 259 105
256 260 106
255 260 107
254 259 108
254 259 109
254 260 110
253 260 111
253 260 112
253 261 113
252 261 114
252 261 115
252 261 116
252 262 117
252 262 118
251 262 119
251 263 120
251 263 121
250 263 122
250 263 123
249 263 124
249 264 125
249 264 126
249 265 127
248 265 128
248 265 129
247 265 130
247 266 131
246 266 132
245 267 133
245 267 134
244 267 135
244 268 136
243 268 137
243 269 138
243 269 139
242 269 140
242 269 141
242 269 142
241 269 143
241 270 144
241 270 145
241 270 146
240 270 147
240 271 148
239 271 149
239 271 150
239 271 151
238 272 152
237 272 153
237 272 154
236 273 155
235 273 156
235 274 157
234 274 158
233 275 158
232 275 159
232 276 160
231 276 161
230 276 161
229 277 162
229 278 163
228 278 164
227 279 165
227 280 166
226 280 167
225 280 168
224 281 169
223 282 170
222 282 171
221 283 172
220 284 173
219 284 173
218 284 173
217 285 174
216 285 175
215 286 175
214 286 176
213 287 177
212 288 178
211 289 179
210 290 179
209 291 180
208 291 181
207 291 181
206 291 182
206 292 183
205 292 184
204 293 185
203 294 186
203 295 186
202 296 187
201 295 187
200 295 187
199 294 187
198 294 187
197 294 187
196 295 187
195 296 188
194 297 188
193 298 189
192 299 189
192 300 190
191 301 190
190 302 190
189 303 190
188 304 191
189 305 192
188 306 192
187 306 192
186 307 192
185 308 193
184 309 193
184 310 193
184 311 194
184 312 194
183 313 194
182 314 194
181 315 194
180 315 194
179 316 194
178 315 194
177 315 194
176 316 194
203
262 252 25
262 252 26
262 252 27
262 252 28
262 252 29
263 252 30
263 252 31
263 252 32
263 252 33
263 252 34
263 252 35
263 252 36
263 252 37
263 252 38
263 252 39
263 252 40
263 252 41
263 252 42
263 252 43
263 252 44
263 252 45
263 252 46
263 252 47
263 252 48
263 252 49
263 252 50
263 252 51
263 252 52
263 252 53
263 252 54
263 252 55
263 252 56
263 252 57
263 252 58
263 252 59
263 252 60
263 252 61
263 252 62
263 252 63
263 252 64
263 252 65
264 251 66
264 251 67
264 251 68
263 252 69
263 252 70
263 252 71
263 252 72
264 251 73
264 251 74
264 251 75
263 252 76
263 252 77
264 251 78
264 252 79
265 251 80
265 251 81
264 251 82
264 252 83
263 252 84
263 252 85
263 253 86
263 253 87
262 253 88
262 253 89
262 254 90
262 254 91
262 254 92
262 253 93
262 254 94
262 254 95
261 255 96
261 255 97
262 255 98
263 254 99
263 254 100
263 254 101
262 253 102
263 254 103
263 254 104
263 254 105
262 253 106
263 254 107
263 255 108
264 255 109
264 254 110
264 254 111
264 254 112
263 253 113
263 253 114
263 253 115
263 253 116
263 253 117
263 253 118
263 254 119
263 254 120
263 255 121
263 255 122
263 256 123
262 256 124
262 256 125
262 257 126
262 256 127
262 257 128
262 257 129
262 257 130
262 257 131
262 256 132
262 256 133
261 257 134
262 256 135
261 256 136
260 256 137
261 257 138
260 258 139
260 258 140
260 257 141
259 257 142
259 258 143
259 258 144
259 258 145
258 258 146
258 259 147
258 259 148
258 259 149
257 259 150
257 260 151
257 260 152
256 259 153
256 260 154
256 260 155
255 260 156
255 260 157
255 260 158
254 260 159
254 260 160
254 260 161
254 260 162
254 260 163
254 260 164
254 261 165
254 261 166
254 262 167
254 262 168
253 262 169
253 262 170
252 262 171
253 263 172
253 263 173
252 263 174
251 263 175
252 264 176
251 264 177
251 265 178
251 265 179
251 265 180
250 266 181
250 266 182
250 267 183
249 267 184
249 267 185
249 268 186
248 268 187
249 269 188
248 269 189
247 269 190
248 270 191
247 270 192
246 270 193
246 270 194
246 271 195
246 271 196
246 272 197
246 272 198
246 272 199
245 272 200
245 273 201
245 273 202
244 273 203
244 273 204
244 274 205
244 274 206
243 275 207
244 275 208
243 276 209
242 276 210
242 277 211
241 277 212
242 278 213
242 278 214
241 279 215
241 280 216
241 280 217
241 281 218
241 282 219
240 282 220
240 283 221
240 283 222
240 284 223
240 284 224
241 285 225
240 285 226
240 286 227
189
262 252 25
262 252 26
262 252 27
262 252 28
262 252 29
263 252 30
263 252 31
263 252 32
263 252 33
263 252 34
263 252 35
263 252 36
263 252 37
263 252 38
263 252 39
263 252 40
263 252 41
263 252 42
263 252 43
263 252 44
263 252 45
263 252 46
263 252 47
263 252 48
263 252 49
263 252 50
263 252 51
263 252 52
263 252 53
263 252 54
263 252 55
263 252 56
263 252 57
263 252 58
263 252 59
263 252 60
263 252 61
263 252 62
263 252 63
263 252 64
263 252 65
264 251 66
264 251 67
264 251 68
263 252 69
263 252 70
263 252 71
263 252 72
264 251 73
264 251 74
264 251 75
263 252 76
263 252 77
264 251 78
264 252 79
265 251 80
265 251 81
264 251 82
264 252 83
263 252 84
263 252 85
263 253 86
263 253 87
262 253 88
262 253 89
262 254 90
262 254 91
262 254 92
262 253 93
262 254 94
262 254 95
261 255 96
260 256 96
259 257 96
259 258 97
258 258 98
258 259 99
258 259 100
257 259 101
256 258 102
256 259 103
256 259 104
255 259 105
256 260 106
255 260 107
254 259 108
254 259 109
254 260 110
253 260 111
253 260 112
253 261 113
252 261 114
252 261 115
252 261 116
252 262 117
252 262 118
251 262 119
251 263 120
251 263 121
250 263 122
250 263 123
249 263 124
249 264 125
249 264 126
249 265 127
248 265 128
248 265 129
247 265 130
247 266 131
246 266 132
245 267 133
245 267 134
244 267 135
244 268 136
243 268 137
243 269 138
243 269 139
242 269 140
242 269 141
242 269 142
241 269 143
241 270 144
241 270 145
241 270 146
240 270 147
240 271 148
239 271 149
239 271 150
239 271 151
238 272 152
237 272 153
237 272 154
236 273 155
235 273 156
235 274 157
234 274 158
233 275 158
232 275 159
232 276 160
231 276 161
230 276 161
229 277 162
229 278 163
228 278 164
227 279 165
227 280 166
226 280 167
225 280 168
224 281 169
223 282 170
222 282 171
221 283 172
220 284 173
219 284 173
218 284 173
217 285 174
216 285 175
215 286 175
214 286 176
213 287 177
212 288 178
211 289 179
210 290 179
209 291 180
208 291 181
207 291 181
206 291 182
206 292 183
205 292 184
204 293 185
203 294 186
203 295 186
202 296 187
202 297 187
203 298 187
202 299 187
201 300 188
200 301 189
200 302 189
199 303 190
198 303 190
197 304 191
196 305 191
195 305 192
194 305 193
193 305 193
192 304 193
191 305 193
190 305 193
187
262 252 25
262 252 26
262 252 27
262 252 28
262 252 29
263 252 30
263 252 31
263 252 32
263 252 33
263 252 34
263 252 35
263 252 36
263 252 37
263 252 38
263 252 39
263 252 40
263 252 41
263 252 42
263 252 43
263 252 44
263 252 45
263 252 46
263 252 47
263 252 48
263 252 49
263 252 50
263 252 51
263 252 52
263 252 53
263 252 54
263 252 55
263 252 56
263 252 57
263 252 58
263 252 59
263 252 60
263 252 61
263 252 62
263 252 63
263 252 64
263 252 65
264 251 66
264 251 67
264 251 68
263 252 69
263 252 70
263 252 71
263 252 72
264 251 73
264 251 74
264 251 75
263 252 76
263 252 77
264 251 78
264 252 79
265 251 80
265 251 81
264 251 82
264 252 83
263 252 84
263 252 85
263 253 86
263 253 87
262 253 88
262 253 89
262 254 90
262 254 91
262 254 92
262 253 93
262 254 94
262 254 95
261 255 96
260 256 96
259 257 96
259 258 97
258 258 98
258 259 99
258 259 100
257 259 101
256 258 102
256 259 103
256 259 104
255 259 105
256 260 106
255 260 107
254 259 108
254 259 109
254 260 110
253 260 111
253 260 112
253 261 113
252 261 114
252 261 115
252 261 116
252 262 117
252 262 118
251 262 119
251 263 120
251 263 121
250 263 122
250 263 123
249 263 124
249 264 125
249 264 126
249 265 127
248 265 128
248 265 129
247 265 130
247 266 131
246 266 132
245 267 133
245 267 134
244 267 135
244 268 136
243 268 137
243 269 138
243 269 139
242 269 140
242 269 141
242 269 142
241 269 143
241 270 144
241 270 145
241 270 146
240 270 147
240 271 148
239 271 149
239 271 150
239 271 151
238 272 152
237 272 153
237 272 154
236 273 155
235 273 156
235 274 157
234 274 158
233 275 158
232 275 159
232 276 160
231 276 161
230 276 161
229 277 162
229 278 163
228 278 164
227 279 165
227 280 166
226 280 167
225 280 168
224 281 169
223 282 170
222 282 171
221 283 172
220 284 173
219 284 173
218 284 173
217 285 174
216 285 175
215 286 175
214 286 176
213 287 177
212 288 178
211 289 179
210 290 179
209 291 180
208 291 181
207 291 181
206 291 182
206 292 183
205 292 184
204 293 185
203 294 186
203 295 186
202 296 187
201 295 187
200 295 187
199 294 187
198 294 187
197 294 187
196 295 187
195 296 188
194 297 188
193 298 189
192 299 189
192 300 190
191 301 190
191 302 190
192 303 190
186
262 252 25
262 252 26
262 252 27
262 252 28
262 252 29
263 252 30
263 252 31
263 252 32
263 252 33
263 252 34
263 252 35
263 252 36
263 252 37
263 252 38
263 252 39
263 252 40
263 252 41
263 252 42
263 252 43
263 252 44
263 252 45
263 252 46
263 252 47
263 252 48
263 252 49
263 252 50
263 252 51
263 252 52
263 252 53
263 252 54
263 252 55
263 252 56
263 252 57
263 252 58
263 252 59
263 252 60
263 252 61
263 252 62
263 252 63
263 252 64
263 252 65
264 251 66
264 251 67
264 251 68
263 252 69
263 252 70
263 252 71
263 252 72
264 251 73
264 251 74
264 251 75
263 252 76
263 252 77
264 251 78
264 252 79
265 251 80
266 250 80
266 249 80
265 248 81
266 247 82
267 246 83
267 246 84
268 246 85
268 245 86
268 245 87
268 245 88
269 244 89
269 244 90
269 244 91
269 244 92
270 244 93
269 244 94
270 243 95
270 243 96
270 243 97
271 242 98
271 242 99
271 242 100
271 241 101
272 242 102
271 241 103
272 241 104
272 241 105
272 240 106
272 240 107
273 239 108
273 239 109
274 239 110
274 238 111
274 238 112
275 238 113
275 238 114
275 237 115
275 237 116
276 236 117
276 236 118
277 236 119
277 235 120
277 235 121
277 234 122
278 234 123
278 233 124
279 233 125
278 232 126
279 232 127
280 232 128
280 231 129
280 231 130
280 230 131
281 230 132
281 229 133
282 229 134
282 228 135
282 227 136
283 226 137
284 226 138
285 225 139
285 224 140
285 223 141
286 223 142
286 222 143
287 222 144
287 221 145
287 221 146
288 220 147
289 219 148
289 219 149
290 218 150
290 217 151
291 216 152
291 215 153
292 215 154
293 214 155
293 213 155
294 212 156
295 211 157
295 210 157
296 209 158
296 208 159
297 207 160
298 206 161
299 205 162
299 204 163
300 203 164
301 202 165
302 201 166
302 200 167
303 199 167
304 198 167
305 197 168
305 196 168
306 195 168
307 194 169
308 193 169
309 192 170
310 192 170
311 191 171
311 190 171
312 189 171
312 188 171
313 187 172
313 186 172
314 185 172
315 184 173
316 183 173
317 182 173
318 181 173
319 180 173
320 180 173
321 179 173
322 179 173
323 178 173
324 177 173
325 176 173
326 175 172
327 175 172
328 174 172
329 173 171
330 172 171
331 171 170
332 170 170
333 169 169
334 169 168
335 168 167
336 167 166
337 166 165
186
262 252 25
262 252 26
262 252 27
262 252 28
262 252 29
263 252 30
263 252 31
263 252 32
263 252 33
263 252 34
263 252 35
263 252 36
263 252 37
263 252 38
263 252 39
263 252 40
263 252 41
263 252 42
263 252 43
263 252 44
263 252 45
263 252 46
263 252 47
263 252 48
263 252 49
263 252 50
263 252 51
263 252 52
263 252 53
263 252 54
263 252 55
263 252 56
263 252 57
263 252 58
263 252 59
263 252 60
263 252 61
263 252 62
263 252 63
263 252 64
263 252 65
264 251 66
264 251 67
264 251 68
263 252 69
263 252 70
263 252 71
263 252 72
264 251 73
264 251 74
264 251 75
263 252 76
263 252 77
264 251 78
264 252 79
265 251 80
265 251 81
264 251 82
264 252 83
263 252 84
263 252 85
263 253 86
263 253 87
262 253 88
262 253 89
262 254 90
262 254 91
262 254 92
262 253 93
262 254 94
262 254 95
261 255 96
260 256 96
259 257 96
259 258 97
258 258 98
258 259 99
258 259 100
257 259 101
256 258 102
256 259 103
256 259 104
255 259 105
256 260 106
255 260 107
254 259 108
254 259 109
254 260 110
253 260 111
253 260 112
253 261 113
252 261 114
252 261 115
252 261 116
252 262 117
252 262 118
251 262 119
251 263 120
251 263 121
250 263 122
250 263 123
249 263 124
249 264 125
249 264 126
249 265 127
248 265 128
248 265 129
247 265 130
247 266 131
246 266 132
245 267 133
245 267 134
244 267 135
244 268 136
243 268 137
243 269 138
243 269 139
242 269 140
242 269 141
242 269 142
241 269 143
241 270 144
241 270 145
241 270 146
240 270 147
240 271 148
239 271 149
239 271 150
239 271 151
238 272 152
237 272 153
237 272 154
236 273 155
235 273 156
235 274 157
234 274 158
233 275 158
232 275 159
232 276 160
231 276 161
230 276 161
229 277 162
229 278 163
228 278 164
227 279 165
227 280 166
226 280 167
225 280 168
224 281 169
223 282 170
222 282 171
221 283 172
220 284 173
219 284 173
218 284 173
217 285 174
216 285 175
215 286 175
214 286 176
213 287 177
212 288 178
211 289 179
210 290 179
209 291 180
208 291 181
207 291 181
206 291 182
206 292 183
205 292 184
204 293 185
203 294 186
203 295 186
202 296 187
202 297 187
203 298 187
202 299 187
201 300 188
200 301 189
200 302 189
199 303 190
198 303 190
197 304 191
196 305 190
195 304 189
194 303 189
193 303 189
167
262 252 25
262 252 26
262 252 27
262 252 28
262 252 29
263 252 30
263 252 31
263 252 32
263 252 33
263 252 34
263 252 35
263 252 36
263 252 37
263 252 38
263 252 39
263 252 40
263 252 41
263 252 42
263 252 43
263 252 44
263 252 45
263 252 46
263 252 47
263 252 48
263 252 49
263 252 50
263 252 51
263 252 52
263 252 53
263 252 54
263 252 55
263 252 56
263 252 57
263 252 58
263 252 59
263 252 60
263 252 61
263 252 62
263 252 63
263 252 64
263 252 65
264 251 66
264 251 67
264 251 68
263 252 69
263 252 70
263 252 71
263 252 72
264 251 73
264 251 74
264 251 75
263 252 76
263 252 77
264 251 78
264 252 79
265 251 80
265 251 81
264 251 82
264 252 83
263 252 84
263 252 85
263 253 86
263 253 87
262 253 88
262 253 89
262 254 90
262 254 91
262 254 92
262 253 93
262 254 94
262 254 95
261 255 96
261 255 97
262 255 98
263 254 99
263 254 100
263 254 101
262 253 102
263 254 103
263 254 104
263 254 105
262 253 106
263 254 107
263 255 108
264 255 109
264 254 110
264 254 111
264 254 112
263 253 113
263 253 114
263 253 115
263 253 116
263 253 117
263 253 118
263 254 119
263 254 120
263 255 121
263 255 122
263 256 123
262 256 124
262 256 125
262 257 126
262 256 127
262 257 128
262 257 129
262 257 130
262 257 131
262 256 132
262 256 133
262 255 134
262 254 133
262 253 132
263 252 133
264 251 134
265 251 135
265 250 136
265 250 137
266 250 138
266 250 139
266 250 140
266 251 141
266 250 142
267 251 143
267 250 144
267 250 145
267 250 146
267 250 147
266 249 148
266 249 149
266 249 150
266 249 151
266 249 152
266 249 153
266 249 154
266 249 155
266 249 156
266 249 157
266 249 158
266 249 159
266 249 160
266 250 161
266 250 162
266 250 163
266 250 164
266 250 165
266 250 166
266 250 167
265 250 168
266 251 169
266 251 170
267 251 171
267 251 172
267 251 173
267 251 174
267 251 175
267 251 176
267 251 177
268 251 178
268 251 179
268 252 180
268 251 181
268 251 182
268 251 183
268 251 184
268 251 185
268 251 186
268 251 187
160
262 252 25
262 252 26
262 252 27
262 252 28
262 252 29
263 252 30
263 252 31
263 252 32
263 252 33
263 252 34
263 252 35
263 252 36
263 252 37
263 252 38
263 252 39
263 252 40
263 252 41
263 252 42
263 252 43
263 252 44
263 252 45
263 252 46
263 252 47
263 252 48
263 252 49
263 252 50
263 252 51
263 252 52
263 252 53
263 252 54
263 252 55
263 252 56
263 252 57
263 252 58
263 252 59
263 252 60
263 252 61
263 252 62
263 252 63
263 252 64
263 252 65
264 251 66
264 251 67
264 251 68
263 252 69
263 252 70
263 252 71
263 252 72
264 251 73
264 251 74
264 251 75
263 252 76
263 252 77
264 251 78
264 252 79
265 251 80
266 250 80
266 249 80
265 248 81
266 247 82
267 246 83
267 246 84
268 246 85
268 245 86
268 245 87
268 245 88
269 244 89
269 244 90
269 244 91
269 244 92
270 244 93
269 244 94
270 243 95
270 243 96
270 243 97
271 242 98
271 242 99
271 242 100
271 241 101
272 242 102
271 241 103
272 241 104
272 241 105
272 240 106
272 240 107
273 239 108
273 239 109
274 239 110
274 238 111
274 238 112
275 238 113
275 238 114
275 237 115
275 237 116
276 236 117
276 236 118
277 236 119
277 235 120
277 235 121
277 234 122
278 234 123
278 233 124
279 233 125
278 232 126
279 232 127
280 232 128
280 231 129
280 231 130
280 230 131
281 230 132
281 229 133
282 229 134
282 228 135
282 227 136
283 226 137
284 226 138
285 225 139
285 224 140
285 223 141
286 223 142
286 222 143
287 222 144
287 221 145
287 221 146
288 220 147
289 219 148
289 219 149
290 218 150
290 217 151
291 216 152
291 215 153
292 215 154
293 214 155
293 213 155
294 212 156
295 211 157
295 210 157
296 209 158
296 208 159
297 207 160
298 206 161
299 205 162
299 204 163
300 203 164
301 202 165
302 201 166
302 200 167
303 199 167
304 198 167
305 197 168
305 196 168
306 195 168
307 194 169
308 193 169
309 192 170
310 192 170
311 191 171
311 190 171
312 189 171
311 188 170
150
262 252 25
262 252 26
262 252 27
262 252 28
262 252 29
263 252 30
263 252 31
263 252 32
263 252 33
263 252 34
263 252 35
263 252 36
263 252 37
263 252 38
263 252 39
263 252 40
263 252 41
263 252 42
263 252 43
263 252 44
263 252 45
263 252 46
263 252 47
263 252 48
263 252 49
263 252 50
263 252 51
263 252 52
263 252 53
263 252 54
263 252 55
263 252 56
263 252 57
263 252 58
263 252 59
263 252 60
263 252 61
263 252 62
263 252 63
263 252 64
263 252 65
264 251 66
264 251 67
264 251 68
263 252 69
263 252 70
263 252 71
263 252 72
264 251 73
264 251 74
264 251 75
263 252 76
263 252 77
264 251 78
264 252 79
265 251 80
265 251 81
264 251 82
264 252 83
263 252 84
263 252 85
263 253 86
263 253 87
262 253 88
262 253 89
262 254 90
262 254 91
262 254 92
262 253 93
262 254 94
262 254 95
261 255 96
261 255 97
262 255 98
263 254 99
263 254 100
263 254 101
262 253 102
263 254 103
263 254 104
263 254 105
262 253 106
263 254 107
263 255 108
264 255 109
264 254 110
264 254 111
264 254 112
263 253 113
263 253 114
263 253 115
263 253 116
263 253 117
263 253 118
263 254 119
263 254 120
263 255 121
263 255 122
263 256 123
262 256 124
262 256 125
262 257 126
262 256 127
262 257 128
262 257 129
262 257 130
262 257 131
262 256 132
262 256 133
262 255 134
262 254 133
262 253 132
263 252 133
264 251 134
265 251 135
265 250 136
265 250 137
266 250 138
266 250 139
266 250 140
266 251 141
266 250 142
267 251 143
267 250 144
267 250 145
267 250 146
267 250 147
266 249 148
266 249 149
266 249 150
266 249 151
266 249 152
266 249 153
266 249 154
266 249 155
266 249 156
266 249 157
266 249 158
266 249 159
266 249 160
266 250 161
266 250 162
266 250 163
266 250 164
266 250 165
266 250 166
266 250 167
265 250 168
264 251 168
263 251 169
141
262 252 25
262 252 26
262 252 27
262 252 28
262 252 29
263 252 30
263 252 31
263 252 32
263 252 33
263 252 34
263 252 35
263 252 36
263 252 37
263 252 38
263 252 39
263 252 40
263 252 41
263 252 42
263 252 43
263 252 44
263 252 45
263 252 46
263 252 47
263 252 48
263 252 49
263 252 50
263 252 51
263 252 52
263 252 53
263 252 54
263 252 55
263 252 56
263 252 57
263 252 58
263 252 59
263 252 60
263 252 61
263 252 62
263 252 63
263 252 64
263 252 65
264 251 66
264 251 67
264 251 68
263 252 69
263 252 70
263 252 71
263 252 72
264 251 73
264 251 74
264 251 75
263 252 76
263 252 77
264 251 78
264 252 79
265 251 80
265 251 81
264 251 82
264 252 83
263 252 84
263 252 85
263 253 86
263 253 87
262 253 88
262 253 89
262 254 90
262 254 91
262 254 92
262 253 93
262 254 94
262 254 95
261 255 96
261 255 97
262 255 98
263 254 99
263 254 100
263 254 101
262 253 102
263 254 103
263 254 104
263 254 105
262 253 106
263 254 107
263 255 108
264 255 109
264 254 110
264 254 111
264 254 112
263 253 113
263 253 114
263 253 115
263 253 116
263 253 117
263 253 118
263 254 119
263 254 120
263 255 121
263 255 122
263 256 123
262 256 124
262 256 125
262 257 126
262 256 127
262 257 128
262 257 129
262 257 130
262 257 131
262 256 132
262 256 133
262 255 134
262 254 133
262 253 132
263 252 133
264 251 134
265 251 135
265 250 136
265 250 137
266 250 138
266 250 139
266 250 140
266 251 141
266 250 142
267 251 143
267 252 143
267 253 144
267 253 145
267 254 146
266 254 147
267 255 148
267 255 149
267 255 150
267 255 151
267 255 152
267 255 153
267 255 154
267 255 155
267 256 156
267 256 157
267 256 158
267 256 159
267 256 160
122
262 252 25
262 252 26
262 252 27
262 252 28
262 252 29
263 252 30
263 252 31
263 252 32
263 252 33
263 252 34
263 252 35
263 252 36
263 252 37
263 252 38
263 252 39
263 252 40
263 252 41
263 252 42
263 252 43
263 252 44
263 252 45
263 252 46
263 252 47
263 252 48
263 252 49
263 252 50
263 252 51
263 252 52
263 252 53
263 252 54
263 252 55
263 252 56
263 252 57
263 252 58
263 252 59
263 252 60
263 252 61
263 252 62
263 252 63
263 252 64
263 252 65
264 251 66
264 251 67
264 251 68
263 252 69
263 252 70
263 252 71
263 252 72
264 251 73
264 251 74
264 251 75
263 252 76
263 252 77
264 251 78
264 252 79
265 251 80
265 251 81
264 251 82
264 252 83
263 252 84
263 252 85
263 253 86
263 253 87
262 253 88
262 253 89
262 254 90
262 254 91
262 254 92
262 253 93
262 254 94
262 254 95
261 255 96
261 255 97
262 255 98
263 254 99
263 254 100
263 254 101
262 253 102
263 254 103
263 254 104
263 254 105
262 253 106
263 254 107
263 255 108
264 255 109
264 254 110
264 254 111
264 254 112
263 253 113
263 253 114
263 253 115
263 253 116
263 253 117
263 253 118
263 254 119
263 254 120
263 255 121
263 255 122
263 256 123
262 256 124
262 256 125
262 257 126
262 256 127
262 257 128
262 257 129
262 257 130
262 257 131
262 256 132
262 256 133
261 257 134
261 258 134
261 259 135
261 260 135
261 261 135
261 262 135
261 263 135
261 264 135
261 265 134
261 266 135
260 267 136
261 268 137
260 268 138
105
262 252 25
262 252 26
262 252 27
262 252 28
262 252 29
263 252 30
263 252 31
263 252 32
263 252 33
263 252 34
263 252 35
263 252 36
263 252 37
263 252 38
263 252 39
263 252 40
263 252 41
263 252 42
263 252 43
263 252 44
263 252 45
263 252 46
263 252 47
263 252 48
263 252 49
263 252 50
263 252 51
263 252 52
263 252 53
263 252 54
263 252 55
263 252 56
263 252 57
263 252 58
263 252 59
263 252 60
263 252 61
263 252 62
263 252 63
263 252 64
263 252 65
264 251 66
264 251 67
264 251 68
263 252 69
263 252 70
263 252 71
263 252 72
264 251 73
264 251 74
264 251 75
263 252 76
263 252 77
264 251 78
264 252 79
265 251 80
265 251 81
264 251 82
264 252 83
263 252 84
263 252 85
263 253 86
263 253 87
262 253 88
262 253 89
262 254 90
262 254 91
262 254 92
262 253 93
262 254 94
262 254 95
261 255 96
261 255 97
262 255 98
263 254 99
263 254 100
263 254 101
262 253 102
263 254 103
263 254 104
263 254 105
262 253 106
261 253 106
260 253 106
259 253 106
258 253 107
257 253 108
256 253 109
256 253 110
256 253 111
256 253 112
255 253 113
255 253 114
255 253 115
255 253 116
255 254 117
255 254 118
255 254 119
254 253 120
254 253 121
254 253 122
254 253 123
253 254 124
253 253 125
253 253 126
104
262 252 25
262 252 26
262 252 27
262 252 28
262 252 29
263 252 30
263 252 31
263 252 32
263 252 33
263 252 34
263 252 35
263 252 36
263 252 37
263 252 38
263 252 39
263 252 40
263 252 41
263 252 42
263 252 43
263 252 44
263 252 45
263 252 46
263 252 47
263 252 48
263 252 49
263 252 50
263 252 51
263 252 52
263 252 53
263 252 54
263 252 55
263 252 56
263 252 57
263 252 58
263 252 59
263 252 60
263 252 61
263 252 62
263 252 63
263 252 64
263 252 65
264 251 66
264 251 67
264 251 68
263 252 69
263 252 70
263 252 71
263 252 72
264 251 73
264 251 74
264 251 75
263 252 76
263 252 77
264 251 78
264 252 79
265 251 80
265 251 81
264 251 82
264 252 83
263 252 84
263 252 85
263 253 86
263 253 87
262 253 88
262 253 89
262 254 90
262 254 91
262 254 92
262 253 93
262 254 94
262 254 95
261 255 96
261 255 97
262 255 98
263 254 99
263 254 100
263 254 101
262 253 102
263 254 103
263 254 104
263 254 105
262 253 106
263 254 107
263 255 108
264 255 109
264 254 110
264 254 111
264 254 112
263 253 113
263 253 114
263 253 115
263 253 116
263 253 117
263 253 118
263 254 119
263 254 120
263 255 121
263 255 122
263 256 123
262 256 124
262 256 125
262 257 126
262 258 126
262 259 125
104
262 252 25
262 252 26
262 252 27
262 252 28
262 252 29
263 252 30
263 252 31
263 252 32
263 252 33
263 252 34
263 252 35
263 252 36
263 252 37
263 252 38
263 252 39
263 252 40
263 252 41
263 252 42
263 252 43
263 252 44
263 252 45
263 252 46
263 252 47
263 252 48
263 252 49
263 252 50
263 252 51
263 252 52
263 252 53
263 252 54
263 252 55
263 252 56
263 252 57
263 252 58
263 252 59
263 252 60
263 252 61
263 252 62
263 252 63
263 252 64
263 252 65
264 251 66
264 251 67
264 251 68
263 252 69
263 252 70
263 252 71
263 252 72
264 251 73
264 251 74
264 251 75
263 252 76
263 252 77
264 251 78
264 252 79
265 251 80
265 251 81
264 251 82
264 252 83
263 252 84
263 252 85
263 253 86
263 253 87
262 253 88
262 253 89
262 254 90
262 254 91
262 254 92
262 253 93
262 254 94
262 254 95
261 255 96
261 255 97
262 255 98
263 254 99
263 254 100
263 254 101
262 253 102
263 254 103
263 254 104
263 254 105
262 253 106
263 254 107
263 255 108
263 256 108
263 257 108
263 258 108
263 259 109
263 260 110
262 261 111
262 261 112
262 261 113
262 262 114
262 262 115
262 262 116
262 262 117
262 262 118
261 261 119
262 262 120
261 262 121
262 263 122
263 263 122
264 263 121
265 262 122
103
262 252 25
262 252 26
262 252 27
262 252 28
262 252 29
263 252 30
263 252 31
263 252 32
263 252 33
263 252 34
263 252 35
263 252 36
263 252 37
263 252 38
263 252 39
263 252 40
263 252 41
263 252 42
263 252 43
263 252 44
263 252 45
263 252 46
263 252 47
263 252 48
263 252 49
263 252 50
263 252 51
263 252 52
263 252 53
263 252 54
263 252 55
263 252 56
263 252 57
263 252 58
263 252 59
263 252 60
263 252 61
263 252 62
263 252 63
263 252 64
263 252 65
264 251 66
264 251 67
264 251 68
263 252 69
263 252 70
263 252 71
263 252 72
264 251 73
264 251 74
264 251 75
263 252 76
263 252 77
264 251 78
264 252 79
265 251 80
265 251 81
264 251 82
264 252 83
263 252 84
263 252 85
263 253 86
263 253 87
262 253 88
262 253 89
262 254 90
262 254 91
262 254 92
262 253 93
262 254 94
262 254 95
261 255 96
261 255 97
262 255 98
263 254 99
263 254 100
263 254 101
262 253 102
263 254 103
263 254 104
263 254 105
262 253 106
263 254 107
263 255 108
263 256 108
263 257 108
263 258 108
263 259 109
263 260 110
262 261 111
262 261 112
262 261 113
262 262 114
262 262 115
262 262 116
262 262 117
262 262 118
261 261 119
262 262 120
261 262 121
262 261 122
262 261 123
262 260 124
101
262 252 25
262 252 26
262 252 27
262 252 28
262 252 29
263 252 30
263 252 31
263 252 32
263 252 33
263 252 34
263 252 35
263 252 36
263 252 37
263 252 38
263 252 39
263 252 40
263 252 41
263 252 42
263 252 43
263 252 44
263 252 45
263 252 46
263 252 47
263 252 48
263 252 49
263 252 50
263 252 51
263 252 52
263 252 53
263 252 54
263 252 55
263 252 56
263 252 57
263 252 58
263 252 59
263 252 60
263 252 61
263 252 62
263 252 63
263 252 64
263 252 65
264 251 66
264 251 67
264 251 68
263 252 69
263 252 70
263 252 71
263 252 72
264 251 73
264 251 74
264 251 75
263 252 76
263 252 77
264 251 78
264 252 79
265 251 80
265 251 81
264 251 82
264 252 83
263 252 84
263 252 85
263 253 86
263 253 87
262 253 88
262 253 89
262 254 90
262 254 91
262 254 92
262 253 93
262 254 94
262 254 95
261 255 96
261 255 97
262 255 98
263 254 99
263 254 100
263 254 101
262 253 102
263 254 103
263 254 104
263 254 105
262 253 106
263 254 107
263 255 108
263 256 108
263 257 108
263 258 108
263 259 109
263 260 110
262 261 111
262 261 112
262 261 113
262 262 114
262 262 115
262 262 116
262 262 117
262 262 118
261 261 119
262 260 120
263 261 121
264 260 121
100
262 252 25
262 252 26
262 252 27
262 252 28
262 252 29
263 252 30
263 252 31
263 252 32
263 252 33
263 252 34
263 252 35
263 252 36
263 252 37
263 252 38
263 252 39
263 252 40
263 252 41
263 252 42
263 252 43
263 252 44
263 252 45
263 252 46
263 252 47
263 252 48
263 252 49
263 252 50
263 252 51
263 252 52
263 252 53
263 252 54
263 252 55
263 252 56
263 252 57
263 252 58
263 252 59
263 252 60
263 252 61
263 252 62
263 252 63
263 252 64
263 252 65
264 251 66
264 251 67
264 251 68
263 252 69
263 252 70
263 252 71
263 252 72
264 251 73
264 251 74
264 251 75
263 252 76
263 252 77
264 251 78
264 252 79
265 251 80
265 251 81
264 251 82
264 252 83
263 252 84
263 252 85
263 253 86
263 253 87
262 253 88
262 253 89
262 254 90
262 254 91
262 254 92
262 253 93
262 254 94
262 254 95
261 255 96
261 255 97
262 255 98
263 254 99
263 254 100
263 254 101
262 253 102
263 254 103
263 254 104
263 254 105
262 253 106
263 254 107
263 255 108
263 256 108
263 257 108
263 258 108
263 259 109
263 260 110
262 261 111
262 261 112
262 261 113
262 262 114
262 262 115
262 262 116
262 262 117
262 262 118
263 262 119
264 262 119
265 261 120
83
262 252 25
262 252 26
262 252 27
262 252 28
262 252 29
263 252 30
263 252 31
263 252 32
263 252 33
263 252 34
263 252 35
263 252 36
263 252 37
263 252 38
263 252 39
263 252 40
263 252 41
263 252 42
263 252 43
263 252 44
263 252 45
263 252 46
263 252 47
263 252 48
263 252 49
263 252 50
263 252 51
263 252 52
263 252 53
263 252 54
263 252 55
263 252 56
263 252 57
263 252 58
263 252 59
263 252 60
263 252 61
263 252 62
263 252 63
263 252 64
263 252 65
264 251 66
264 251 67
264 251 68
263 252 69
263 252 70
263 252 71
263 252 72
264 251 73
264 251 74
264 251 75
263 252 76
263 252 77
264 251 78
264 252 79
265 251 80
265 251 81
264 251 82
264 252 83
263 252 84
263 252 85
263 253 86
263 253 87
262 253 88
262 253 89
262 254 90
262 254 91
262 254 92
262 253 93
262 254 94
262 254 95
261 255 96
260 256 96
259 257 96
259 258 97
258 258 98
258 259 99
258 259 100
257 259 101
256 258 102
255 257 101
255 256 101
256 255 101
83
262 252 25
262 252 26
262 252 27
262 252 28
262 252 29
263 252 30
263 252 31
263 252 32
263 252 33
263 252 34
263 252 35
263 252 36
263 252 37
263 252 38
263 252 39
263 252 40
263 252 41
263 252 42
263 252 43
263 252 44
263 252 45
263 252 46
263 252 47
263 252 48
263 252 49
263 252 50
263 252 51
263 252 52
263 252 53
263 252 54
263 252 55
263 252 56
263 252 57
263 252 58
263 252 59
263 252 60
263 252 61
263 252 62
263 252 63
263 252 64
263 252 65
264 251 66
264 251 67
264 251 68
263 252 69
263 252 70
263 252 71
263 252 72
264 251 73
264 251 74
264 251 75
263 252 76
263 252 77
264 251 78
264 252 79
265 251 80
265 251 81
264 251 82
264 252 83
263 252 84
263 252 85
263 253 86
263 253 87
262 253 88
262 253 89
262 254 90
262 254 91
262 254 92
262 253 93
262 254 94
262 254 95
261 255 96
261 255 97
262 255 98
263 254 99
263 254 100
263 254 101
262 253 102
261 253 102
260 253 102
259 253 102
258 253 102
257 254 102
82
262 252 25
262 252 26
262 252 27
262 252 28
262 252 29
263 252 30
263 252 31
263 252 32
263 252 33
263 252 34
263 252 35
263 252 36
263 252 37
263 252 38
263 252 39
263 252 40
263 252 41
263 252 42
263 252 43
263 252 44
263 252 45
263 252 46
263 252 47
263 252 48
263 252 49
263 252 50
263 252 51
263 252 52
263 252 53
263 252 54
263 252 55
263 252 56
263 252 57
263 252 58
263 252 59
263 252 60
263 252 61
263 252 62
263 252 63
263 252 64
263 252 65
264 251 66
264 251 67
264 251 68
263 252 69
263 252 70
263 252 71
263 252 72
264 251 73
264 251 74
264 251 75
263 252 76
263 252 77
264 251 78
264 252 79
265 251 80
265 251 81
264 251 82
264 252 83
263 252 84
263 252 85
263 253 86
263 253 87
262 253 88
262 253 89
262 254 90
262 254 91
262 254 92
262 253 93
262 254 94
262 254 95
261 255 96
260 256 96
259 257 96
259 258 97
258 258 98
258 259 99
258 259 100
259 259 101
260 260 101
261 261 101
262 260 101
82
262 252 25
262 252 26
262 252 27
262 252 28
262 252 29
263 252 30
263 252 31
263 252 32
263 252 33
263 252 34
263 252 35
263 252 36
263 252 37
263 252 38
263 252 39
263 252 40
263 252 41
263 252 42
263 252 43
263 252 44
263 252 45
263 252 46
263 252 47
263 252 48
263 252 49
263 252 50
263 252 51
263 252 52
263 252 53
263 252 54
263 252 55
263 252 56
263 252 57
263 252 58
263 252 59
263 252 60
263 252 61
263 252 62
263 252 63
263 252 64
263 252 65
264 251 66
264 251 67
264 251 68
263 252 69
263 252 70
263 252 71
263 252 72
264 251 73
264 251 74
264 251 75
263 252 76
263 252 77
264 251 78
264 252 79
265 251 80
265 251 81
264 251 82
264 252 83
263 252 84
263 252 85
263 253 86
263 253 87
262 253 88
262 253 89
262 254 90
262 254 91
262 254 92
262 253 93
262 254 94
262 254 95
261 255 96
261 255 97
262 255 98
263 254 99
263 254 100
263 254 101
264 255 102
264 256 102
263 257 102
262 258 102
263 259 102
81
262 252 25
262 252 26
262 252 27
262 252 28
262 252 29
263 252 30
263 252 31
263 252 32
263 252 33
263 252 34
263 252 35
263 252 36
263 252 37
263 252 38
263 252 39
263 252 40
263 252 41
263 252 42
263 252 43
263 252 44
263 252 45
263 252 46
263 252 47
263 252 48
263 252 49
263 252 50
263 252 51
263 252 52
263 252 53
263 252 54
263 252 55
263 252 56
263 252 57
263 252 58
263 252 59
263 252 60
263 252 61
263 252 62
263 252 63
263 252 64
263 252 65
264 251 66
264 251 67
264 251 68
263 252 69
263 252 70
263 252 71
263 252 72
264 251 73
264 251 74
264 251 75
263 252 76
263 252 77
264 251 78
264 252 79
265 251 80
265 251 81
264 251 82
264 252 83
263 252 84
263 252 85
263 253 86
263 253 87
262 253 88
262 253 89
262 254 90
262 254 91
262 254 92
262 253 93
262 254 94
262 254 95
261 255 96
260 256 96
259 257 96
259 258 97
258 258 98
258 259 99
258 259 100
259 259 101
260 258 102
261 258 102
64
262 252 25
262 252 26
262 252 27
262 252 28
262 252 29
263 252 30
263 252 31
263 252 32
263 252 33
263 252 34
263 252 35
263 252 36
263 252 37
263 252 38
263 252 39
263 252 40
263 252 41
263 252 42
263 252 43
263 252 44
263 252 45
263 252 46
263 252 47
263 252 48
263 252 49
263 252 50
263 252 51
263 252 52
263 252 53
263 252 54
263 252 55
263 252 56
263 252 57
263 252 58
263 252 59
263 252 60
263 252 61
263 252 62
263 252 63
263 252 64
263 252 65
264 251 66
264 251 67
264 251 68
263 252 69
263 252 70
263 252 71
263 252 72
264 251 73
264 251 74
264 251 75
263 252 76
263 252 77
264 251 78
264 252 79
265 251 80
266 250 80
267 250 81
268 250 82
268 249 83
268 249 84
269 250 85
269 250 86
269 249 87
