53
367
260 250 24
260 250 25
260 250 26
260 250 27
260 250 28
260 250 29
260 250 30
261 250 31
261 251 32
261 251 33
260 251 34
260 251 35
260 251 36
260 251 37
260 251 38
260 252 39
260 252 40
260 252 41
260 252 42
261 251 43
260 251 44
260 251 45
260 252 46
260 253 47
260 254 48
261 253 49
262 254 50
261 255 51
261 254 52
260 254 53
261 254 54
261 254 55
260 254 56
261 254 57
261 254 58
261 254 59
261 255 60
261 256 61
261 256 62
261 255 63
261 255 64
260 256 65
260 256 66
260 256 67
260 256 68
260 256 69
260 256 70
260 256 71
260 256 72
260 256 73
259 256 74
259 256 75
258 256 76
258 256 77
258 256 78
258 257 79
258 257 80
257 257 81
258 257 82
259 257 83
259 257 84
259 258 85
260 258 86
260 258 87
260 258 88
261 259 89
261 258 90
260 258 91
260 259 92
260 259 93
259 259 94
260 260 95
260 261 96
260 262 97
260 261 98
259 261 99
259 261 100
259 260 101
260 260 102
259 261 103
259 261 104
258 262 105
258 261 106
258 261 107
258 261 108
258 261 109
257 262 110
258 261 111
259 261 112
260 262 113
260 262 114
260 262 115
260 262 116
260 262 117
260 262 118
260 262 119
259 263 120
260 262 121
260 262 122
260 262 123
259 261 124
259 261 125
259 261 126
260 262 127
260 262 128
260 263 129
260 263 130
260 263 131
261 264 132
261 264 133
261 264 134
261 265 135
261 265 136
261 265 137
261 265 138
261 265 139
261 265 140
261 266 141
261 265 142
261 265 143
261 264 144
261 265 145
261 266 146
261 265 147
261 265 148
261 265 149
261 265 150
261 265 151
261 265 152
261 265 153
262 264 154
261 265 155
261 265 156
260 265 157
260 265 158
259 266 159
259 266 160
259 266 161
259 267 162
259 267 163
258 267 164
258 267 165
258 267 166
258 267 167
258 267 168
258 267 169
258 267 170
258 268 171
258 268 172
258 268 173
258 267 174
258 268 175
258 268 176
258 269 177
258 268 178
258 268 179
258 268 180
258 268 181
258 268 182
258 268 183
258 267 184
258 267 185
257 267 186
256 267 187
255 266 188
254 266 189
253 267 189
252 268 190
251 269 191
250 269 192
250 270 193
250 270 194
250 271 195
250 271 196
250 272 197
250 272 198
250 272 199
249 271 200
249 272 201
248 271 202
248 271 203
248 271 204
247 271 205
247 271 206
246 272 207
246 272 208
246 272 209
246 272 210
245 272 211
245 272 212
245 272 213
245 272 214
245 273 215
244 273 216
244 273 217
244 272 218
244 272 219
244 273 220
244 273 221
244 273 222
244 273 223
244 273 224
244 274 225
244 274 226
244 274 227
244 274 228
243 275 229
243 275 230
243 275 231
243 274 232
243 274 233
242 275 234
241 275 235
241 275 236
241 274 237
240 274 238
240 274 239
240 274 240
240 274 241
239 274 242
239 274 243
238 274 244
238 274 245
237 274 246
237 274 247
237 274 248
236 274 249
236 273 250
236 273 251
236 274 252
235 274 253
234 274 254
234 274 255
234 274 256
233 274 257
232 274 258
232 275 259
231 275 260
230 275 261
229 275 262
229 276 263
228 276 264
227 276 265
227 276 266
226 276 267
225 276 268
225 276 269
224 276 270
224 276 271
224 276 272
223 276 273
223 276 274
222 276 275
222 276 276
222 276 277
221 276 278
221 276 279
220 277 280
220 276 281
220 276 282
219 276 283
219 276 284
219 277 285
218 277 286
218 277 287
218 277 288
217 276 289
217 277 290
217 277 291
217 277 292
216 277 293
216 277 294
216 277 295
216 277 296
215 278 297
215 278 298
214 278 299
214 278 300
213 279 301
212 279 302
212 279 303
211 279 304
210 279 305
209 279 306
208 279 307
208 279 308
207 279 309
206 279 310
206 279 311
205 279 312
204 280 313
204 279 314
203 279 315
202 279 316
201 279 317
200 279 318
200 279 319
199 279 320
198 279 321
198 279 322
198 278 323
197 279 324
196 279 325
195 279 326
194 279 327
193 278 328
192 278 329
191 278 330
190 278 331
189 278 332
188 278 333
187 278 334
187 278 335
186 278 336
186 278 337
185 278 338
184 278 339
184 277 340
183 277 341
182 277 342
181 277 343
180 277 344
179 277 345
178 277 345
177 277 346
176 277 347
175 276 348
174 276 349
173 276 350
172 275 351
171 275 352
170 275 353
169 275 353
168 275 354
167 274 355
166 274 356
165 275 356
164 274 357
163 274 358
162 274 358
161 274 359
160 273 360
159 274 360
158 274 361
157 273 362
156 273 363
155 273 363
154 273 364
153 272 365
152 272 365
151 272 366
150 271 367
149 271 367
148 271 368
147 271 369
146 271 369
145 271 369
144 270 370
143 270 370
142 270 371
141 270 371
140 270 372
139 269 373
138 269 373
137 269 373
136 269 374
135 268 375
334
260 250 24
260 250 25
260 250 26
260 250 27
260 250 28
260 250 29
260 250 30
261 250 31
261 251 32
261 251 33
260 251 34
260 251 35
260 251 36
260 251 37
260 251 38
260 252 39
260 252 40
260 252 41
260 252 42
261 251 43
260 251 44
260 251 45
260 252 46
260 253 47
260 254 48
261 253 49
262 254 50
261 255 51
261 254 52
260 254 53
261 254 54
261 254 55
260 254 56
261 254 57
261 254 58
261 254 59
261 255 60
261 256 61
261 256 62
261 255 63
261 255 64
260 256 65
260 256 66
260 256 67
260 256 68
260 256 69
260 256 70
260 256 71
260 256 72
260 256 73
259 256 74
259 256 75
258 256 76
258 256 77
258 256 78
258 257 79
258 257 80
257 257 81
258 257 82
259 257 83
259 257 84
259 258 85
260 258 86
260 258 87
260 258 88
261 259 89
261 258 90
260 258 91
260 259 92
260 259 93
259 259 94
260 260 95
260 261 96
260 262 97
260 261 98
259 261 99
259 261 100
259 260 101
260 260 102
259 261 103
259 261 104
258 262 105
258 261 106
258 261 107
258 261 108
258 261 109
257 262 110
258 261 111
259 261 112
260 262 113
260 262 114
260 262 115
260 262 116
260 262 117
260 262 118
260 262 119
259 263 120
260 262 121
260 262 122
260 262 123
259 261 124
259 261 125
259 261 126
260 262 127
260 262 128
260 263 129
260 263 130
260 263 131
261 264 132
261 264 133
261 264 134
261 265 135
261 265 136
261 265 137
261 265 138
261 265 139
261 265 140
261 266 141
261 265 142
261 265 143
261 264 144
261 265 145
261 266 146
261 265 147
261 265 148
261 265 149
261 265 150
261 265 151
261 265 152
261 265 153
262 264 154
263 265 155
264 265 156
265 265 157
266 265 158
266 264 159
266 265 160
267 266 161
267 266 162
267 266 163
267 267 164
267 267 165
267 267 166
267 267 167
267 267 168
267 267 169
267 266 170
268 267 171
268 268 172
268 268 173
268 268 174
269 268 175
269 268 176
269 268 177
270 268 178
270 268 179
270 268 180
270 267 181
271 268 182
271 268 183
271 267 184
271 267 185
271 267 186
271 267 187
271 267 188
271 267 189
272 267 190
272 267 191
272 267 192
272 267 193
272 268 194
272 268 195
273 268 196
273 268 197
274 268 198
274 269 199
274 269 200
275 269 201
275 269 202
276 269 203
276 269 204
276 269 205
276 270 206
277 270 207
277 270 208
277 270 209
277 270 210
278 270 211
278 271 212
278 271 213
278 270 214
278 270 215
279 271 216
279 271 217
279 271 218
279 272 219
280 272 220
280 272 221
280 272 222
280 272 223
281 273 224
281 272 225
281 272 226
282 272 227
282 272 228
283 272 229
283 271 230
284 272 231
284 272 232
284 272 233
284 271 234
285 271 235
285 270 236
285 271 237
285 272 238
286 272 239
287 272 240
287 273 241
288 273 242
289 273 243
290 273 244
290 273 245
291 273 246
291 273 247
292 273 248
292 273 249
293 273 250
293 274 251
293 273 252
294 273 253
295 273 254
295 273 255
296 273 256
297 273 257
297 272 258
298 273 259
298 273 260
298 273 261
299 273 262
299 273 263
299 273 264
299 273 265
300 273 266
301 274 267
300 273 268
301 274 269
302 274 270
302 274 271
303 274 272
303 274 273
303 274 274
304 274 275
305 275 276
306 276 277
306 275 278
306 275 279
306 275 280
306 274 281
307 275 282
307 275 283
308 275 284
308 274 285
309 274 286
310 274 287
311 274 288
312 274 289
313 274 290
314 274 291
315 273 292
316 273 293
317 274 294
318 273 295
319 273 295
320 273 296
321 272 297
322 272 298
323 272 299
324 272 300
325 272 301
326 272 302
327 272 303
328 272 304
328 271 305
329 272 306
329 271 307
330 271 308
331 271 309
331 271 310
332 271 311
333 271 312
334 271 313
335 271 314
336 272 315
336 271 316
337 271 317
337 271 318
338 271 319
339 271 320
339 271 321
340 270 322
341 270 323
342 270 324
343 270 325
344 270 326
344 269 327
345 269 328
346 269 329
347 269 330
347 269 331
348 269 332
349 269 333
350 269 334
351 269 335
352 269 336
352 268 337
353 268 338
354 268 339
355 268 340
356 267 341
357 267 342
358 267 343
359 267 344
359 266 345
360 266 346
361 266 347
362 266 348
363 265 349
363 265 350
364 265 351
365 265 352
366 264 353
367 264 354
368 264 355
369 264 356
262
260 250 24
260 250 25
260 250 26
260 250 27
260 250 28
260 250 29
260 250 30
261 250 31
261 251 32
261 251 33
260 251 34
260 251 35
260 251 36
260 251 37
260 251 38
260 252 39
260 252 40
260 252 41
260 252 42
261 251 43
260 251 44
260 251 45
260 252 46
260 253 47
260 254 48
261 253 49
262 254 50
261 255 51
261 254 52
260 254 53
261 254 54
261 254 55
260 254 56
261 254 57
261 254 58
261 254 59
261 255 60
261 256 61
261 256 62
261 255 63
261 255 64
260 256 65
260 256 66
260 256 67
260 256 68
260 256 69
260 256 70
260 256 71
260 256 72
260 256 73
259 256 74
259 256 75
258 256 76
258 256 77
258 256 78
258 257 79
258 257 80
257 257 81
258 257 82
259 257 83
259 257 84
259 258 85
260 258 86
260 258 87
260 258 88
261 259 89
261 258 90
260 258 91
260 259 92
260 259 93
259 259 94
260 260 95
260 261 96
260 262 97
260 261 98
259 261 99
259 261 100
259 260 101
260 260 102
259 261 103
259 261 104
258 262 105
258 261 106
258 261 107
258 261 108
258 261 109
257 262 110
258 261 111
259 261 112
260 262 113
260 262 114
260 262 115
260 262 116
260 262 117
260 262 118
260 262 119
259 263 120
260 262 121
260 262 122
260 262 123
259 261 124
259 261 125
259 261 126
260 262 127
260 262 128
260 263 129
260 263 130
260 263 131
261 264 132
261 264 133
261 264 134
261 265 135
261 265 136
261 265 137
261 265 138
261 265 139
261 265 140
261 266 141
261 265 142
261 265 143
261 264 144
261 265 145
261 266 146
261 265 147
261 265 148
261 265 149
261 265 150
261 265 151
261 265 152
261 265 153
262 264 154
261 265 155
261 265 156
260 265 157
260 265 158
259 266 159
259 266 160
259 266 161
259 267 162
259 267 163
258 267 164
258 267 165
258 267 166
258 267 167
258 267 168
258 267 169
258 267 170
258 268 171
258 268 172
258 268 173
258 267 174
258 268 175
258 268 176
258 269 177
258 268 178
258 268 179
258 268 180
258 268 181
258 268 182
258 268 183
258 267 184
258 267 185
258 267 186
259 267 187
260 267 188
260 267 189
261 267 190
262 267 191
262 267 192
263 267 193
263 267 194
263 268 195
263 268 196
264 268 197
264 268 198
264 268 199
264 268 200
265 267 201
264 266 202
265 265 203
265 264 204
266 265 205
267 265 206
268 265 207
268 264 208
268 263 209
268 263 210
269 262 211
269 263 212
269 262 213
270 263 214
271 263 215
271 263 216
271 263 217
271 264 218
271 264 219
272 265 220
272 265 221
272 265 222
272 265 223
272 265 224
272 264 225
273 265 226
273 265 227
273 265 228
273 265 229
273 265 230
274 266 231
273 266 232
273 266 233
274 267 234
273 267 235
274 268 236
274 269 237
274 270 238
275 270 239
275 270 240
276 270 241
275 271 242
275 271 243
276 272 244
277 273 245
277 273 246
277 272 247
278 273 248
278 274 249
279 274 250
280 274 251
280 274 252
280 274 253
281 274 254
281 274 255
282 274 256
282 274 257
283 274 258
283 274 259
284 274 260
284 274 261
285 274 262
285 274 263
286 274 264
286 274 265
287 274 266
287 274 267
288 274 268
288 274 269
289 274 270
290 275 271
290 274 272
291 275 273
292 275 274
293 276 275
293 276 276
294 276 277
299 279 277
299 279 278
300 280 279
301 280 280
302 281 281
302 281 282
303 281 283
304 282 284
259
260 250 24
260 250 25
260 250 26
260 250 27
260 250 28
260 250 29
260 250 30
261 250 31
261 251 32
261 251 33
260 251 34
260 251 35
260 251 36
260 251 37
260 251 38
260 252 39
260 252 40
260 252 41
260 252 42
261 251 43
260 251 44
260 251 45
260 252 46
260 253 47
260 254 48
261 253 49
262 254 50
261 255 51
261 254 52
260 254 53
261 254 54
261 254 55
260 254 56
261 254 57
261 254 58
261 254 59
261 255 60
261 256 61
261 256 62
261 255 63
261 255 64
260 256 65
260 256 66
260 256 67
260 256 68
260 256 69
260 256 70
260 256 71
260 256 72
260 256 73
259 256 74
259 256 75
258 256 76
258 256 77
258 256 78
258 257 79
258 257 80
257 257 81
258 257 82
259 257 83
259 257 84
259 258 85
260 258 86
260 258 87
260 258 88
261 259 89
261 258 90
260 258 91
260 259 92
260 259 93
259 259 94
260 260 95
260 261 96
260 262 97
260 261 98
259 261 99
259 261 100
259 260 101
260 260 102
259 261 103
259 261 104
258 262 105
258 261 106
258 261 107
258 261 108
258 261 109
257 262 110
256 261 111
255 261 112
255 262 113
254 262 114
253 262 115
253 262 116
252 263 117
252 262 118
252 263 119
251 264 120
251 264 121
251 264 122
250 264 123
250 265 124
250 265 125
249 264 126
249 264 127
248 264 128
248 264 129
248 264 130
248 265 131
247 265 132
247 264 133
246 264 134
246 264 135
245 264 136
245 265 137
245 265 138
244 265 139
244 265 140
244 265 141
244 265 142
243 265 143
243 266 144
243 265 145
242 266 146
242 266 147
242 266 148
241 266 149
240 267 150
239 267 151
238 268 152
239 269 153
238 270 154
238 270 155
238 271 156
237 270 157
236 270 158
235 270 159
236 269 160
235 268 161
235 267 162
234 267 163
233 268 164
233 268 165
232 268 166
231 268 167
230 269 168
230 269 169
229 269 170
228 269 171
228 269 172
227 269 173
226 270 174
225 270 175
225 270 176
224 270 177
224 270 178
223 270 179
222 270 180
222 270 181
221 270 182
221 270 183
220 270 184
220 270 185
219 270 186
219 270 187
218 270 188
218 271 189
217 270 190
217 270 191
217 270 192
216 271 193
216 271 194
215 271 195
215 272 196
215 271 197
214 272 198
214 272 199
213 272 200
213 272 201
212 272 202
212 273 203
211 272 204
210 272 205
210 272 206
209 271 207
208 272 208
207 272 208
206 272 209
205 272 210
204 272 211
203 273 212
202 273 213
201 272 214
200 272 215
199 272 216
198 272 217
197 273 217
196 273 218
195 272 219
194 272 220
193 273 220
192 273 221
191 272 222
190 272 223
189 272 224
188 272 225
188 272 226
187 272 227
186 272 228
186 272 229
185 272 230
185 271 231
184 271 232
183 272 233
182 272 234
181 272 235
181 272 236
180 272 237
179 272 238
178 273 239
178 272 240
177 272 241
176 273 242
176 272 243
175 272 244
174 273 245
173 273 246
172 273 247
172 272 248
171 272 249
170 272 250
169 273 251
168 273 252
167 273 253
166 273 254
166 273 255
165 273 256
164 273 257
163 273 258
162 273 259
161 273 260
160 272 261
159 272 262
158 272 263
157 272 264
156 272 265
155 272 266
154 272 267
153 272 268
152 272 269
151 272 270
150 272 271
149 272 272
148 271 273
147 272 274
146 272 275
145 271 276
144 271 277
143 271 278
142 271 279
255
260 250 24
260 250 25
260 250 26
260 250 27
260 250 28
260 250 29
260 250 30
261 250 31
261 251 32
261 251 33
260 251 34
260 251 35
260 251 36
260 251 37
260 251 38
260 252 39
260 252 40
260 252 41
260 252 42
261 251 43
260 251 44
260 251 45
260 252 46
260 253 47
260 254 48
261 253 49
262 254 50
261 255 51
261 254 52
260 254 53
261 254 54
261 254 55
260 254 56
261 254 57
261 254 58
261 254 59
261 255 60
261 256 61
261 256 62
261 255 63
261 255 64
260 256 65
260 256 66
260 256 67
260 256 68
260 256 69
260 256 70
260 256 71
260 256 72
260 256 73
259 256 74
259 256 75
258 256 76
258 256 77
258 256 78
258 257 79
258 257 80
257 257 81
258 257 82
259 257 83
259 257 84
259 258 85
260 258 86
260 258 87
260 258 88
261 259 89
261 258 90
260 258 91
260 259 92
260 259 93
259 259 94
260 260 95
260 261 96
260 262 97
260 261 98
259 261 99
259 261 100
259 260 101
260 260 102
259 261 103
259 261 104
258 262 105
258 261 106
258 261 107
258 261 108
258 261 109
257 262 110
258 261 111
259 261 112
260 262 113
260 262 114
260 262 115
260 262 116
260 262 117
260 262 118
260 262 119
259 263 120
260 262 121
260 262 122
260 262 123
259 261 124
259 261 125
259 261 126
260 262 127
260 262 128
260 263 129
260 263 130
260 263 131
261 264 132
261 264 133
261 264 134
261 265 135
261 265 136
261 265 137
261 265 138
261 265 139
261 265 140
261 266 141
261 265 142
261 265 143
261 264 144
261 265 145
261 266 146
261 265 147
261 265 148
261 265 149
261 265 150
261 265 151
261 265 152
261 265 153
262 264 154
261 265 155
261 265 156
260 265 157
260 265 158
259 266 159
259 266 160
259 266 161
259 267 162
259 267 163
258 267 164
258 267 165
258 267 166
258 267 167
258 267 168
258 267 169
258 267 170
258 268 171
258 268 172
258 268 173
258 267 174
258 268 175
258 268 176
258 269 177
258 268 178
258 268 179
258 268 180
258 268 181
258 268 182
258 268 183
258 267 184
258 267 185
258 267 186
259 267 187
260 267 188
260 267 189
261 267 190
262 267 191
262 267 192
263 267 193
263 267 194
263 268 195
263 268 196
264 268 197
264 268 198
264 268 199
264 268 200
265 267 201
264 266 202
265 265 203
265 264 204
266 265 205
267 265 206
268 265 207
268 264 208
268 263 209
268 263 210
269 262 211
269 263 212
269 262 213
270 263 214
271 263 215
271 263 216
271 263 217
271 264 218
271 264 219
272 265 220
272 265 221
272 265 222
272 265 223
272 265 224
272 264 225
273 265 226
273 265 227
273 265 228
273 265 229
273 265 230
274 266 231
273 266 232
273 266 233
274 267 234
273 267 235
274 268 236
274 269 237
274 270 238
275 270 239
275 270 240
276 270 241
275 271 242
275 271 243
276 272 244
277 273 245
277 273 246
277 272 247
278 273 248
278 274 249
279 274 250
280 274 251
280 274 252
280 274 253
281 274 254
281 274 255
282 274 256
282 274 257
283 274 258
283 274 259
284 274 260
284 274 261
285 274 262
285 274 263
286 274 264
286 274 265
287 274 266
287 274 267
288 274 268
288 274 269
289 274 270
290 275 271
290 274 272
291 275 273
292 275 274
293 276 275
298 279 275
298 279 274
298 279 273
254
260 250 24
260 250 25
260 250 26
260 250 27
260 250 28
260 250 29
260 250 30
261 250 31
261 251 32
261 251 33
260 251 34
260 251 35
260 251 36
260 251 37
260 251 38
260 252 39
260 252 40
260 252 41
260 252 42
261 251 43
260 251 44
260 251 45
260 252 46
260 253 47
260 254 48
261 253 49
262 254 50
261 255 51
261 254 52
260 254 53
261 254 54
261 254 55
260 254 56
261 254 57
261 254 58
261 254 59
261 255 60
261 256 61
261 256 62
261 255 63
261 255 64
260 256 65
260 256 66
260 256 67
260 256 68
260 256 69
260 256 70
260 256 71
260 256 72
260 256 73
259 256 74
259 256 75
258 256 76
258 256 77
258 256 78
258 257 79
258 257 80
257 257 81
258 257 82
259 257 83
259 257 84
259 258 85
260 258 86
260 258 87
260 258 88
261 259 89
261 258 90
260 258 91
260 259 92
260 259 93
259 259 94
260 260 95
260 261 96
260 262 97
260 261 98
259 261 99
259 261 100
259 260 101
260 260 102
259 261 103
259 261 104
258 262 105
258 261 106
258 261 107
258 261 108
258 261 109
257 262 110
258 261 111
259 261 112
260 262 113
260 262 114
260 262 115
260 262 116
260 262 117
260 262 118
260 262 119
259 263 120
260 262 121
260 262 122
260 262 123
259 261 124
259 261 125
259 261 126
260 262 127
260 262 128
260 263 129
260 263 130
260 263 131
261 264 132
261 264 133
261 264 134
261 265 135
261 265 136
261 265 137
261 265 138
261 265 139
261 265 140
261 266 141
261 265 142
261 265 143
261 264 144
261 265 145
261 266 146
261 265 147
261 265 148
261 265 149
261 265 150
261 265 151
261 265 152
261 265 153
262 264 154
261 265 155
261 265 156
260 265 157
260 265 158
259 266 159
259 266 160
259 266 161
259 267 162
259 267 163
258 267 164
258 267 165
258 267 166
258 267 167
258 267 168
258 267 169
258 267 170
258 268 171
258 268 172
258 268 173
258 267 174
258 268 175
258 268 176
258 269 177
258 268 178
258 268 179
258 268 180
258 268 181
258 268 182
258 268 183
258 267 184
258 267 185
258 267 186
259 267 187
260 267 188
260 267 189
261 267 190
262 267 191
262 267 192
263 267 193
263 267 194
263 268 195
263 268 196
264 268 197
264 268 198
264 268 199
264 268 200
265 267 201
264 266 202
265 265 203
265 264 204
266 265 205
267 265 206
268 265 207
268 264 208
268 263 209
268 263 210
269 262 211
269 263 212
269 262 213
270 263 214
271 263 215
271 263 216
271 263 217
271 264 218
271 264 219
272 265 220
272 265 221
272 265 222
272 265 223
272 265 224
272 264 225
273 265 226
273 265 227
273 265 228
273 265 229
273 265 230
274 266 231
273 266 232
273 266 233
274 267 234
273 267 235
274 268 236
274 269 237
274 270 238
275 270 239
275 270 240
276 270 241
275 271 242
275 271 243
276 272 244
277 273 245
277 273 246
277 272 247
278 273 248
278 274 249
279 274 250
280 274 251
280 274 252
280 274 253
281 274 254
281 274 255
282 274 256
282 274 257
283 274 258
283 274 259
284 274 260
284 274 261
285 274 262
285 274 263
286 274 264
286 274 265
287 274 266
287 274 267
288 274 268
288 274 269
289 274 270
290 275 271
290 274 272
291 275 273
292 275 274
293 276 275
293 276 276
294 276 277
254
260 250 24
260 250 25
260 250 26
260 250 27
260 250 28
260 250 29
260 250 30
261 250 31
261 251 32
261 251 33
260 251 34
260 251 35
260 251 36
260 251 37
260 251 38
260 252 39
260 252 40
260 252 41
260 252 42
261 251 43
260 251 44
260 251 45
260 252 46
260 253 47
260 254 48
261 253 49
262 254 50
261 255 51
261 254 52
260 254 53
261 254 54
261 254 55
260 254 56
261 254 57
261 254 58
261 254 59
261 255 60
261 256 61
261 256 62
261 255 63
261 255 64
260 256 65
260 256 66
260 256 67
260 256 68
260 256 69
260 256 70
260 256 71
260 256 72
260 256 73
259 256 74
259 256 75
258 256 76
258 256 77
258 256 78
258 257 79
258 257 80
257 257 81
258 257 82
259 257 83
259 257 84
259 258 85
260 258 86
260 258 87
260 258 88
261 259 89
261 258 90
260 258 91
260 259 92
260 259 93
259 259 94
260 260 95
260 261 96
260 262 97
260 261 98
259 261 99
259 261 100
259 260 101
260 260 102
259 261 103
259 261 104
258 262 105
258 261 106
258 261 107
258 261 108
258 261 109
257 262 110
258 261 111
259 261 112
260 262 113
260 262 114
260 262 115
260 262 116
260 262 117
260 262 118
260 262 119
259 263 120
260 262 121
260 262 122
260 262 123
259 261 124
259 261 125
259 261 126
260 262 127
260 262 128
260 263 129
260 263 130
260 263 131
261 264 132
261 264 133
261 264 134
261 265 135
261 265 136
261 265 137
261 265 138
261 265 139
261 265 140
261 266 141
261 265 142
261 265 143
261 264 144
261 265 145
261 266 146
261 265 147
261 265 148
261 265 149
261 265 150
261 265 151
261 265 152
261 265 153
262 264 154
261 265 155
261 265 156
260 265 157
260 265 158
259 266 159
259 266 160
259 266 161
259 267 162
259 267 163
258 267 164
258 267 165
258 267 166
258 267 167
258 267 168
258 267 169
258 267 170
258 268 171
258 268 172
258 268 173
258 267 174
258 268 175
258 268 176
258 269 177
258 268 178
258 268 179
258 268 180
258 268 181
258 268 182
258 268 183
258 267 184
258 267 185
258 267 186
259 267 187
260 267 188
260 267 189
261 267 190
262 267 191
262 267 192
263 267 193
263 267 194
263 268 195
263 268 196
264 268 197
264 268 198
264 268 199
264 268 200
265 267 201
264 266 202
265 265 203
265 264 204
266 265 205
267 265 206
268 265 207
268 264 208
268 263 209
268 263 210
269 262 211
269 263 212
269 262 213
270 263 214
271 263 215
271 263 216
271 263 217
271 264 218
271 264 219
272 265 220
272 265 221
272 265 222
272 265 223
272 265 224
272 264 225
273 265 226
273 265 227
273 265 228
273 265 229
273 265 230
274 266 231
273 266 232
273 266 233
274 267 234
273 267 235
274 268 236
274 269 237
274 270 238
275 270 239
275 270 240
276 270 241
275 271 242
275 271 243
276 272 244
277 273 245
277 273 246
277 272 247
278 273 248
278 274 249
279 274 250
280 274 251
280 274 252
280 274 253
281 274 254
281 274 255
282 274 256
282 274 257
283 274 258
283 274 259
284 274 260
284 274 261
285 274 262
285 274 263
286 274 264
286 274 265
287 274 266
287 274 267
288 274 268
288 274 269
289 274 270
290 275 271
290 274 272
291 275 273
292 275 274
293 276 275
293 276 276
298 279 276
240
260 250 24
260 250 25
260 250 26
260 250 27
260 250 28
260 250 29
260 250 30
261 250 31
261 251 32
261 251 33
260 251 34
260 251 35
260 251 36
260 251 37
260 251 38
260 252 39
260 252 40
260 252 41
260 252 42
261 251 43
260 251 44
260 251 45
260 252 46
260 253 47
260 254 48
261 253 49
262 254 50
261 255 51
261 254 52
260 254 53
261 254 54
261 254 55
260 254 56
261 254 57
261 254 58
261 254 59
261 255 60
261 256 61
261 256 62
261 255 63
261 255 64
260 256 65
260 256 66
260 256 67
260 256 68
260 256 69
260 256 70
260 256 71
260 256 72
260 256 73
259 256 74
259 256 75
258 256 76
258 256 77
258 256 78
258 257 79
258 257 80
257 257 81
258 257 82
259 257 83
259 257 84
259 258 85
260 258 86
260 258 87
260 258 88
261 259 89
261 258 90
260 258 91
260 259 92
260 259 93
259 259 94
260 260 95
260 261 96
260 262 97
260 261 98
259 261 99
259 261 100
259 260 101
260 260 102
259 261 103
259 261 104
258 262 105
258 261 106
258 261 107
258 261 108
258 261 109
257 262 110
256 261 111
255 261 112
255 262 113
254 262 114
253 262 115
253 262 116
252 263 117
252 262 118
252 263 119
251 264 120
251 264 121
251 264 122
250 264 123
250 265 124
250 265 125
249 264 126
249 264 127
248 264 128
248 264 129
248 264 130
248 265 131
247 265 132
247 264 133
246 264 134
246 264 135
245 264 136
245 265 137
245 265 138
244 265 139
244 265 140
244 265 141
244 265 142
243 265 143
243 266 144
243 265 145
242 266 146
242 266 147
242 266 148
241 266 149
240 267 150
239 267 151
238 268 152
239 269 153
238 270 154
238 270 155
238 271 156
237 270 157
236 270 158
235 270 159
236 269 160
235 268 161
235 267 162
234 267 163
233 268 164
233 268 165
232 268 166
231 268 167
230 269 168
230 269 169
229 269 170
228 269 171
228 269 172
227 269 173
226 270 174
225 270 175
225 270 176
224 270 177
224 270 178
223 270 179
222 270 180
222 270 181
221 270 182
221 270 183
220 270 184
220 270 185
219 270 186
219 270 187
218 270 188
218 271 189
217 270 190
217 270 191
217 270 192
216 271 193
216 271 194
215 271 195
215 272 196
215 271 197
214 272 198
214 272 199
213 272 200
213 272 201
212 272 202
212 273 203
211 272 204
210 272 205
210 272 206
209 271 207
208 272 208
207 272 208
206 272 209
205 272 210
204 272 211
203 273 212
202 273 213
201 272 214
200 272 215
199 272 216
198 272 217
197 273 217
196 273 218
195 272 219
194 272 220
193 273 220
192 273 221
191 272 222
190 272 223
189 272 224
188 272 225
188 272 226
187 272 227
186 272 228
186 272 229
185 272 230
185 271 231
184 271 232
183 272 233
182 272 234
181 272 235
181 272 236
180 272 237
179 272 238
178 273 239
178 272 240
177 272 241
176 273 242
176 272 243
175 272 244
174 273 245
173 273 246
172 273 247
172 272 248
171 272 249
170 272 250
169 273 251
168 273 252
167 273 253
166 273 254
167 272 255
168 272 256
169 271 257
169 270 258
168 269 259
167 269 259
228
260 250 24
260 250 25
260 250 26
260 250 27
260 250 28
260 250 29
260 250 30
261 250 31
261 251 32
261 251 33
260 251 34
260 251 35
260 251 36
260 251 37
260 251 38
260 252 39
260 252 40
260 252 41
260 252 42
261 251 43
260 251 44
260 251 45
260 252 46
260 253 47
260 254 48
261 253 49
262 254 50
261 255 51
261 254 52
260 254 53
261 254 54
261 254 55
260 254 56
261 254 57
261 254 58
261 254 59
261 255 60
261 256 61
261 256 62
261 255 63
261 255 64
260 256 65
260 256 66
260 256 67
260 256 68
260 256 69
260 256 70
260 256 71
260 256 72
260 256 73
259 256 74
259 256 75
258 256 76
258 256 77
258 256 78
258 257 79
258 257 80
257 257 81
258 257 82
259 257 83
259 257 84
259 258 85
260 258 86
260 258 87
260 258 88
261 259 89
261 258 90
260 258 91
260 259 92
260 259 93
259 259 94
260 260 95
260 261 96
260 262 97
260 261 98
259 261 99
259 261 100
259 260 101
260 260 102
259 261 103
259 261 104
258 262 105
258 261 106
258 261 107
258 261 108
258 261 109
257 262 110
258 261 111
259 261 112
260 262 113
260 262 114
260 262 115
260 262 116
260 262 117
260 262 118
260 262 119
259 263 120
260 262 121
260 262 122
260 262 123
259 261 124
259 261 125
259 261 126
260 262 127
260 262 128
260 263 129
260 263 130
260 263 131
261 264 132
261 264 133
261 264 134
261 265 135
261 265 136
261 265 137
261 265 138
261 265 139
261 265 140
261 266 141
261 265 142
261 265 143
261 264 144
261 265 145
261 266 146
261 265 147
261 265 148
261 265 149
261 265 150
261 265 151
261 265 152
261 265 153
262 264 154
261 265 155
261 265 156
260 265 157
260 265 158
259 266 159
259 266 160
259 266 161
259 267 162
259 267 163
258 267 164
258 267 165
258 267 166
258 267 167
258 267 168
258 267 169
258 267 170
258 268 171
258 268 172
258 268 173
258 267 174
258 268 175
258 268 176
258 269 177
258 268 178
258 268 179
258 268 180
258 268 181
258 268 182
258 268 183
258 267 184
258 267 185
258 267 186
259 267 187
260 267 188
260 267 189
261 267 190
262 267 191
262 267 192
263 267 193
263 267 194
263 268 195
263 268 196
264 268 197
264 268 198
264 268 199
264 268 200
265 267 201
264 266 202
265 265 203
265 264 204
266 265 205
267 265 206
268 265 207
268 264 208
268 263 209
268 263 210
269 262 211
269 263 212
269 262 213
270 263 214
271 263 215
271 263 216
271 263 217
271 264 218
271 264 219
272 265 220
272 265 221
272 265 222
272 265 223
272 265 224
272 264 225
273 265 226
273 265 227
273 265 228
273 265 229
273 265 230
274 266 231
273 266 232
273 266 233
274 267 234
273 267 235
274 268 236
274 269 237
274 270 238
275 270 239
275 270 240
276 269 241
277 268 242
277 268 243
278 269 244
279 268 245
279 267 246
280 267 247
280 266 248
280 266 249
281 265 250
282 265 251
226
260 250 24
260 250 25
260 250 26
260 250 27
260 250 28
260 250 29
260 250 30
261 250 31
261 251 32
261 251 33
260 251 34
260 251 35
260 251 36
260 251 37
260 251 38
260 252 39
260 252 40
260 252 41
260 252 42
261 251 43
260 251 44
260 251 45
260 252 46
260 253 47
260 254 48
261 253 49
262 254 50
261 255 51
261 254 52
260 254 53
261 254 54
261 254 55
260 254 56
261 254 57
261 254 58
261 254 59
261 255 60
261 256 61
261 256 62
261 255 63
261 255 64
260 256 65
260 256 66
260 256 67
260 256 68
260 256 69
260 256 70
260 256 71
260 256 72
260 256 73
259 256 74
259 256 75
258 256 76
258 256 77
258 256 78
258 257 79
258 257 80
257 257 81
258 257 82
259 257 83
259 257 84
259 258 85
260 258 86
260 258 87
260 258 88
261 259 89
261 258 90
260 258 91
260 259 92
260 259 93
259 259 94
260 260 95
260 261 96
260 262 97
260 261 98
259 261 99
259 261 100
259 260 101
260 260 102
259 261 103
259 261 104
258 262 105
258 261 106
258 261 107
258 261 108
258 261 109
257 262 110
258 261 111
259 261 112
260 262 113
260 262 114
260 262 115
260 262 116
260 262 117
260 262 118
260 262 119
259 263 120
260 262 121
260 262 122
260 262 123
259 261 124
259 261 125
259 261 126
260 262 127
260 262 128
260 263 129
260 263 130
260 263 131
261 264 132
261 264 133
261 264 134
261 265 135
261 265 136
261 265 137
261 265 138
261 265 139
261 265 140
261 266 141
261 265 142
261 265 143
261 264 144
261 265 145
261 266 146
261 265 147
261 265 148
261 265 149
261 265 150
261 265 151
261 265 152
261 265 153
262 264 154
263 265 155
264 265 156
265 265 157
266 265 158
266 264 159
266 265 160
267 266 161
267 266 162
267 266 163
267 267 164
267 267 165
267 267 166
267 267 167
267 267 168
267 267 169
267 266 170
268 267 171
268 268 172
268 268 173
268 268 174
269 268 175
269 268 176
269 268 177
270 268 178
270 268 179
270 268 180
270 267 181
271 268 182
271 268 183
271 267 184
271 267 185
271 267 186
271 267 187
271 267 188
271 267 189
272 267 190
272 267 191
272 267 192
272 267 193
272 268 194
272 268 195
273 268 196
273 268 197
274 268 198
274 269 199
274 269 200
275 269 201
275 269 202
276 269 203
276 269 204
276 269 205
276 270 206
277 270 207
277 270 208
277 270 209
277 270 210
278 270 211
278 271 212
278 271 213
278 270 214
278 270 215
279 271 216
279 271 217
279 271 218
279 272 219
280 272 220
280 272 221
280 272 222
280 272 223
281 273 224
281 272 225
281 272 226
282 272 227
282 272 228
283 272 229
283 271 230
284 272 231
284 272 232
284 272 233
284 271 234
285 271 235
285 270 236
284 269 237
283 268 238
284 268 239
284 267 240
284 266 241
285 265 242
286 265 243
287 265 244
287 265 245
288 265 246
291 265 250
292 265 253
293 265 256
225
260 250 24
260 250 25
260 250 26
260 250 27
260 250 28
260 250 29
260 250 30
261 250 31
261 251 32
261 251 33
260 251 34
260 251 35
260 251 36
260 251 37
260 251 38
260 252 39
260 252 40
260 252 41
260 252 42
261 251 43
260 251 44
260 251 45
260 252 46
260 253 47
260 254 48
261 253 49
262 254 50
261 255 51
261 254 52
260 254 53
261 254 54
261 254 55
260 254 56
261 254 57
261 254 58
261 254 59
261 255 60
261 256 61
261 256 62
261 255 63
261 255 64
260 256 65
260 256 66
260 256 67
260 256 68
260 256 69
260 256 70
260 256 71
260 256 72
260 256 73
259 256 74
259 256 75
258 256 76
258 256 77
258 256 78
258 257 79
258 257 80
257 257 81
258 257 82
259 257 83
259 257 84
259 258 85
260 258 86
260 258 87
260 258 88
261 259 89
261 258 90
260 258 91
260 259 92
260 259 93
259 259 94
260 260 95
260 261 96
260 262 97
260 261 98
259 261 99
259 261 100
259 260 101
260 260 102
259 261 103
259 261 104
258 262 105
258 261 106
258 261 107
258 261 108
258 261 109
257 262 110
258 261 111
259 261 112
260 262 113
260 262 114
260 262 115
260 262 116
260 262 117
260 262 118
260 262 119
259 263 120
260 262 121
260 262 122
260 262 123
259 261 124
259 261 125
259 261 126
260 262 127
260 262 128
260 263 129
260 263 130
260 263 131
261 264 132
261 264 133
261 264 134
261 265 135
261 265 136
261 265 137
261 265 138
261 265 139
261 265 140
261 266 141
261 265 142
261 265 143
261 264 144
261 265 145
261 266 146
261 265 147
261 265 148
261 265 149
261 265 150
261 265 151
261 265 152
261 265 153
262 264 154
263 265 155
264 265 156
265 265 157
266 265 158
266 264 159
266 265 160
267 266 161
267 266 162
267 266 163
267 267 164
267 267 165
267 267 166
267 267 167
267 267 168
267 267 169
267 266 170
268 267 171
268 268 172
268 268 173
268 268 174
269 268 175
269 268 176
269 268 177
270 268 178
270 268 179
270 268 180
270 267 181
271 268 182
271 268 183
271 267 184
271 267 185
271 267 186
271 267 187
271 267 188
271 267 189
272 267 190
272 267 191
272 267 192
272 267 193
272 268 194
272 268 195
273 268 196
273 268 197
274 268 198
274 269 199
274 269 200
275 269 201
275 269 202
276 269 203
276 269 204
276 269 205
276 270 206
277 270 207
277 270 208
277 270 209
277 270 210
278 270 211
278 271 212
278 271 213
278 270 214
278 270 215
279 271 216
279 271 217
279 271 218
279 272 219
280 272 220
280 272 221
280 272 222
280 272 223
281 273 224
281 272 225
281 272 226
282 272 227
282 272 228
283 272 229
283 271 230
284 272 231
284 272 232
284 272 233
284 271 234
285 271 235
285 270 236
284 269 237
283 268 238
284 268 239
284 267 240
284 266 241
285 265 242
286 265 243
287 265 244
287 265 245
288 265 246
291 265 250
292 265 253
224
260 250 24
260 250 25
260 250 26
260 250 27
260 250 28
260 250 29
260 250 30
261 250 31
261 251 32
261 251 33
260 251 34
260 251 35
260 251 36
260 251 37
260 251 38
260 252 39
260 252 40
260 252 41
260 252 42
261 251 43
260 251 44
260 251 45
260 252 46
260 253 47
260 254 48
261 253 49
262 254 50
261 255 51
261 254 52
260 254 53
261 254 54
261 254 55
260 254 56
261 254 57
261 254 58
261 254 59
261 255 60
261 256 61
261 256 62
261 255 63
261 255 64
260 256 65
260 256 66
260 256 67
260 256 68
260 256 69
260 256 70
260 256 71
260 256 72
260 256 73
259 256 74
259 256 75
258 256 76
258 256 77
258 256 78
258 257 79
258 257 80
257 257 81
258 257 82
259 257 83
259 257 84
259 258 85
260 258 86
260 258 87
260 258 88
261 259 89
261 258 90
260 258 91
260 259 92
260 259 93
259 259 94
260 260 95
260 261 96
260 262 97
260 261 98
259 261 99
259 261 100
259 260 101
260 260 102
259 261 103
259 261 104
258 262 105
258 261 106
258 261 107
258 261 108
258 261 109
257 262 110
258 261 111
259 261 112
260 262 113
260 262 114
260 262 115
260 262 116
260 262 117
260 262 118
260 262 119
259 263 120
260 262 121
260 262 122
260 262 123
259 261 124
259 261 125
259 261 126
260 262 127
260 262 128
260 263 129
260 263 130
260 263 131
261 264 132
261 264 133
261 264 134
261 265 135
261 265 136
261 265 137
261 265 138
261 265 139
261 265 140
261 266 141
261 265 142
261 265 143
261 264 144
261 265 145
261 266 146
261 265 147
261 265 148
261 265 149
261 265 150
261 265 151
261 265 152
261 265 153
262 264 154
261 265 155
261 265 156
260 265 157
260 265 158
259 266 159
259 266 160
259 266 161
259 267 162
259 267 163
258 267 164
258 267 165
258 267 166
258 267 167
258 267 168
258 267 169
258 267 170
258 268 171
258 268 172
258 268 173
258 267 174
258 268 175
258 268 176
258 269 177
258 268 178
258 268 179
258 268 180
258 268 181
258 268 182
258 268 183
258 267 184
258 267 185
258 267 186
259 267 187
260 267 188
260 267 189
261 267 190
262 267 191
262 267 192
263 267 193
263 267 194
263 268 195
263 268 196
264 268 197
264 268 198
264 268 199
264 268 200
265 267 201
264 266 202
265 265 203
265 264 204
266 265 205
267 265 206
268 265 207
268 264 208
268 263 209
268 263 210
269 262 211
269 263 212
269 262 213
270 263 214
271 263 215
271 263 216
271 263 217
271 264 218
271 264 219
272 265 220
272 265 221
272 265 222
272 265 223
272 265 224
272 264 225
273 265 226
273 265 227
273 265 228
273 265 229
273 265 230
274 266 231
273 266 232
273 266 233
274 267 234
273 267 235
274 268 236
274 269 237
274 270 238
275 270 239
275 270 240
276 269 241
277 268 242
277 268 243
278 269 244
279 268 245
279 269 246
280 270 246
224
260 250 24
260 250 25
260 250 26
260 250 27
260 250 28
260 250 29
260 250 30
261 250 31
261 251 32
261 251 33
260 251 34
260 251 35
260 251 36
260 251 37
260 251 38
260 252 39
260 252 40
260 252 41
260 252 42
261 251 43
260 251 44
260 251 45
260 252 46
260 253 47
260 254 48
261 253 49
262 254 50
261 255 51
261 254 52
260 254 53
261 254 54
261 254 55
260 254 56
261 254 57
261 254 58
261 254 59
261 255 60
261 256 61
261 256 62
261 255 63
261 255 64
260 256 65
260 256 66
260 256 67
260 256 68
260 256 69
260 256 70
260 256 71
260 256 72
260 256 73
259 256 74
259 256 75
258 256 76
258 256 77
258 256 78
258 257 79
258 257 80
257 257 81
258 257 82
259 257 83
259 257 84
259 258 85
260 258 86
260 258 87
260 258 88
261 259 89
261 258 90
260 258 91
260 259 92
260 259 93
259 259 94
260 260 95
260 261 96
260 262 97
260 261 98
259 261 99
259 261 100
259 260 101
260 260 102
259 261 103
259 261 104
258 262 105
258 261 106
258 261 107
258 261 108
258 261 109
257 262 110
258 261 111
259 261 112
260 262 113
260 262 114
260 262 115
260 262 116
260 262 117
260 262 118
260 262 119
259 263 120
260 262 121
260 262 122
260 262 123
259 261 124
259 261 125
259 261 126
260 262 127
260 262 128
260 263 129
260 263 130
260 263 131
261 264 132
261 264 133
261 264 134
261 265 135
261 265 136
261 265 137
261 265 138
261 265 139
261 265 140
261 266 141
261 265 142
261 265 143
261 264 144
261 265 145
261 266 146
261 265 147
261 265 148
261 265 149
261 265 150
261 265 151
261 265 152
261 265 153
262 264 154
263 265 155
264 265 156
265 265 157
266 265 158
266 264 159
266 265 160
267 266 161
267 266 162
267 266 163
267 267 164
267 267 165
267 267 166
267 267 167
267 267 168
267 267 169
267 266 170
268 267 171
268 268 172
268 268 173
268 268 174
269 268 175
269 268 176
269 268 177
270 268 178
270 268 179
270 268 180
270 267 181
271 268 182
271 268 183
271 267 184
271 267 185
271 267 186
271 267 187
271 267 188
271 267 189
272 267 190
272 267 191
272 267 192
272 267 193
272 268 194
272 268 195
273 268 196
273 268 197
274 268 198
274 269 199
274 269 200
275 269 201
275 269 202
276 269 203
276 269 204
276 269 205
276 270 206
277 270 207
277 270 208
277 270 209
277 270 210
278 270 211
278 271 212
278 271 213
278 270 214
278 270 215
279 271 216
279 271 217
279 271 218
279 272 219
280 272 220
280 272 221
280 272 222
280 272 223
281 273 224
281 272 225
281 272 226
282 272 227
282 272 228
283 272 229
283 271 230
284 272 231
284 272 232
284 272 233
284 271 234
285 271 235
285 270 236
284 269 237
283 268 238
284 268 239
284 267 240
284 266 241
285 265 242
286 265 243
287 265 244
287 265 245
288 265 246
291 265 250
223
260 250 24
260 250 25
260 250 26
260 250 27
260 250 28
260 250 29
260 250 30
261 250 31
261 251 32
261 251 33
260 251 34
260 251 35
260 251 36
260 251 37
260 251 38
260 252 39
260 252 40
260 252 41
260 252 42
261 251 43
260 251 44
260 251 45
260 252 46
260 253 47
260 254 48
261 253 49
262 254 50
261 255 51
261 254 52
260 254 53
261 254 54
261 254 55
260 254 56
261 254 57
261 254 58
261 254 59
261 255 60
261 256 61
261 256 62
261 255 63
261 255 64
260 256 65
260 256 66
260 256 67
260 256 68
260 256 69
260 256 70
260 256 71
260 256 72
260 256 73
259 256 74
259 256 75
258 256 76
258 256 77
258 256 78
258 257 79
258 257 80
257 257 81
258 257 82
259 257 83
259 257 84
259 258 85
260 258 86
260 258 87
260 258 88
261 259 89
261 258 90
260 258 91
260 259 92
260 259 93
259 259 94
260 260 95
260 261 96
260 262 97
260 261 98
259 261 99
259 261 100
259 260 101
260 260 102
259 261 103
259 261 104
258 262 105
258 261 106
258 261 107
258 261 108
258 261 109
257 262 110
258 261 111
259 261 112
260 262 113
260 262 114
260 262 115
260 262 116
260 262 117
260 262 118
260 262 119
259 263 120
260 262 121
260 262 122
260 262 123
259 261 124
259 261 125
259 261 126
260 262 127
260 262 128
260 263 129
260 263 130
260 263 131
261 264 132
261 264 133
261 264 134
261 265 135
261 265 136
261 265 137
261 265 138
261 265 139
261 265 140
261 266 141
261 265 142
261 265 143
261 264 144
261 265 145
261 266 146
261 265 147
261 265 148
261 265 149
261 265 150
261 265 151
261 265 152
261 265 153
262 264 154
263 265 155
264 265 156
265 265 157
266 265 158
266 264 159
266 265 160
267 266 161
267 266 162
267 266 163
267 267 164
267 267 165
267 267 166
267 267 167
267 267 168
267 267 169
267 266 170
268 267 171
268 268 172
268 268 173
268 268 174
269 268 175
269 268 176
269 268 177
270 268 178
270 268 179
270 268 180
270 267 181
271 268 182
271 268 183
271 267 184
271 267 185
271 267 186
271 267 187
271 267 188
271 267 189
272 267 190
272 267 191
272 267 192
272 267 193
272 268 194
272 268 195
273 268 196
273 268 197
274 268 198
274 269 199
274 269 200
275 269 201
275 269 202
276 269 203
276 269 204
276 269 205
276 270 206
277 270 207
277 270 208
277 270 209
277 270 210
278 270 211
278 271 212
278 271 213
278 270 214
278 270 215
279 271 216
279 271 217
279 271 218
279 272 219
280 272 220
280 272 221
280 272 222
280 272 223
281 273 224
281 272 225
281 272 226
282 272 227
282 272 228
283 272 229
283 271 230
284 272 231
284 272 232
284 272 233
284 271 234
285 271 235
285 270 236
284 269 237
283 268 238
284 268 239
284 267 240
284 266 241
285 265 242
286 265 243
287 265 244
287 265 245
288 265 246
217
260 250 24
260 250 25
260 250 26
260 250 27
260 250 28
260 250 29
260 250 30
261 250 31
261 251 32
261 251 33
260 251 34
260 251 35
260 251 36
260 251 37
260 251 38
260 252 39
260 252 40
260 252 41
260 252 42
261 251 43
260 251 44
260 251 45
260 252 46
260 253 47
260 254 48
261 253 49
262 254 50
261 255 51
261 254 52
260 254 53
261 254 54
261 254 55
260 254 56
261 254 57
261 254 58
261 254 59
261 255 60
261 256 61
261 256 62
261 255 63
261 255 64
260 256 65
260 256 66
260 256 67
260 256 68
260 256 69
260 256 70
260 256 71
260 256 72
260 256 73
259 256 74
259 256 75
258 256 76
258 256 77
258 256 78
258 257 79
258 257 80
257 257 81
258 257 82
259 257 83
259 257 84
259 258 85
260 258 86
260 258 87
260 258 88
261 259 89
261 258 90
260 258 91
260 259 92
260 259 93
259 259 94
260 260 95
260 261 96
260 262 97
260 261 98
259 261 99
259 261 100
259 260 101
260 260 102
259 261 103
259 261 104
258 262 105
258 261 106
258 261 107
258 261 108
258 261 109
257 262 110
258 261 111
259 261 112
260 262 113
260 262 114
260 262 115
260 262 116
260 262 117
260 262 118
260 262 119
259 263 120
260 262 121
260 262 122
260 262 123
259 261 124
259 261 125
259 261 126
260 262 127
260 262 128
260 263 129
260 263 130
260 263 131
261 264 132
261 264 133
261 264 134
261 265 135
261 265 136
261 265 137
261 265 138
261 265 139
261 265 140
261 266 141
261 265 142
261 265 143
261 264 144
261 265 145
261 266 146
261 265 147
261 265 148
261 265 149
261 265 150
261 265 151
261 265 152
261 265 153
262 264 154
263 265 155
264 265 156
265 265 157
266 265 158
266 264 159
266 265 160
267 266 161
267 266 162
267 266 163
267 267 164
267 267 165
267 267 166
267 267 167
267 267 168
267 267 169
267 266 170
268 267 171
268 268 172
268 268 173
268 268 174
269 268 175
269 268 176
269 268 177
270 268 178
270 268 179
270 268 180
270 267 181
271 268 182
271 268 183
271 267 184
271 267 185
271 267 186
271 267 187
271 267 188
271 267 189
272 267 190
272 267 191
272 267 192
272 267 193
272 268 194
272 268 195
273 268 196
273 268 197
274 268 198
274 269 199
274 269 200
275 269 201
275 269 202
276 269 203
276 269 204
276 269 205
276 270 206
277 270 207
277 270 208
277 270 209
277 270 210
278 270 211
278 271 212
278 271 213
278 270 214
278 270 215
279 271 216
279 271 217
279 271 218
279 272 219
280 272 220
280 272 221
280 272 222
280 272 223
281 273 224
281 272 225
281 272 226
282 272 227
282 272 228
283 272 229
283 271 230
284 272 231
284 272 232
284 272 233
284 271 234
285 271 235
285 270 236
284 269 236
285 268 237
286 267 238
287 267 239
217
260 250 24
260 250 25
260 250 26
260 250 27
260 250 28
260 250 29
260 250 30
261 250 31
261 251 32
261 251 33
260 251 34
260 251 35
260 251 36
260 251 37
260 251 38
260 252 39
260 252 40
260 252 41
260 252 42
261 251 43
260 251 44
260 251 45
260 252 46
260 253 47
260 254 48
261 253 49
262 254 50
261 255 51
261 254 52
260 254 53
261 254 54
261 254 55
260 254 56
261 254 57
261 254 58
261 254 59
261 255 60
261 256 61
261 256 62
261 255 63
261 255 64
260 256 65
260 256 66
260 256 67
260 256 68
260 256 69
260 256 70
260 256 71
260 256 72
260 256 73
259 256 74
259 256 75
258 256 76
258 256 77
258 256 78
258 257 79
258 257 80
257 257 81
258 257 82
259 257 83
259 257 84
259 258 85
260 258 86
260 258 87
260 258 88
261 259 89
261 258 90
260 258 91
260 259 92
260 259 93
259 259 94
260 260 95
260 261 96
260 262 97
260 261 98
259 261 99
259 261 100
259 260 101
260 260 102
259 261 103
259 261 104
258 262 105
258 261 106
258 261 107
258 261 108
258 261 109
257 262 110
258 261 111
259 261 112
260 262 113
260 262 114
260 262 115
260 262 116
260 262 117
260 262 118
260 262 119
259 263 120
260 262 121
260 262 122
260 262 123
259 261 124
259 261 125
259 261 126
260 262 127
260 262 128
260 263 129
260 263 130
260 263 131
261 264 132
261 264 133
261 264 134
261 265 135
261 265 136
261 265 137
261 265 138
261 265 139
261 265 140
261 266 141
261 265 142
261 265 143
261 264 144
261 265 145
261 266 146
261 265 147
261 265 148
261 265 149
261 265 150
261 265 151
261 265 152
261 265 153
262 264 154
263 265 155
264 265 156
265 265 157
266 265 158
266 264 159
266 265 160
267 266 161
267 266 162
267 266 163
267 267 164
267 267 165
267 267 166
267 267 167
267 267 168
267 267 169
267 266 170
268 267 171
268 268 172
268 268 173
268 268 174
269 268 175
269 268 176
269 268 177
270 268 178
270 268 179
270 268 180
270 267 181
271 268 182
271 268 183
271 267 184
271 267 185
271 267 186
271 267 187
271 267 188
271 267 189
272 267 190
272 267 191
272 267 192
272 267 193
272 268 194
272 268 195
273 268 196
273 268 197
274 268 198
274 269 199
274 269 200
275 269 201
275 269 202
276 269 203
276 269 204
276 269 205
276 270 206
277 270 207
277 270 208
277 270 209
277 270 210
278 270 211
278 271 212
278 271 213
278 270 214
278 270 215
279 271 216
279 271 217
279 271 218
279 272 219
280 272 220
280 272 221
280 272 222
280 272 223
281 273 224
281 272 225
281 272 226
282 272 227
282 272 228
283 272 229
283 271 230
284 272 231
284 272 232
284 272 233
284 271 234
285 271 235
285 270 236
284 269 237
285 268 238
285 267 239
286 266 240
217
260 250 24
260 250 25
260 250 26
260 250 27
260 250 28
260 250 29
260 250 30
261 250 31
261 251 32
261 251 33
260 251 34
260 251 35
260 251 36
260 251 37
260 251 38
260 252 39
260 252 40
260 252 41
260 252 42
261 251 43
260 251 44
260 251 45
260 252 46
260 253 47
260 254 48
261 253 49
262 254 50
261 255 51
261 254 52
260 254 53
261 254 54
261 254 55
260 254 56
261 254 57
261 254 58
261 254 59
261 255 60
261 256 61
261 256 62
261 255 63
261 255 64
260 256 65
260 256 66
260 256 67
260 256 68
260 256 69
260 256 70
260 256 71
260 256 72
260 256 73
259 256 74
259 256 75
258 256 76
258 256 77
258 256 78
258 257 79
258 257 80
257 257 81
258 257 82
259 257 83
259 257 84
259 258 85
260 258 86
260 258 87
260 258 88
261 259 89
261 258 90
260 258 91
260 259 92
260 259 93
259 259 94
260 260 95
260 261 96
260 262 97
260 261 98
259 261 99
259 261 100
259 260 101
260 260 102
259 261 103
259 261 104
258 262 105
258 261 106
258 261 107
258 261 108
258 261 109
257 262 110
258 261 111
259 261 112
260 262 113
260 262 114
260 262 115
260 262 116
260 262 117
260 262 118
260 262 119
259 263 120
260 262 121
260 262 122
260 262 123
259 261 124
259 261 125
259 261 126
260 262 127
260 262 128
260 263 129
260 263 130
260 263 131
261 264 132
261 264 133
261 264 134
261 265 135
261 265 136
261 265 137
261 265 138
261 265 139
261 265 140
261 266 141
261 265 142
261 265 143
261 264 144
261 265 145
261 266 146
261 265 147
261 265 148
261 265 149
261 265 150
261 265 151
261 265 152
261 265 153
262 264 154
263 265 155
264 265 156
265 265 157
266 265 158
266 264 159
266 265 160
267 266 161
267 266 162
267 266 163
267 267 164
267 267 165
267 267 166
267 267 167
267 267 168
267 267 169
267 266 170
268 267 171
268 268 172
268 268 173
268 268 174
269 268 175
269 268 176
269 268 177
270 268 178
270 268 179
270 268 180
270 267 181
271 268 182
271 268 183
271 267 184
271 267 185
271 267 186
271 267 187
271 267 188
271 267 189
272 267 190
272 267 191
272 267 192
272 267 193
272 268 194
272 268 195
273 268 196
273 268 197
274 268 198
274 269 199
274 269 200
275 269 201
275 269 202
276 269 203
276 269 204
276 269 205
276 270 206
277 270 207
277 270 208
277 270 209
277 270 210
278 270 211
278 271 212
278 271 213
278 270 214
278 270 215
279 271 216
279 271 217
279 271 218
279 272 219
280 272 220
280 272 221
280 272 222
280 272 223
281 273 224
281 272 225
281 272 226
282 272 227
282 272 228
283 272 229
283 271 230
284 272 231
284 272 232
284 272 233
284 271 234
285 271 235
285 270 236
284 269 237
283 268 238
282 269 239
283 270 240
216
260 250 24
260 250 25
260 250 26
260 250 27
260 250 28
260 250 29
260 250 30
261 250 31
261 251 32
261 251 33
260 251 34
260 251 35
260 251 36
260 251 37
260 251 38
260 252 39
260 252 40
260 252 41
260 252 42
261 251 43
260 251 44
260 251 45
260 252 46
260 253 47
260 254 48
261 253 49
262 254 50
261 255 51
261 254 52
260 254 53
261 254 54
261 254 55
260 254 56
261 254 57
261 254 58
261 254 59
261 255 60
261 256 61
261 256 62
261 255 63
261 255 64
260 256 65
260 256 66
260 256 67
260 256 68
260 256 69
260 256 70
260 256 71
260 256 72
260 256 73
259 256 74
259 256 75
258 256 76
258 256 77
258 256 78
258 257 79
258 257 80
257 257 81
258 257 82
259 257 83
259 257 84
259 258 85
260 258 86
260 258 87
260 258 88
261 259 89
261 258 90
260 258 91
260 259 92
260 259 93
259 259 94
260 260 95
260 261 96
260 262 97
260 261 98
259 261 99
259 261 100
259 260 101
260 260 102
259 261 103
259 261 104
258 262 105
258 261 106
258 261 107
258 261 108
258 261 109
257 262 110
258 261 111
259 261 112
260 262 113
260 262 114
260 262 115
260 262 116
260 262 117
260 262 118
260 262 119
259 263 120
260 262 121
260 262 122
260 262 123
259 261 124
259 261 125
259 261 126
260 262 127
260 262 128
260 263 129
260 263 130
260 263 131
261 264 132
261 264 133
261 264 134
261 265 135
261 265 136
261 265 137
261 265 138
261 265 139
261 265 140
261 266 141
261 265 142
261 265 143
261 264 144
261 265 145
261 266 146
261 265 147
261 265 148
261 265 149
261 265 150
261 265 151
261 265 152
261 265 153
262 264 154
263 265 155
264 265 156
265 265 157
266 265 158
266 264 159
266 265 160
267 266 161
267 266 162
267 266 163
267 267 164
267 267 165
267 267 166
267 267 167
267 267 168
267 267 169
267 266 170
268 267 171
268 268 172
268 268 173
268 268 174
269 268 175
269 268 176
269 268 177
270 268 178
270 268 179
270 268 180
270 267 181
271 268 182
271 268 183
271 267 184
271 267 185
271 267 186
271 267 187
271 267 188
271 267 189
272 267 190
272 267 191
272 267 192
272 267 193
272 268 194
272 268 195
273 268 196
273 268 197
274 268 198
274 269 199
274 269 200
275 269 201
275 269 202
276 269 203
276 269 204
276 269 205
276 270 206
277 270 207
277 270 208
277 270 209
277 270 210
278 270 211
278 271 212
278 271 213
278 270 214
278 270 215
279 271 216
279 271 217
279 271 218
279 272 219
280 272 220
280 272 221
280 272 222
280 272 223
281 273 224
281 272 225
281 272 226
282 272 227
282 272 228
283 272 229
283 271 230
284 272 231
284 272 232
284 272 233
284 271 234
285 271 235
285 270 236
285 271 237
285 272 238
284 271 239
200
260 250 24
260 250 25
260 250 26
260 250 27
260 250 28
260 250 29
260 250 30
261 250 31
261 251 32
261 251 33
260 251 34
260 251 35
260 251 36
260 251 37
260 251 38
260 252 39
260 252 40
260 252 41
260 252 42
261 251 43
260 251 44
260 251 45
260 252 46
260 253 47
260 254 48
261 253 49
262 254 50
261 255 51
261 254 52
260 254 53
261 254 54
261 254 55
260 254 56
261 254 57
261 254 58
261 254 59
261 255 60
261 256 61
261 256 62
261 255 63
261 255 64
260 256 65
260 256 66
260 256 67
260 256 68
260 256 69
260 256 70
260 256 71
260 256 72
260 256 73
259 256 74
259 256 75
258 256 76
258 256 77
258 256 78
258 257 79
258 257 80
257 257 81
258 257 82
259 257 83
259 257 84
259 258 85
260 258 86
260 258 87
260 258 88
261 259 89
261 258 90
260 258 91
260 259 92
260 259 93
259 259 94
260 260 95
260 261 96
260 262 97
260 261 98
259 261 99
259 261 100
259 260 101
260 260 102
259 261 103
259 261 104
258 262 105
258 261 106
258 261 107
258 261 108
258 261 109
257 262 110
258 261 111
259 261 112
260 262 113
260 262 114
260 262 115
260 262 116
260 262 117
260 262 118
260 262 119
259 263 120
260 262 121
260 262 122
260 262 123
259 261 124
259 261 125
259 261 126
260 262 127
260 262 128
260 263 129
260 263 130
260 263 131
261 264 132
261 264 133
261 264 134
261 265 135
261 265 136
261 265 137
261 265 138
261 265 139
261 265 140
261 266 141
261 265 142
261 265 143
261 264 144
261 265 145
261 266 146
261 265 147
261 265 148
261 265 149
261 265 150
261 265 151
261 265 152
261 265 153
262 264 154
263 265 155
264 265 156
265 265 157
266 265 158
266 264 159
266 265 160
267 266 161
267 266 162
267 266 163
267 267 164
267 267 165
267 267 166
267 267 167
267 267 168
267 267 169
267 266 170
268 267 171
268 268 172
268 268 173
268 268 174
269 268 175
269 268 176
269 268 177
270 268 178
270 268 179
270 268 180
270 267 181
271 268 182
271 268 183
271 267 184
271 267 185
271 267 186
271 267 187
271 267 188
271 267 189
272 267 190
272 267 191
272 267 192
272 267 193
272 268 194
272 268 195
273 268 196
273 268 197
274 268 198
274 269 199
274 269 200
275 269 201
275 269 202
276 269 203
276 269 204
276 269 205
276 270 206
277 270 207
277 270 208
277 270 209
277 270 210
278 270 211
278 271 212
278 271 213
278 270 214
278 270 215
279 271 216
279 271 217
279 271 218
279 272 219
280 272 220
280 272 221
280 272 222
276 277 222
199
260 250 24
260 250 25
260 250 26
260 250 27
260 250 28
260 250 29
260 250 30
261 250 31
261 251 32
261 251 33
260 251 34
260 251 35
260 251 36
260 251 37
260 251 38
260 252 39
260 252 40
260 252 41
260 252 42
261 251 43
260 251 44
260 251 45
260 252 46
260 253 47
260 254 48
261 253 49
262 254 50
261 255 51
261 254 52
260 254 53
261 254 54
261 254 55
260 254 56
261 254 57
261 254 58
261 254 59
261 255 60
261 256 61
261 256 62
261 255 63
261 255 64
260 256 65
260 256 66
260 256 67
260 256 68
260 256 69
260 256 70
260 256 71
260 256 72
260 256 73
259 256 74
259 256 75
258 256 76
258 256 77
258 256 78
258 257 79
258 257 80
257 257 81
258 257 82
259 257 83
259 257 84
259 258 85
260 258 86
260 258 87
260 258 88
261 259 89
261 258 90
260 258 91
260 259 92
260 259 93
259 259 94
260 260 95
260 261 96
260 262 97
260 261 98
259 261 99
259 261 100
259 260 101
260 260 102
259 261 103
259 261 104
258 262 105
258 261 106
258 261 107
258 261 108
258 261 109
257 262 110
258 261 111
259 261 112
260 262 113
260 262 114
260 262 115
260 262 116
260 262 117
260 262 118
260 262 119
259 263 120
260 262 121
260 262 122
260 262 123
259 261 124
259 261 125
259 261 126
260 262 127
260 262 128
260 263 129
260 263 130
260 263 131
261 264 132
261 264 133
261 264 134
261 265 135
261 265 136
261 265 137
261 265 138
261 265 139
261 265 140
261 266 141
261 265 142
261 265 143
261 264 144
261 265 145
261 266 146
261 265 147
261 265 148
261 265 149
261 265 150
261 265 151
261 265 152
261 265 153
262 264 154
263 265 155
264 265 156
265 265 157
266 265 158
266 264 159
266 265 160
267 266 161
267 266 162
267 266 163
267 267 164
267 267 165
267 267 166
267 267 167
267 267 168
267 267 169
267 266 170
268 267 171
268 268 172
268 268 173
268 268 174
269 268 175
269 268 176
269 268 177
270 268 178
270 268 179
270 268 180
270 267 181
271 268 182
271 268 183
271 267 184
271 267 185
271 267 186
271 267 187
271 267 188
271 267 189
272 267 190
272 267 191
272 267 192
272 267 193
272 268 194
272 268 195
273 268 196
273 268 197
274 268 198
274 269 199
274 269 200
275 269 201
275 269 202
276 269 203
276 269 204
276 269 205
276 270 206
277 270 207
277 270 208
277 270 209
277 270 210
278 270 211
278 271 212
278 271 213
278 270 214
278 270 215
279 271 216
279 271 217
279 271 218
279 272 219
276 278 219
276 278 220
276 278 221
197
260 250 24
260 250 25
260 250 26
260 250 27
260 250 28
260 250 29
260 250 30
261 250 31
261 251 32
261 251 33
260 251 34
260 251 35
260 251 36
260 251 37
260 251 38
260 252 39
260 252 40
260 252 41
260 252 42
261 251 43
260 251 44
260 251 45
260 252 46
260 253 47
260 254 48
261 253 49
262 254 50
261 255 51
261 254 52
260 254 53
261 254 54
261 254 55
260 254 56
261 254 57
261 254 58
261 254 59
261 255 60
261 256 61
261 256 62
261 255 63
261 255 64
260 256 65
260 256 66
260 256 67
260 256 68
260 256 69
260 256 70
260 256 71
260 256 72
260 256 73
259 256 74
259 256 75
258 256 76
258 256 77
258 256 78
258 257 79
258 257 80
257 257 81
258 257 82
259 257 83
259 257 84
259 258 85
260 258 86
260 258 87
260 258 88
261 259 89
261 258 90
260 258 91
260 259 92
260 259 93
259 259 94
260 260 95
260 261 96
260 262 97
260 261 98
259 261 99
259 261 100
259 260 101
260 260 102
259 261 103
259 261 104
258 262 105
258 261 106
258 261 107
258 261 108
258 261 109
257 262 110
258 261 111
259 261 112
260 262 113
260 262 114
260 262 115
260 262 116
260 262 117
260 262 118
260 262 119
259 263 120
260 262 121
260 262 122
260 262 123
259 261 124
259 261 125
259 261 126
260 262 127
260 262 128
260 263 129
260 263 130
260 263 131
261 264 132
261 264 133
261 264 134
261 265 135
261 265 136
261 265 137
261 265 138
261 265 139
261 265 140
261 266 141
261 265 142
261 265 143
261 264 144
261 265 145
261 266 146
261 265 147
261 265 148
261 265 149
261 265 150
261 265 151
261 265 152
261 265 153
262 264 154
263 265 155
264 265 156
265 265 157
266 265 158
266 264 159
266 265 160
267 266 161
267 266 162
267 266 163
267 267 164
267 267 165
267 267 166
267 267 167
267 267 168
267 267 169
267 266 170
268 267 171
268 268 172
268 268 173
268 268 174
269 268 175
269 268 176
269 268 177
270 268 178
270 268 179
270 268 180
270 267 181
271 268 182
271 268 183
271 267 184
271 267 185
271 267 186
271 267 187
271 267 188
271 267 189
272 267 190
272 267 191
272 267 192
272 267 193
272 268 194
272 268 195
273 268 196
273 268 197
274 268 198
274 269 199
274 269 200
275 269 201
275 269 202
276 269 203
276 269 204
276 269 205
276 270 206
277 270 207
277 270 208
277 270 209
277 270 210
278 270 211
278 271 212
278 271 213
278 270 214
278 270 215
279 271 216
279 271 217
279 271 218
279 272 219
276 278 219
192
260 250 24
260 250 25
260 250 26
260 250 27
260 250 28
260 250 29
260 250 30
261 250 31
261 251 32
261 251 33
260 251 34
260 251 35
260 251 36
260 251 37
260 251 38
260 252 39
260 252 40
260 252 41
260 252 42
261 251 43
260 251 44
260 251 45
260 252 46
260 253 47
260 254 48
261 253 49
262 254 50
261 255 51
261 254 52
260 254 53
261 254 54
261 254 55
260 254 56
261 254 57
261 254 58
261 254 59
261 255 60
261 256 61
261 256 62
261 255 63
261 255 64
260 256 65
260 256 66
260 256 67
260 256 68
260 256 69
260 256 70
260 256 71
260 256 72
260 256 73
259 256 74
259 256 75
258 256 76
258 256 77
258 256 78
258 257 79
258 257 80
257 257 81
256 257 82
255 257 83
254 257 84
253 258 85
253 258 86
252 258 87
252 258 88
251 258 89
251 259 90
251 259 91
250 259 92
250 259 93
249 259 94
249 260 95
248 260 96
248 260 97
248 260 98
247 260 99
247 260 100
246 261 101
245 261 102
245 261 103
244 261 104
244 261 105
244 261 106
243 261 107
242 261 108
242 261 109
241 261 110
241 262 111
241 262 112
240 262 113
240 263 114
239 263 115
238 263 116
237 263 117
237 264 118
237 264 119
236 264 120
236 264 121
235 264 122
235 264 123
234 264 124
233 264 125
233 264 126
232 264 127
232 265 128
231 265 129
230 265 130
229 265 131
228 265 132
227 265 133
226 266 134
226 266 135
225 266 136
224 267 137
223 267 138
222 267 139
221 267 140
220 267 141
219 267 142
219 267 143
218 268 144
217 269 145
216 269 146
216 268 147
215 268 148
214 268 149
213 267 150
212 267 151
211 267 151
210 267 152
209 267 153
208 267 154
207 267 155
206 268 155
205 268 156
204 267 157
203 267 158
202 267 159
201 267 160
200 267 161
199 268 162
198 268 163
197 268 164
196 268 165
195 268 166
194 268 167
193 268 167
192 268 168
192 267 169
191 267 170
190 267 171
189 267 172
188 268 172
187 268 173
186 268 174
185 268 175
184 268 176
183 268 177
182 268 177
181 267 178
180 268 178
179 267 179
178 267 180
177 267 181
176 267 182
175 268 182
174 267 183
173 267 184
172 267 184
171 267 185
170 267 186
169 266 187
168 267 187
167 267 188
166 266 188
165 266 189
164 266 190
163 266 191
162 266 192
161 266 192
160 265 193
159 265 194
158 265 195
157 265 196
156 265 197
155 264 198
154 264 199
153 263 200
152 263 201
151 262 202
150 261 203
149 261 204
188
260 250 24
260 250 25
260 250 26
260 250 27
260 250 28
260 250 29
260 250 30
261 250 31
261 251 32
261 251 33
260 251 34
260 251 35
260 251 36
260 251 37
260 251 38
260 252 39
260 252 40
260 252 41
260 252 42
261 251 43
260 251 44
260 251 45
260 252 46
260 253 47
260 254 48
261 253 49
262 254 50
261 255 51
261 254 52
260 254 53
261 254 54
261 254 55
260 254 56
261 254 57
261 254 58
261 254 59
261 255 60
261 256 61
261 256 62
261 255 63
261 255 64
260 256 65
260 256 66
260 256 67
260 256 68
260 256 69
260 256 70
260 256 71
260 256 72
260 256 73
259 256 74
259 256 75
258 256 76
258 256 77
258 256 78
258 257 79
258 257 80
257 257 81
258 257 82
259 257 83
259 257 84
259 258 85
260 258 86
260 258 87
260 258 88
261 259 89
261 258 90
260 258 91
260 259 92
260 259 93
259 259 94
260 260 95
260 261 96
260 262 97
260 261 98
259 261 99
259 261 100
259 260 101
260 260 102
259 261 103
259 261 104
258 262 105
258 261 106
258 261 107
258 261 108
258 261 109
257 262 110
258 261 111
259 261 112
260 262 113
260 262 114
260 262 115
260 262 116
260 262 117
260 262 118
260 262 119
259 263 120
260 262 121
260 262 122
260 262 123
259 261 124
259 261 125
259 261 126
260 262 127
260 262 128
260 263 129
260 263 130
260 263 131
261 264 132
261 264 133
261 264 134
261 265 135
261 265 136
261 265 137
261 265 138
261 265 139
261 265 140
261 266 141
261 265 142
261 265 143
261 264 144
261 265 145
261 266 146
261 265 147
261 265 148
261 265 149
261 265 150
261 265 151
261 265 152
261 265 153
262 264 154
261 265 155
261 265 156
260 265 157
260 265 158
259 266 159
259 266 160
259 266 161
259 267 162
259 267 163
258 267 164
258 267 165
258 267 166
258 267 167
258 267 168
258 267 169
258 267 170
258 268 171
258 268 172
258 268 173
258 267 174
258 268 175
258 268 176
258 269 177
258 268 178
258 268 179
258 268 180
258 268 181
258 268 182
258 268 183
258 267 184
258 267 185
258 267 186
259 267 187
260 267 188
260 267 189
261 267 190
262 267 191
262 267 192
263 267 193
263 267 194
263 268 195
263 268 196
264 268 197
264 268 198
264 268 199
264 268 200
265 267 201
264 267 202
264 268 203
265 268 204
266 269 205
266 270 206
266 271 207
266 271 208
267 272 209
267 271 210
267 270 210
188
260 250 24
260 250 25
260 250 26
260 250 27
260 250 28
260 250 29
260 250 30
261 250 31
261 251 32
261 251 33
260 251 34
260 251 35
260 251 36
260 251 37
260 251 38
260 252 39
260 252 40
260 252 41
260 252 42
261 251 43
260 251 44
260 251 45
260 252 46
260 253 47
260 254 48
261 253 49
262 254 50
261 255 51
261 254 52
260 254 53
261 254 54
261 254 55
260 254 56
261 254 57
261 254 58
261 254 59
261 255 60
261 256 61
261 256 62
261 255 63
261 255 64
260 256 65
260 256 66
260 256 67
260 256 68
260 256 69
260 256 70
260 256 71
260 256 72
260 256 73
259 256 74
259 256 75
258 256 76
258 256 77
258 256 78
258 257 79
258 257 80
257 257 81
258 257 82
259 257 83
259 257 84
259 258 85
260 258 86
260 258 87
260 258 88
261 259 89
261 258 90
260 258 91
260 259 92
260 259 93
259 259 94
260 260 95
260 261 96
260 262 97
260 261 98
259 261 99
259 261 100
259 260 101
260 260 102
259 261 103
259 261 104
258 262 105
258 261 106
258 261 107
258 261 108
258 261 109
257 262 110
258 261 111
259 261 112
260 262 113
260 262 114
260 262 115
260 262 116
260 262 117
260 262 118
260 262 119
259 263 120
260 262 121
260 262 122
260 262 123
259 261 124
259 261 125
259 261 126
260 262 127
260 262 128
260 263 129
260 263 130
260 263 131
261 264 132
261 264 133
261 264 134
261 265 135
261 265 136
261 265 137
261 265 138
261 265 139
261 265 140
261 266 141
261 265 142
261 265 143
261 264 144
261 265 145
261 266 146
261 265 147
261 265 148
261 265 149
261 265 150
261 265 151
261 265 152
261 265 153
262 264 154
261 265 155
261 265 156
260 265 157
260 265 158
259 266 159
259 266 160
259 266 161
259 267 162
259 267 163
258 267 164
258 267 165
258 267 166
258 267 167
258 267 168
258 267 169
258 267 170
258 268 171
258 268 172
258 268 173
258 267 174
258 268 175
258 268 176
258 269 177
258 268 178
258 268 179
258 268 180
258 268 181
258 268 182
258 268 183
258 267 184
258 267 185
258 267 186
259 267 187
260 267 188
260 267 189
261 267 190
262 267 191
262 267 192
263 267 193
263 267 194
263 268 195
263 268 196
264 268 197
264 268 198
264 268 199
264 268 200
265 267 201
264 266 202
265 265 203
265 264 204
266 265 205
267 265 206
268 265 207
268 266 208
267 267 209
266 268 210
266 269 210
188
260 250 24
260 250 25
260 250 26
260 250 27
260 250 28
260 250 29
260 250 30
261 250 31
261 251 32
261 251 33
260 251 34
260 251 35
260 251 36
260 251 37
260 251 38
260 252 39
260 252 40
260 252 41
260 252 42
261 251 43
260 251 44
260 251 45
260 252 46
260 253 47
260 254 48
261 253 49
262 254 50
261 255 51
261 254 52
260 254 53
261 254 54
261 254 55
260 254 56
261 254 57
261 254 58
261 254 59
261 255 60
261 256 61
261 256 62
261 255 63
261 255 64
260 256 65
260 256 66
260 256 67
260 256 68
260 256 69
260 256 70
260 256 71
260 256 72
260 256 73
259 256 74
259 256 75
258 256 76
258 256 77
258 256 78
258 257 79
258 257 80
257 257 81
258 257 82
259 257 83
259 257 84
259 258 85
260 258 86
260 258 87
260 258 88
261 259 89
261 258 90
260 258 91
260 259 92
260 259 93
259 259 94
260 260 95
260 261 96
260 262 97
260 261 98
259 261 99
259 261 100
259 260 101
260 260 102
259 261 103
259 261 104
258 262 105
258 261 106
258 261 107
258 261 108
258 261 109
257 262 110
258 261 111
259 261 112
260 262 113
260 262 114
260 262 115
260 262 116
260 262 117
260 262 118
260 262 119
259 263 120
260 262 121
260 262 122
260 262 123
259 261 124
259 261 125
259 261 126
260 262 127
260 262 128
260 263 129
260 263 130
260 263 131
261 264 132
261 264 133
261 264 134
261 265 135
261 265 136
261 265 137
261 265 138
261 265 139
261 265 140
261 266 141
261 265 142
261 265 143
261 264 144
261 265 145
261 266 146
261 265 147
261 265 148
261 265 149
261 265 150
261 265 151
261 265 152
261 265 153
262 264 154
261 265 155
261 265 156
260 265 157
260 265 158
259 266 159
259 266 160
259 266 161
259 267 162
259 267 163
258 267 164
258 267 165
258 267 166
258 267 167
258 267 168
258 267 169
258 267 170
258 268 171
258 268 172
258 268 173
258 267 174
258 268 175
258 268 176
258 269 177
258 268 178
258 268 179
258 268 180
258 268 181
258 268 182
258 268 183
258 267 184
258 267 185
258 267 186
259 267 187
260 267 188
260 267 189
261 267 190
262 267 191
262 267 192
263 267 193
263 267 194
263 268 195
263 268 196
264 268 197
264 268 198
264 268 199
264 268 200
265 267 201
264 266 201
263 265 201
263 264 201
264 263 201
265 262 202
264 261 203
264 260 204
264 260 205
264 259 206
264 259 207
187
260 250 24
260 250 25
260 250 26
260 250 27
260 250 28
260 250 29
260 250 30
261 250 31
261 251 32
261 251 33
260 251 34
260 251 35
260 251 36
260 251 37
260 251 38
260 252 39
260 252 40
260 252 41
260 252 42
261 251 43
260 251 44
260 251 45
260 252 46
260 253 47
260 254 48
261 253 49
262 254 50
261 255 51
261 254 52
260 254 53
261 254 54
261 254 55
260 254 56
261 254 57
261 254 58
261 254 59
261 255 60
261 256 61
261 256 62
261 255 63
261 255 64
260 256 65
260 256 66
260 256 67
260 256 68
260 256 69
260 256 70
260 256 71
260 256 72
260 256 73
259 256 74
259 256 75
258 256 76
258 256 77
258 256 78
258 257 79
258 257 80
257 257 81
258 257 82
259 257 83
259 257 84
259 258 85
260 258 86
260 258 87
260 258 88
261 259 89
261 258 90
260 258 91
260 259 92
260 259 93
259 259 94
260 260 95
260 261 96
260 262 97
260 261 98
259 261 99
259 261 100
259 260 101
260 260 102
259 261 103
259 261 104
258 262 105
258 261 106
258 261 107
258 261 108
258 261 109
257 262 110
256 261 111
255 261 112
255 262 113
254 262 114
253 262 115
253 262 116
252 263 117
252 262 118
252 263 119
251 264 120
251 264 121
251 264 122
250 264 123
250 265 124
250 265 125
249 264 126
249 264 127
248 264 128
248 264 129
248 264 130
248 265 131
247 265 132
247 264 133
246 264 134
246 264 135
245 264 136
245 265 137
245 265 138
244 265 139
244 265 140
244 265 141
244 265 142
243 265 143
243 266 144
243 265 145
242 266 146
242 266 147
242 266 148
241 266 149
240 267 150
239 267 151
238 268 152
239 269 153
238 270 154
238 270 155
238 271 156
237 270 157
236 270 158
235 270 159
236 269 160
235 268 161
235 267 162
234 267 163
233 268 164
233 268 165
232 268 166
231 268 167
230 269 168
230 269 169
229 269 170
228 269 171
228 269 172
227 269 173
226 270 174
225 270 175
225 270 176
224 270 177
224 270 178
223 270 179
222 270 180
222 270 181
221 270 182
221 270 183
220 270 184
220 270 185
219 270 186
219 270 187
218 270 188
218 271 189
217 270 190
217 270 191
217 270 192
216 271 193
216 271 194
215 271 195
215 272 196
215 271 197
214 272 198
214 272 199
213 272 200
213 272 201
212 272 202
212 273 203
212 274 203
213 275 203
213 276 203
213 277 203
213 278 203
213 279 203
212 280 204
179
260 250 24
260 250 25
260 250 26
260 250 27
260 250 28
260 250 29
260 250 30
261 250 31
261 251 32
261 251 33
260 251 34
260 251 35
260 251 36
260 251 37
260 251 38
260 252 39
260 252 40
260 252 41
260 252 42
261 251 43
260 251 44
260 251 45
260 252 46
260 253 47
260 254 48
261 253 49
262 254 50
261 255 51
261 254 52
260 254 53
261 254 54
261 254 55
260 254 56
261 254 57
261 254 58
261 254 59
261 255 60
261 256 61
261 256 62
261 255 63
261 255 64
260 256 65
260 256 66
260 256 67
260 256 68
260 256 69
260 256 70
260 256 71
260 256 72
260 256 73
259 256 74
259 256 75
258 256 76
258 256 77
258 256 78
258 257 79
258 257 80
257 257 81
258 257 82
259 257 83
259 257 84
259 258 85
260 258 86
260 258 87
260 258 88
261 259 89
261 258 90
260 258 91
260 259 92
260 259 93
259 259 94
260 260 95
260 261 96
260 262 97
260 261 98
259 261 99
259 261 100
259 260 101
260 260 102
259 261 103
259 261 104
258 262 105
258 261 106
258 261 107
258 261 108
258 261 109
257 262 110
258 261 111
259 261 112
260 262 113
260 262 114
260 262 115
260 262 116
260 262 117
260 262 118
260 262 119
259 263 120
260 262 121
260 262 122
260 262 123
259 261 124
259 261 125
259 261 126
260 262 127
260 262 128
260 263 129
260 263 130
260 263 131
261 264 132
261 264 133
261 264 134
261 265 135
261 265 136
261 265 137
261 265 138
261 265 139
261 265 140
261 266 141
261 265 142
261 265 143
261 264 144
261 265 145
261 266 146
261 265 147
261 265 148
261 265 149
261 265 150
261 265 151
261 265 152
261 265 153
262 264 154
261 265 155
261 265 156
260 265 157
260 265 158
259 266 159
259 266 160
259 266 161
259 267 162
259 267 163
258 267 164
258 267 165
258 267 166
258 267 167
258 267 168
258 267 169
258 267 170
258 268 171
258 268 172
258 268 173
258 267 174
258 268 175
258 268 176
258 269 177
258 268 178
258 268 179
258 268 180
258 268 181
258 268 182
258 268 183
258 267 184
258 267 185
257 267 186
256 267 187
255 266 188
254 266 189
253 265 190
254 265 191
253 264 192
253 263 193
253 263 194
252 262 195
252 261 196
251 261 197
251 260 198
250 260 199
250 259 200
250 259 201
249 259 202
155
260 250 24
260 250 25
260 250 26
260 250 27
260 250 28
260 250 29
260 250 30
261 250 31
261 251 32
261 251 33
260 251 34
260 251 35
260 251 36
260 251 37
260 251 38
260 252 39
260 252 40
260 252 41
260 252 42
261 251 43
260 251 44
260 251 45
260 252 46
260 253 47
260 254 48
261 253 49
262 254 50
261 255 51
261 254 52
260 254 53
261 254 54
261 254 55
260 254 56
261 254 57
261 254 58
261 254 59
261 255 60
261 256 61
261 256 62
261 255 63
261 255 64
260 256 65
260 256 66
260 256 67
260 256 68
260 256 69
260 256 70
260 256 71
260 256 72
260 256 73
259 256 74
259 256 75
258 256 76
258 256 77
258 256 78
258 257 79
258 257 80
257 257 81
258 257 82
259 257 83
259 257 84
259 258 85
260 258 86
260 258 87
260 258 88
261 259 89
261 258 90
260 258 91
260 259 92
260 259 93
259 259 94
260 260 95
260 261 96
260 262 97
260 261 98
259 261 99
259 261 100
259 260 101
260 260 102
259 261 103
259 261 104
258 262 105
258 261 106
258 261 107
258 261 108
258 261 109
257 262 110
258 261 111
259 261 112
260 262 113
260 262 114
260 262 115
260 262 116
260 262 117
260 262 118
260 262 119
259 263 120
260 262 121
260 262 122
260 262 123
259 261 124
259 261 125
259 261 126
260 262 127
260 262 128
260 263 129
260 263 130
260 263 131
261 264 132
261 264 133
261 264 134
261 265 135
261 265 136
261 265 137
261 265 138
261 265 139
261 265 140
261 266 141
261 265 142
261 265 143
261 264 144
261 265 145
261 266 146
261 265 147
261 265 148
261 265 149
261 265 150
261 265 151
261 265 152
261 265 153
262 264 154
261 265 155
261 265 156
260 265 157
260 265 158
259 266 159
259 266 160
259 266 161
259 267 162
259 267 163
258 267 164
258 267 165
258 267 166
258 267 167
258 267 168
258 267 169
258 267 170
258 268 171
258 268 172
258 268 173
258 267 174
259 266 174
259 265 174
260 264 174
261 264 174
154
260 250 24
260 250 25
260 250 26
260 250 27
260 250 28
260 250 29
260 250 30
261 250 31
261 251 32
261 251 33
260 251 34
260 251 35
260 251 36
260 251 37
260 251 38
260 252 39
260 252 40
260 252 41
260 252 42
261 251 43
260 251 44
260 251 45
260 252 46
260 253 47
260 254 48
261 253 49
262 254 50
261 255 51
261 254 52
260 254 53
261 254 54
261 254 55
260 254 56
261 254 57
261 254 58
261 254 59
261 255 60
261 256 61
261 256 62
261 255 63
261 255 64
260 256 65
260 256 66
260 256 67
260 256 68
260 256 69
260 256 70
260 256 71
260 256 72
260 256 73
259 256 74
259 256 75
258 256 76
258 256 77
258 256 78
258 257 79
258 257 80
257 257 81
258 257 82
259 257 83
259 257 84
259 258 85
260 258 86
260 258 87
260 258 88
261 259 89
261 258 90
260 258 91
260 259 92
260 259 93
259 259 94
260 260 95
260 261 96
260 262 97
260 261 98
259 261 99
259 261 100
259 260 101
260 260 102
259 261 103
259 261 104
258 262 105
258 261 106
258 261 107
258 261 108
258 261 109
257 262 110
258 261 111
259 261 112
260 262 113
260 262 114
260 262 115
260 262 116
260 262 117
260 262 118
260 262 119
259 263 120
260 262 121
260 262 122
260 262 123
259 261 124
259 261 125
259 261 126
260 262 127
260 262 128
260 263 129
260 263 130
260 263 131
261 264 132
261 264 133
261 264 134
261 265 135
261 265 136
261 265 137
261 265 138
261 265 139
261 265 140
261 266 141
261 265 142
261 265 143
261 264 144
261 265 145
261 266 146
261 265 147
261 265 148
261 265 149
261 265 150
261 265 151
261 265 152
261 265 153
262 264 154
263 265 155
264 265 156
265 265 157
266 265 158
266 264 159
266 265 160
267 266 161
267 266 162
267 266 163
267 267 164
267 267 165
267 267 166
267 267 167
267 267 168
267 267 169
267 266 170
267 265 170
266 264 170
266 263 171
265 262 172
264 263 173
263 263 174
262 263 174
129
260 250 24
260 250 25
260 250 26
260 250 27
260 250 28
260 250 29
260 250 30
261 250 31
261 251 32
261 251 33
260 251 34
260 251 35
260 251 36
260 251 37
260 251 38
260 252 39
260 252 40
260 252 41
260 252 42
261 251 43
260 251 44
260 251 45
260 252 46
260 253 47
260 254 48
261 253 49
262 254 50
261 255 51
261 254 52
260 254 53
261 254 54
261 254 55
260 254 56
261 254 57
261 254 58
261 254 59
261 255 60
261 256 61
261 256 62
261 255 63
261 255 64
260 256 65
260 256 66
260 256 67
260 256 68
260 256 69
260 256 70
260 256 71
260 256 72
260 256 73
259 256 74
259 256 75
258 256 76
258 256 77
258 256 78
258 257 79
258 257 80
257 257 81
258 257 82
259 257 83
259 257 84
259 258 85
260 258 86
260 258 87
260 258 88
261 259 89
262 259 89
263 259 89
264 259 89
265 259 90
266 259 91
266 259 92
266 259 93
267 260 94
268 260 95
268 260 96
269 261 97
269 260 98
270 259 99
271 260 100
271 259 101
272 259 102
273 259 103
273 259 104
274 260 105
274 259 106
275 259 107
276 260 108
277 260 109
277 259 110
278 260 111
278 259 112
279 258 113
280 258 114
281 258 115
282 259 116
283 260 117
284 260 118
285 260 119
286 261 120
286 261 121
287 261 122
288 261 123
289 261 124
289 261 125
290 261 126
291 261 127
292 261 128
293 261 129
294 261 130
295 261 131
296 261 132
297 261 133
298 261 134
299 261 135
300 261 136
301 261 137
302 261 138
303 262 139
304 262 139
305 262 140
306 262 141
307 263 142
308 263 143
309 263 144
310 264 145
311 265 146
312 266 146
313 267 147
128
260 250 24
260 250 25
260 250 26
260 250 27
260 250 28
260 250 29
260 250 30
261 250 31
261 251 32
261 251 33
260 251 34
260 251 35
260 251 36
260 251 37
260 251 38
260 252 39
260 252 40
260 252 41
260 252 42
261 251 43
260 251 44
260 251 45
260 252 46
260 253 47
260 254 48
261 253 49
262 254 50
261 255 51
261 254 52
260 254 53
261 254 54
261 254 55
260 254 56
261 254 57
261 254 58
261 254 59
261 255 60
261 256 61
261 256 62
261 255 63
261 255 64
260 256 65
260 256 66
260 256 67
260 256 68
260 256 69
260 256 70
260 256 71
260 256 72
260 256 73
259 256 74
259 256 75
258 256 76
258 256 77
258 256 78
258 257 79
258 257 80
257 257 81
258 257 82
259 257 83
259 257 84
259 258 85
260 258 86
260 258 87
260 258 88
261 259 89
261 258 90
260 258 91
260 259 92
260 259 93
259 259 94
260 260 95
260 261 96
260 262 97
260 261 98
259 261 99
259 261 100
259 260 101
260 260 102
259 261 103
259 261 104
258 262 105
258 261 106
258 261 107
258 261 108
258 261 109
257 262 110
258 261 111
259 261 112
260 262 113
260 262 114
260 262 115
260 262 116
260 262 117
260 262 118
260 262 119
259 263 120
260 262 121
260 262 122
260 262 123
259 261 124
259 261 125
259 261 126
260 262 127
260 262 128
260 263 129
260 263 130
260 263 131
261 264 132
261 264 133
261 264 134
261 265 135
261 265 136
261 265 137
261 265 138
261 265 139
261 265 140
261 266 141
261 265 142
261 265 143
261 264 144
261 265 145
261 266 146
261 267 146
260 268 146
260 269 146
260 270 145
259 271 145
128
260 250 24
260 250 25
260 250 26
260 250 27
260 250 28
260 250 29
260 250 30
261 250 31
261 251 32
261 251 33
260 251 34
260 251 35
260 251 36
260 251 37
260 251 38
260 252 39
260 252 40
260 252 41
260 252 42
261 251 43
260 251 44
260 251 45
260 252 46
260 253 47
260 254 48
261 253 49
262 254 50
261 255 51
261 254 52
260 254 53
261 254 54
261 254 55
260 254 56
261 254 57
261 254 58
261 254 59
261 255 60
261 256 61
261 256 62
261 255 63
261 255 64
260 256 65
260 256 66
260 256 67
260 256 68
260 256 69
260 256 70
260 256 71
260 256 72
260 256 73
259 256 74
259 256 75
258 256 76
258 256 77
258 256 78
258 257 79
258 257 80
257 257 81
258 257 82
259 257 83
259 257 84
259 258 85
260 258 86
260 258 87
260 258 88
261 259 89
261 258 90
260 258 91
260 259 92
260 259 93
259 259 94
260 260 95
260 261 96
260 262 97
260 261 98
259 261 99
259 261 100
259 260 101
260 260 102
259 261 103
259 261 104
258 262 105
258 261 106
258 261 107
258 261 108
258 261 109
257 262 110
258 261 111
259 261 112
260 262 113
260 262 114
260 262 115
260 262 116
260 262 117
260 262 118
260 262 119
259 263 120
260 262 121
260 262 122
260 262 123
259 261 124
259 261 125
259 261 126
260 262 127
260 262 128
260 263 129
260 263 130
260 263 131
261 264 132
261 264 133
261 264 134
261 265 135
261 265 136
261 265 137
261 265 138
261 265 139
261 265 140
261 266 141
261 267 141
261 268 141
261 269 141
261 270 141
261 271 141
261 272 141
260 273 142
261 273 143
261 273 144
260 272 145
123
260 250 24
260 250 25
260 250 26
260 250 27
260 250 28
260 250 29
260 250 30
261 250 31
261 251 32
261 251 33
260 251 34
260 251 35
260 251 36
260 251 37
260 251 38
260 252 39
260 252 40
260 252 41
260 252 42
261 251 43
260 251 44
260 251 45
260 252 46
260 253 47
260 254 48
261 253 49
262 254 50
261 255 51
261 254 52
260 254 53
261 254 54
261 254 55
260 254 56
261 254 57
261 254 58
261 254 59
261 255 60
261 256 61
261 256 62
261 255 63
261 255 64
260 256 65
260 256 66
260 256 67
260 256 68
260 256 69
260 256 70
260 256 71
260 256 72
260 256 73
259 256 74
259 256 75
258 256 76
258 256 77
258 256 78
258 257 79
258 257 80
257 257 81
258 257 82
259 257 83
259 257 84
259 258 85
260 258 86
260 258 87
260 258 88
261 259 89
261 258 90
260 258 91
260 259 92
260 259 93
259 259 94
260 260 95
260 261 96
260 262 97
260 261 98
259 261 99
259 261 100
259 260 101
260 260 102
259 261 103
259 261 104
258 262 105
258 261 106
258 261 107
258 261 108
258 261 109
257 262 110
258 261 111
259 261 112
260 262 113
260 262 114
260 262 115
260 262 116
260 262 117
260 262 118
260 262 119
259 263 120
259 264 121
259 265 121
259 266 121
258 267 121
257 268 122
257 269 123
257 270 124
257 270 125
257 271 126
257 272 127
257 272 128
257 273 129
257 273 130
257 273 131
257 273 132
257 274 133
257 274 134
258 275 135
257 275 136
257 275 137
257 276 138
256 276 139
256 276 140
256 276 141
256 276 142
256 277 143
121
260 250 24
260 250 25
260 250 26
260 250 27
260 250 28
260 250 29
260 250 30
261 250 31
261 251 32
261 251 33
260 251 34
260 251 35
260 251 36
260 251 37
260 251 38
260 252 39
260 252 40
260 252 41
260 252 42
261 251 43
260 251 44
260 251 45
260 252 46
260 253 47
260 254 48
261 253 49
262 254 50
261 255 51
261 254 52
260 254 53
261 254 54
261 254 55
260 254 56
261 254 57
261 254 58
261 254 59
261 255 60
261 256 61
261 256 62
261 255 63
261 255 64
260 256 65
260 256 66
260 256 67
260 256 68
260 256 69
260 256 70
260 256 71
260 256 72
260 256 73
259 256 74
259 256 75
258 256 76
258 256 77
258 256 78
258 257 79
258 257 80
257 257 81
258 257 82
259 257 83
259 257 84
259 258 85
260 258 86
260 258 87
260 258 88
261 259 89
261 258 90
260 258 91
260 259 92
260 259 93
259 259 94
260 260 95
260 261 96
260 262 97
260 261 98
259 261 99
259 261 100
259 260 101
260 260 102
259 261 103
259 261 104
258 262 105
258 261 106
258 261 107
258 261 108
258 261 109
257 262 110
258 261 111
259 261 112
260 262 113
260 262 114
260 262 115
260 262 116
260 262 117
260 262 118
260 262 119
259 263 120
260 262 121
260 262 122
260 262 123
259 261 124
259 261 125
259 261 126
259 260 127
259 259 128
258 258 127
258 257 127
257 256 128
257 255 129
257 254 130
257 254 131
257 253 132
257 253 133
257 253 134
257 253 135
257 252 136
256 252 137
256 251 138
256 251 139
256 251 140
257 249 152
121
260 250 24
260 250 25
260 250 26
260 250 27
260 250 28
260 250 29
260 250 30
261 250 31
261 251 32
261 251 33
260 251 34
260 251 35
260 251 36
260 251 37
260 251 38
260 252 39
260 252 40
260 252 41
260 252 42
261 251 43
260 251 44
260 251 45
260 252 46
260 253 47
260 254 48
261 253 49
262 254 50
261 255 51
261 254 52
260 254 53
261 254 54
261 254 55
260 254 56
261 254 57
261 254 58
261 254 59
261 255 60
261 256 61
261 256 62
261 255 63
261 255 64
260 256 65
260 256 66
260 256 67
260 256 68
260 256 69
260 256 70
260 256 71
260 256 72
260 256 73
259 256 74
259 256 75
258 256 76
258 256 77
258 256 78
258 257 79
258 257 80
257 257 81
258 257 82
259 257 83
259 257 84
259 258 85
260 258 86
260 258 87
260 258 88
261 259 89
261 258 90
260 258 91
260 259 92
260 259 93
259 259 94
260 260 95
260 261 96
260 262 97
260 261 98
259 261 99
259 261 100
259 260 101
260 260 102
259 261 103
259 261 104
258 262 105
258 261 106
258 261 107
258 261 108
258 261 109
257 262 110
258 261 111
259 261 112
260 262 113
260 262 114
260 262 115
260 262 116
260 262 117
260 262 118
260 262 119
259 263 120
260 262 121
260 262 122
260 262 123
259 261 124
259 261 125
259 261 126
259 260 127
259 259 128
258 258 127
258 257 127
257 256 128
257 255 129
257 254 130
257 254 131
257 253 132
257 253 133
257 253 134
257 253 135
257 252 136
256 252 137
256 251 138
256 251 139
256 251 140
256 252 141
118
260 250 24
260 250 25
260 250 26
260 250 27
260 250 28
260 250 29
260 250 30
261 250 31
261 251 32
261 251 33
260 251 34
260 251 35
260 251 36
260 251 37
260 251 38
260 252 39
260 252 40
260 252 41
260 252 42
261 251 43
260 251 44
260 251 45
260 252 46
260 253 47
260 254 48
261 253 49
262 254 50
261 255 51
261 254 52
260 254 53
261 254 54
261 254 55
260 254 56
261 254 57
261 254 58
261 254 59
261 255 60
261 256 61
261 256 62
261 255 63
261 255 64
260 256 65
260 256 66
260 256 67
260 256 68
260 256 69
260 256 70
260 256 71
260 256 72
260 256 73
259 256 74
259 256 75
258 256 76
258 256 77
258 256 78
258 257 79
258 257 80
257 257 81
258 257 82
259 257 83
259 257 84
259 258 85
260 258 86
260 258 87
260 258 88
261 259 89
261 258 90
260 258 91
260 259 92
260 259 93
259 259 94
260 260 95
260 261 96
260 262 97
260 261 98
259 261 99
259 261 100
259 260 101
260 260 102
259 261 103
259 261 104
258 262 105
258 261 106
258 261 107
258 261 108
258 261 109
257 262 110
258 261 111
259 261 112
260 262 113
260 262 114
260 262 115
260 262 116
260 262 117
260 262 118
260 262 119
259 263 120
260 262 121
260 262 122
260 262 123
259 261 124
259 261 125
259 261 126
259 260 127
259 259 128
258 258 129
257 257 130
257 257 131
257 257 132
257 257 133
257 256 134
257 256 135
256 257 136
256 256 137
256 256 138
256 256 139
256 256 140
255 255 147
117
260 250 24
260 250 25
260 250 26
260 250 27
260 250 28
260 250 29
260 250 30
261 250 31
261 251 32
261 251 33
260 251 34
260 251 35
260 251 36
260 251 37
260 251 38
260 252 39
260 252 40
260 252 41
260 252 42
261 251 43
260 251 44
260 251 45
260 252 46
260 253 47
260 254 48
261 253 49
262 254 50
261 255 51
261 254 52
260 254 53
261 254 54
261 254 55
260 254 56
261 254 57
261 254 58
261 254 59
261 255 60
261 256 61
261 256 62
261 255 63
261 255 64
260 256 65
260 256 66
260 256 67
260 256 68
260 256 69
260 256 70
260 256 71
260 256 72
260 256 73
259 256 74
259 256 75
258 256 76
258 256 77
258 256 78
258 257 79
258 257 80
257 257 81
258 257 82
259 257 83
259 257 84
259 258 85
260 258 86
260 258 87
260 258 88
261 259 89
261 258 90
260 258 91
260 259 92
260 259 93
259 259 94
260 260 95
260 261 96
260 262 97
260 261 98
259 261 99
259 261 100
259 260 101
260 260 102
259 261 103
259 261 104
258 262 105
258 261 106
258 261 107
258 261 108
258 261 109
257 262 110
258 261 111
259 261 112
260 262 113
260 262 114
260 262 115
260 262 116
260 262 117
260 262 118
260 262 119
259 263 120
260 262 121
260 262 122
260 262 123
259 261 124
259 261 125
259 261 126
259 260 127
259 259 128
258 258 129
257 257 130
257 257 131
257 257 132
257 257 133
257 256 134
257 256 135
256 257 136
256 256 137
256 256 138
256 256 139
256 256 140
108
260 250 24
260 250 25
260 250 26
260 250 27
260 250 28
260 250 29
260 250 30
261 250 31
261 251 32
261 251 33
260 251 34
260 251 35
260 251 36
260 251 37
260 251 38
260 252 39
260 252 40
260 252 41
260 252 42
261 251 43
260 251 44
260 251 45
260 252 46
260 253 47
260 254 48
261 253 49
262 254 50
261 255 51
261 254 52
260 254 53
261 254 54
261 254 55
260 254 56
261 254 57
261 254 58
261 254 59
261 255 60
261 256 61
261 256 62
261 255 63
261 255 64
260 256 65
260 256 66
260 256 67
260 256 68
260 256 69
260 256 70
260 256 71
260 256 72
260 256 73
259 256 74
259 256 75
258 256 76
258 256 77
258 256 78
258 257 79
258 257 80
257 257 81
258 257 82
259 257 83
259 257 84
259 258 85
260 258 86
260 258 87
260 258 88
261 259 89
261 258 90
260 258 91
260 259 92
260 259 93
259 259 94
260 260 95
260 261 96
260 262 97
260 261 98
259 261 99
259 261 100
259 260 101
260 260 102
259 261 103
259 261 104
258 262 105
258 261 106
258 261 107
258 261 108
258 261 109
257 262 110
256 261 111
255 261 112
255 262 113
254 262 114
253 262 115
253 262 116
252 263 117
252 262 118
252 261 118
252 260 118
252 259 119
252 258 120
252 257 121
252 257 122
251 257 123
251 257 124
251 257 125
250 256 126
250 256 127
250 256 128
250 256 129
102
260 250 24
260 250 25
260 250 26
260 250 27
260 250 28
260 250 29
260 250 30
261 250 31
261 251 32
261 251 33
260 251 34
260 251 35
260 251 36
260 251 37
260 251 38
260 252 39
260 252 40
260 252 41
260 252 42
261 251 43
260 251 44
260 251 45
260 252 46
260 253 47
260 254 48
261 253 49
262 254 50
261 255 51
261 254 52
260 254 53
261 254 54
261 254 55
260 254 56
261 254 57
261 254 58
261 254 59
261 255 60
261 256 61
262 257 61
263 258 61
264 258 62
265 257 63
266 257 62
267 257 63
268 258 64
268 258 65
269 259 66
269 259 67
269 259 68
270 260 69
271 260 70
271 261 71
272 261 72
272 262 73
273 262 74
274 262 75
274 263 76
275 263 77
275 264 78
276 264 79
277 264 80
277 265 81
278 265 82
278 266 83
279 266 84
280 266 85
280 267 86
281 267 87
281 268 88
282 268 89
283 268 90
284 268 91
285 269 92
286 270 93
286 270 94
287 271 95
288 271 96
289 271 97
290 272 98
291 272 99
291 272 100
292 273 101
293 274 102
294 274 103
294 275 104
295 276 105
296 276 106
297 277 107
298 277 108
299 278 109
300 278 110
301 279 111
302 279 112
303 279 113
303 280 114
304 281 115
305 281 116
306 282 117
307 282 118
308 283 119
309 283 120
310 284 121
92
260 250 24
260 250 25
260 250 26
260 250 27
260 250 28
260 250 29
260 250 30
261 250 31
261 251 32
261 251 33
260 251 34
260 251 35
260 251 36
260 251 37
260 251 38
260 252 39
260 252 40
260 252 41
260 252 42
261 251 43
260 251 44
260 251 45
260 252 46
260 253 47
260 254 48
261 253 49
262 254 50
261 255 51
261 254 52
260 254 53
261 254 54
261 254 55
260 254 56
261 254 57
261 254 58
261 254 59
261 255 60
261 256 61
261 256 62
261 255 63
261 255 64
260 256 65
260 256 66
260 256 67
260 256 68
260 256 69
260 256 70
260 256 71
260 256 72
260 256 73
259 256 74
259 256 75
258 256 76
258 256 77
258 256 78
258 257 79
258 257 80
257 257 81
258 257 82
259 257 83
259 257 84
259 258 85
260 258 86
260 258 87
260 258 88
261 259 89
262 259 89
263 259 89
264 259 89
265 259 90
266 259 91
266 259 92
266 259 93
267 260 94
268 260 95
268 260 96
269 261 97
269 260 98
270 259 99
271 260 100
271 259 101
272 259 102
273 259 103
273 259 104
274 260 105
274 259 106
275 259 107
276 260 108
277 260 109
277 259 110
276 258 110
277 257 110
91
260 250 24
260 250 25
260 250 26
260 250 27
260 250 28
260 250 29
260 250 30
261 250 31
261 251 32
261 251 33
260 251 34
260 251 35
260 251 36
260 251 37
260 251 38
260 252 39
260 252 40
260 252 41
260 252 42
261 251 43
260 251 44
260 251 45
260 252 46
260 253 47
260 254 48
261 253 49
262 254 50
261 255 51
261 254 52
260 254 53
261 254 54
261 254 55
260 254 56
261 254 57
261 254 58
261 254 59
261 255 60
261 256 61
261 256 62
261 255 63
261 255 64
260 256 65
260 256 66
260 256 67
260 256 68
260 256 69
260 256 70
260 256 71
260 256 72
260 256 73
259 256 74
259 256 75
258 256 76
258 256 77
258 256 78
258 257 79
258 257 80
257 257 81
258 257 82
259 257 83
259 257 84
259 258 85
260 258 86
260 258 87
260 258 88
261 259 89
262 259 89
263 259 89
264 259 89
265 259 90
266 259 91
266 259 92
266 259 93
267 260 94
268 260 95
268 260 96
269 261 97
269 260 98
270 259 99
271 260 100
271 259 101
272 259 102
273 259 103
273 259 104
274 260 105
274 259 106
275 259 107
276 260 108
277 260 109
278 259 109
279 258 109
90
260 250 24
260 250 25
260 250 26
260 250 27
260 250 28
260 250 29
260 250 30
261 250 31
261 251 32
261 251 33
260 251 34
260 251 35
260 251 36
260 251 37
260 251 38
260 252 39
260 252 40
260 252 41
260 252 42
261 251 43
260 251 44
260 251 45
260 252 46
260 253 47
260 254 48
261 253 49
262 254 50
261 255 51
261 254 52
260 254 53
261 254 54
261 254 55
260 254 56
261 254 57
261 254 58
261 254 59
261 255 60
261 256 61
261 256 62
261 255 63
261 255 64
260 256 65
260 256 66
260 256 67
260 256 68
260 256 69
260 256 70
260 256 71
260 256 72
260 256 73
259 256 74
259 256 75
258 256 76
258 256 77
258 256 78
258 257 79
258 257 80
257 257 81
258 257 82
259 257 83
259 257 84
259 258 85
260 258 86
260 258 87
260 258 88
261 259 89
262 259 89
263 259 89
264 259 89
265 259 90
266 259 91
266 259 92
266 259 93
267 260 94
268 260 95
268 260 96
269 261 97
269 260 98
270 259 99
271 260 100
271 259 101
272 259 102
273 259 103
273 259 104
274 260 105
274 259 106
274 258 107
275 257 108
275 256 107
276 255 106
82
260 250 24
260 250 25
260 250 26
260 250 27
260 250 28
260 250 29
260 250 30
261 250 31
261 251 32
261 251 33
260 251 34
260 251 35
260 251 36
260 251 37
260 251 38
260 252 39
260 252 40
260 252 41
260 252 42
261 251 43
260 251 44
260 251 45
260 252 46
260 253 47
260 254 48
261 253 49
262 254 50
261 255 51
261 254 52
260 254 53
261 254 54
261 254 55
260 254 56
261 254 57
261 254 58
261 254 59
261 255 60
261 256 61
261 256 62
261 255 63
261 255 64
260 256 65
260 256 66
260 256 67
260 256 68
260 256 69
260 256 70
260 256 71
260 256 72
260 256 73
259 256 74
259 256 75
258 256 76
258 256 77
258 256 78
258 257 79
258 257 80
257 257 81
258 257 82
259 257 83
259 257 84
259 258 85
260 258 86
260 258 87
260 258 88
261 259 89
261 258 90
260 258 91
260 259 92
260 259 93
259 259 94
260 260 95
260 261 96
260 262 97
261 263 98
262 264 99
262 265 100
261 266 100
260 266 101
259 265 102
258 264 103
258 263 104
82
260 250 24
260 250 25
260 250 26
260 250 27
260 250 28
260 250 29
260 250 30
261 250 31
261 251 32
261 251 33
260 251 34
260 251 35
260 251 36
260 251 37
260 251 38
260 252 39
260 252 40
260 252 41
260 252 42
261 251 43
260 251 44
260 251 45
260 252 46
260 253 47
260 254 48
261 253 49
262 254 50
261 255 51
261 254 52
260 254 53
261 254 54
261 254 55
260 254 56
261 254 57
261 254 58
261 254 59
261 255 60
261 256 61
261 256 62
261 255 63
261 255 64
260 256 65
260 256 66
260 256 67
260 256 68
260 256 69
260 256 70
260 256 71
260 256 72
260 256 73
259 256 74
259 256 75
258 256 76
258 256 77
258 256 78
258 257 79
258 257 80
257 257 81
258 257 82
259 257 83
259 257 84
259 258 85
260 258 86
260 258 87
260 258 88
261 259 89
261 258 90
260 258 91
260 259 92
260 259 93
259 259 94
260 260 95
260 261 96
260 262 97
261 263 98
262 264 99
262 265 100
262 266 101
262 266 102
262 267 103
262 267 104
262 268 105
81
260 250 24
260 250 25
260 250 26
260 250 27
260 250 28
260 250 29
260 250 30
261 250 31
261 251 32
261 251 33
260 251 34
260 251 35
260 251 36
260 251 37
260 251 38
260 252 39
260 252 40
260 252 41
260 252 42
261 251 43
260 251 44
260 251 45
260 252 46
260 253 47
260 254 48
261 253 49
262 254 50
261 255 51
261 254 52
260 254 53
261 254 54
261 254 55
260 254 56
261 254 57
261 254 58
261 254 59
261 255 60
261 256 61
261 256 62
261 255 63
261 255 64
260 256 65
260 256 66
260 256 67
260 256 68
260 256 69
260 256 70
260 256 71
260 256 72
260 256 73
259 256 74
259 256 75
258 256 76
258 256 77
258 256 78
258 257 79
258 257 80
257 257 81
258 257 82
259 257 83
259 257 84
259 258 85
260 258 86
260 258 87
260 258 88
261 259 89
261 258 90
260 258 91
261 257 92
262 256 93
262 256 94
262 255 95
262 254 96
262 254 97
262 254 98
262 253 99
262 254 100
262 253 101
263 253 102
263 253 103
263 252 104
80
260 250 24
260 250 25
260 250 26
260 250 27
260 250 28
260 250 29
260 250 30
261 250 31
261 251 32
261 251 33
260 251 34
260 251 35
260 251 36
260 251 37
260 251 38
260 252 39
260 252 40
260 252 41
260 252 42
261 251 43
260 251 44
260 251 45
260 252 46
260 253 47
260 254 48
261 253 49
262 254 50
261 255 51
261 254 52
260 254 53
261 254 54
261 254 55
260 254 56
261 254 57
261 254 58
261 254 59
261 255 60
261 256 61
261 256 62
261 255 63
261 255 64
260 256 65
260 256 66
260 256 67
260 256 68
260 256 69
260 256 70
260 256 71
260 256 72
260 256 73
259 256 74
259 256 75
258 256 76
258 256 77
258 256 78
258 257 79
258 257 80
257 257 81
258 257 82
259 257 83
259 257 84
259 258 85
260 258 86
260 258 87
260 258 88
261 259 89
261 258 90
260 258 91
260 259 92
260 259 93
259 259 94
260 260 95
260 261 96
260 262 97
260 261 98
259 261 99
259 261 100
259 260 101
260 260 102
261 260 102
79
260 250 24
260 250 25
260 250 26
260 250 27
260 250 28
260 250 29
260 250 30
261 250 31
261 251 32
261 251 33
260 251 34
260 251 35
260 251 36
260 251 37
260 251 38
260 252 39
260 252 40
260 252 41
260 252 42
261 251 43
260 251 44
260 251 45
260 252 46
260 253 47
260 254 48
261 253 49
262 254 50
261 255 51
261 254 52
260 254 53
261 254 54
261 254 55
260 254 56
261 254 57
261 254 58
261 254 59
261 255 60
261 256 61
261 256 62
261 255 63
261 255 64
260 256 65
260 256 66
260 256 67
260 256 68
260 256 69
260 256 70
260 256 71
260 256 72
260 256 73
259 256 74
259 256 75
258 256 76
258 256 77
258 256 78
258 257 79
258 257 80
257 257 81
258 257 82
259 257 83
259 257 84
259 258 85
260 258 86
260 258 87
260 258 88
261 259 89
261 258 90
260 258 91
260 259 92
260 259 93
259 259 94
260 260 95
260 261 96
260 262 97
261 263 98
262 264 99
262 263 100
263 262 101
262 261 102
68
260 250 24
260 250 25
260 250 26
260 250 27
260 250 28
260 250 29
260 250 30
261 250 31
261 251 32
261 251 33
260 251 34
260 251 35
260 251 36
260 251 37
260 251 38
260 252 39
260 252 40
260 252 41
260 252 42
261 251 43
260 251 44
260 251 45
260 252 46
260 253 47
260 254 48
261 253 49
262 254 50
261 255 51
261 254 52
260 254 53
261 254 54
261 254 55
260 254 56
261 254 57
261 254 58
261 254 59
261 255 60
261 256 61
261 256 62
261 255 63
261 255 64
260 256 65
260 256 66
260 256 67
260 256 68
260 256 69
260 256 70
260 256 71
260 256 72
260 256 73
259 256 74
259 256 75
258 256 76
258 256 77
258 256 78
258 257 79
258 257 80
257 257 81
256 257 82
255 257 83
254 257 84
253 258 85
253 258 86
252 258 87
252 258 88
251 258 89
251 257 90
252 256 90
53
260 250 24
260 250 25
260 250 26
260 250 27
260 250 28
260 250 29
260 250 30
261 250 31
261 251 32
261 251 33
260 251 34
260 251 35
260 251 36
260 251 37
260 251 38
260 252 39
260 252 40
260 252 41
260 252 42
261 251 43
260 251 44
260 251 45
260 252 46
260 253 47
260 254 48
261 253 49
262 254 50
261 255 51
261 254 52
260 254 53
261 254 54
261 254 55
260 254 56
261 254 57
261 254 58
261 254 59
261 255 60
261 256 61
261 256 62
261 255 63
261 255 64
260 256 65
260 256 66
260 256 67
260 256 68
260 256 69
260 256 70
260 256 71
260 256 72
261 256 73
262 255 74
263 254 75
264 255 76
44
260 250 24
260 250 25
260 250 26
260 250 27
260 250 28
260 250 29
260 250 30
261 250 31
261 251 32
261 251 33
260 251 34
260 251 35
260 251 36
260 251 37
260 251 38
260 252 39
260 252 40
260 252 41
260 252 42
261 251 43
260 251 44
260 251 45
260 252 46
260 253 47
260 254 48
261 253 49
262 254 50
261 255 51
261 254 52
260 254 53
261 254 54
261 254 55
260 254 56
261 254 57
261 254 58
261 254 59
261 255 60
261 256 61
262 257 61
263 258 61
264 258 62
264 258 63
264 259 64
265 260 65
44
260 250 24
260 250 25
260 250 26
260 250 27
260 250 28
260 250 29
260 250 30
261 250 31
261 251 32
261 251 33
260 251 34
260 251 35
260 251 36
260 251 37
260 251 38
260 252 39
260 252 40
260 252 41
260 252 42
261 251 43
260 251 44
260 251 45
260 252 46
260 253 47
260 254 48
261 253 49
262 254 50
261 255 51
261 254 52
260 254 53
261 254 54
261 254 55
260 254 56
261 254 57
261 254 58
261 254 59
261 255 60
261 256 61
261 256 62
261 255 63
261 255 64
262 255 65
263 255 65
264 255 65
43
260 250 24
260 250 25
260 250 26
260 250 27
260 250 28
260 250 29
260 250 30
261 250 31
261 251 32
261 251 33
260 251 34
260 251 35
260 251 36
260 251 37
260 251 38
260 252 39
260 252 40
260 252 41
260 252 42
261 251 43
260 251 44
260 251 45
260 252 46
260 253 47
260 254 48
261 253 49
262 254 50
261 255 51
261 254 52
260 254 53
261 254 54
261 254 55
260 254 56
261 254 57
261 254 58
261 254 59
261 255 60
261 256 61
262 257 61
263 258 61
264 258 62
265 257 63
265 256 64
30
260 250 24
260 250 25
260 250 26
260 250 27
260 250 28
260 250 29
260 250 30
261 250 31
261 251 32
261 251 33
260 251 34
260 251 35
260 251 36
260 251 37
260 251 38
260 252 39
260 252 40
260 252 41
260 252 42
261 253 43
261 254 44
261 255 45
262 256 45
262 257 44
262 258 45
262 258 46
262 258 47
262 259 48
262 259 49
262 258 50
