54
301
266 271 27
266 271 28
266 271 29
266 271 30
266 271 31
266 271 32
266 271 33
266 271 34
266 271 35
266 271 36
266 271 37
266 271 38
266 271 39
266 271 40
266 270 41
266 270 42
266 270 43
266 270 44
266 270 45
266 270 46
265 270 47
265 270 48
265 270 49
265 270 50
265 270 51
265 270 52
265 270 53
265 270 54
265 270 55
265 270 56
265 270 57
265 270 58
265 270 59
265 269 60
265 269 61
265 269 62
265 269 63
265 269 64
266 269 65
267 269 66
267 269 67
267 269 68
267 269 69
267 269 70
267 269 71
267 269 72
267 269 73
267 269 74
267 269 75
267 269 76
267 269 77
267 268 78
268 269 79
268 269 80
268 269 81
268 269 82
268 268 83
268 268 84
268 268 85
268 268 86
269 267 87
269 268 88
269 269 89
268 269 90
268 269 91
267 269 92
267 269 93
267 269 94
267 268 95
267 269 96
267 269 97
267 268 98
267 268 99
268 267 100
268 268 101
268 268 102
268 268 103
267 268 104
267 268 105
266 268 106
266 269 107
266 269 108
266 269 109
266 269 110
266 269 111
267 269 112
267 269 113
266 269 114
266 269 115
266 269 116
266 269 117
266 268 118
266 268 119
266 268 120
266 268 121
266 267 122
266 267 123
266 267 124
266 267 125
265 267 126
265 267 127
265 267 128
265 267 129
265 267 130
265 267 131
265 267 132
265 267 133
265 267 134
264 267 135
264 267 136
265 266 137
265 266 138
266 266 139
266 266 140
266 266 141
266 266 142
266 266 143
266 266 144
267 266 145
267 266 146
267 266 147
267 266 148
266 267 149
267 266 150
267 267 151
268 266 152
268 265 153
267 264 154
267 265 155
267 266 156
267 265 157
268 266 158
268 266 159
268 266 160
268 266 161
268 265 162
268 266 163
268 266 164
268 266 165
268 266 166
268 266 167
268 265 168
268 265 169
268 265 170
268 265 171
268 265 172
268 265 173
269 265 174
270 265 175
271 265 176
272 265 177
273 264 178
273 264 179
274 264 180
274 264 181
274 264 182
275 264 183
275 264 184
276 265 185
277 264 186
277 264 187
278 264 188
279 264 189
279 263 190
280 262 191
281 262 192
281 262 193
282 261 194
282 261 195
283 261 196
283 260 197
284 261 198
284 260 199
284 260 200
285 260 201
285 259 202
285 259 203
286 260 204
286 259 205
286 258 206
287 258 207
287 258 208
287 258 209
288 258 210
288 257 211
289 258 212
289 258 213
289 258 214
290 258 215
290 257 216
291 258 217
291 258 218
290 257 219
291 256 220
292 257 221
292 256 222
292 257 223
292 256 224
292 256 225
293 256 226
293 255 227
294 255 228
295 255 229
296 255 230
297 255 231
298 254 232
299 254 233
299 254 234
300 254 235
300 254 236
301 254 237
302 254 238
303 254 239
304 254 240
305 254 241
306 254 242
307 254 243
307 254 244
308 253 245
309 253 246
310 253 247
311 253 248
312 253 249
313 253 250
314 252 250
314 251 251
315 251 252
315 251 253
316 251 254
317 250 255
317 250 256
318 250 257
318 250 258
319 250 259
320 249 260
320 249 261
321 249 262
322 248 263
323 248 264
324 247 264
325 247 265
326 247 265
327 247 266
328 247 266
329 247 267
330 248 268
331 247 268
332 247 268
333 247 269
334 246 269
335 247 270
336 247 271
337 247 271
338 247 272
339 247 272
340 247 273
341 247 274
342 246 274
343 247 275
344 247 275
345 247 276
346 247 277
347 247 277
348 247 277
349 247 278
350 247 278
351 247 279
352 246 279
353 246 280
354 246 280
355 247 281
356 246 281
357 246 282
358 245 282
359 246 283
360 245 283
361 245 283
362 245 284
363 245 285
364 245 286
365 245 287
366 245 288
367 245 289
368 244 290
369 244 291
370 244 291
371 244 292
372 244 293
373 244 294
373 244 295
374 244 296
375 244 297
375 244 298
375 244 299
376 244 300
376 244 301
377 244 302
377 244 303
377 244 304
378 244 305
379 245 306
266
266 271 27
266 271 28
266 271 29
266 271 30
266 271 31
266 271 32
266 271 33
266 271 34
266 271 35
266 271 36
266 271 37
266 271 38
266 271 39
266 271 40
266 270 41
266 270 42
266 270 43
266 270 44
266 270 45
266 270 46
265 270 47
265 270 48
265 270 49
265 270 50
265 270 51
265 270 52
265 270 53
265 270 54
265 270 55
265 270 56
265 270 57
265 270 58
265 270 59
265 269 60
265 269 61
265 269 62
265 269 63
265 269 64
266 269 65
267 269 66
267 269 67
267 269 68
267 269 69
267 269 70
267 269 71
267 269 72
267 269 73
267 269 74
267 269 75
267 269 76
267 269 77
267 268 78
268 269 79
268 269 80
268 269 81
268 269 82
268 268 83
268 268 84
268 268 85
268 268 86
269 267 87
269 268 88
269 269 89
268 269 90
268 269 91
267 269 92
267 269 93
267 269 94
267 268 95
267 269 96
267 269 97
267 268 98
267 268 99
268 267 100
268 268 101
268 268 102
268 268 103
267 268 104
267 268 105
266 268 106
266 269 107
266 269 108
266 269 109
266 269 110
266 269 111
267 269 112
267 269 113
266 269 114
266 269 115
266 269 116
266 269 117
266 268 118
266 268 119
266 268 120
266 268 121
266 267 122
266 267 123
266 267 124
266 267 125
265 267 126
265 267 127
265 267 128
265 267 129
265 267 130
265 267 131
265 267 132
265 267 133
265 267 134
264 267 135
264 267 136
265 266 137
265 266 138
266 266 139
266 266 140
266 266 141
266 266 142
266 266 143
266 266 144
267 266 145
267 266 146
267 266 147
267 266 148
266 267 149
267 266 150
267 267 151
268 266 152
268 265 153
267 264 154
267 265 155
267 266 156
267 265 157
268 266 158
268 266 159
268 266 160
268 266 161
268 265 162
268 266 163
268 266 164
268 266 165
268 266 166
268 266 167
268 265 168
268 265 169
268 265 170
268 265 171
268 265 172
268 265 173
269 265 174
268 266 175
267 266 176
267 266 177
266 266 178
266 265 179
265 265 180
265 264 181
264 264 182
264 264 183
264 264 184
264 263 185
264 263 186
264 263 187
263 263 188
263 263 189
263 262 190
263 262 191
263 262 192
263 262 193
262 262 194
262 262 195
262 262 196
262 261 197
262 261 198
261 261 199
261 261 200
261 260 201
261 260 202
261 260 203
261 260 204
260 261 205
260 260 206
261 259 206
261 258 207
261 258 208
260 258 209
259 259 210
260 258 211
259 258 212
259 258 213
258 258 214
258 258 215
258 257 216
258 257 217
258 256 218
258 256 219
258 256 220
257 256 221
257 256 222
257 256 223
257 255 224
256 255 225
256 255 226
256 254 227
256 254 228
255 254 229
255 254 230
255 253 231
254 254 232
254 253 233
254 253 234
253 253 235
253 253 236
253 252 237
253 251 238
252 252 239
252 251 240
252 251 241
252 251 242
251 251 243
251 251 244
251 250 245
251 250 246
250 250 247
250 250 248
250 249 249
250 249 250
249 249 251
249 249 252
249 249 253
248 248 254
248 248 255
248 248 256
248 248 257
247 248 258
247 247 259
247 247 260
247 247 261
246 246 262
246 246 263
246 246 264
245 246 265
245 246 266
245 245 267
245 245 268
244 245 269
244 245 270
244 245 271
244 245 272
243 244 273
243 244 274
243 244 275
242 244 276
242 244 277
242 243 278
241 243 279
241 243 280
241 243 281
241 242 282
240 242 283
240 242 284
240 242 285
240 241 286
240 241 287
240 241 288
239 241 289
239 241 290
239 241 291
222
266 271 27
266 271 28
266 271 29
266 271 30
266 271 31
266 271 32
266 271 33
266 271 34
266 271 35
266 271 36
266 271 37
266 271 38
266 271 39
266 271 40
266 270 41
266 270 42
266 270 43
266 270 44
266 270 45
266 270 46
265 270 47
265 270 48
265 270 49
265 270 50
265 270 51
265 270 52
265 270 53
265 270 54
265 270 55
265 270 56
265 270 57
265 270 58
265 270 59
265 269 60
265 269 61
265 269 62
265 269 63
265 269 64
266 269 65
267 269 66
267 269 67
267 269 68
267 269 69
267 269 70
267 269 71
267 269 72
267 269 73
267 269 74
267 269 75
267 269 76
267 269 77
267 268 78
268 269 79
268 269 80
268 269 81
268 269 82
268 268 83
268 268 84
268 268 85
268 268 86
269 267 87
269 268 88
269 269 89
268 269 90
268 269 91
267 269 92
267 269 93
267 269 94
267 268 95
267 269 96
267 269 97
267 268 98
267 268 99
268 267 100
268 268 101
268 268 102
268 268 103
267 268 104
267 268 105
266 268 106
266 269 107
266 269 108
266 269 109
266 269 110
266 269 111
267 269 112
267 269 113
266 269 114
266 269 115
266 269 116
266 269 117
266 268 118
266 268 119
266 268 120
266 268 121
266 267 122
266 267 123
266 267 124
266 267 125
265 267 126
265 267 127
265 267 128
265 267 129
265 267 130
265 267 131
265 267 132
265 267 133
265 267 134
264 267 135
263 266 136
262 267 137
261 267 138
260 267 139
259 267 140
259 267 141
259 267 142
259 267 143
258 266 144
258 266 145
258 267 146
258 266 147
257 266 148
257 266 149
256 266 150
256 266 151
256 266 152
256 266 153
255 266 154
255 266 155
255 266 156
255 266 157
254 266 158
254 266 159
254 266 160
253 266 161
253 266 162
253 265 163
252 265 164
252 265 165
251 265 166
250 264 167
250 265 168
250 265 169
249 265 170
249 265 171
249 265 172
249 265 173
249 264 174
249 264 175
248 264 176
247 265 177
247 264 178
246 264 179
245 263 180
244 264 181
243 264 182
243 264 183
242 264 184
241 265 185
240 265 186
240 265 187
239 265 188
239 265 189
239 265 190
239 265 191
238 264 192
237 264 193
237 264 194
237 264 195
236 264 196
235 264 197
234 263 198
234 264 199
234 264 200
233 263 201
233 263 202
232 263 203
231 263 204
231 263 205
230 263 206
230 263 207
230 263 208
229 263 209
228 262 210
227 262 211
227 262 212
226 262 213
225 261 214
224 261 215
223 261 216
222 261 217
222 261 218
221 261 219
221 262 220
220 261 221
219 261 222
218 261 223
218 261 224
218 262 225
217 261 226
216 261 227
215 261 228
214 260 229
214 261 230
213 260 231
212 260 232
212 260 233
211 260 234
211 260 235
210 260 236
210 260 237
209 260 238
208 259 239
207 259 240
207 259 241
206 259 242
206 259 243
205 260 244
204 259 245
203 259 246
202 259 247
202 259 248
210
266 271 27
266 271 28
266 271 29
266 271 30
266 271 31
266 271 32
266 271 33
266 271 34
266 271 35
266 271 36
266 271 37
266 271 38
266 271 39
266 271 40
266 270 41
266 270 42
266 270 43
266 270 44
266 270 45
266 270 46
265 270 47
265 270 48
265 270 49
265 270 50
265 270 51
265 270 52
265 270 53
265 270 54
265 270 55
265 270 56
265 270 57
265 270 58
265 270 59
265 269 60
265 269 61
265 269 62
265 269 63
265 269 64
266 269 65
267 269 66
267 269 67
267 269 68
267 269 69
267 269 70
267 269 71
267 269 72
267 269 73
267 269 74
267 269 75
267 269 76
267 269 77
267 268 78
268 269 79
268 269 80
268 269 81
268 269 82
268 268 83
268 268 84
268 268 85
268 268 86
269 267 87
269 268 88
269 269 89
268 269 90
268 269 91
267 269 92
267 269 93
267 269 94
267 268 95
267 269 96
267 269 97
267 268 98
267 268 99
268 267 100
268 268 101
268 268 102
268 268 103
267 268 104
267 268 105
266 268 106
266 269 107
266 269 108
266 269 109
266 269 110
266 269 111
267 269 112
267 269 113
266 269 114
266 269 115
266 269 116
266 269 117
266 268 118
266 268 119
266 268 120
266 268 121
266 267 122
266 267 123
266 267 124
266 267 125
265 267 126
265 267 127
265 267 128
265 267 129
265 267 130
265 267 131
265 267 132
265 267 133
265 267 134
264 267 135
264 267 136
265 266 137
265 266 138
266 266 139
266 266 140
266 266 141
266 266 142
266 266 143
266 266 144
267 266 145
267 266 146
267 266 147
267 266 148
266 267 149
267 266 150
267 267 151
268 266 152
268 265 153
267 264 154
267 265 155
267 266 156
267 265 157
268 266 158
268 266 159
268 266 160
268 266 161
268 265 162
268 266 163
268 266 164
268 266 165
268 266 166
268 266 167
268 265 168
268 265 169
268 265 170
268 265 171
268 265 172
268 265 173
269 265 174
270 265 175
271 265 176
272 265 177
273 264 178
273 264 179
274 264 180
274 264 181
274 264 182
275 264 183
275 264 184
276 265 185
277 264 186
277 264 187
278 264 188
279 264 189
279 263 190
280 262 191
281 262 192
281 262 193
282 261 194
282 261 195
283 261 196
283 260 197
284 261 198
284 260 199
284 260 200
285 260 201
285 259 202
285 259 203
286 260 204
286 259 205
286 258 206
287 258 207
287 258 208
287 258 209
288 258 210
288 257 211
289 258 212
289 258 213
289 258 214
290 258 215
290 257 216
291 258 217
291 258 218
290 257 219
291 256 220
292 257 221
292 256 222
292 257 223
292 256 224
292 256 225
293 256 226
293 255 227
294 255 228
295 255 229
296 255 230
297 256 231
297 257 230
298 258 231
298 259 230
299 260 230
298 261 229
210
266 271 27
266 271 28
266 271 29
266 271 30
266 271 31
266 271 32
266 271 33
266 271 34
266 271 35
266 271 36
266 271 37
266 271 38
266 271 39
266 271 40
266 270 41
266 270 42
266 270 43
266 270 44
266 270 45
266 270 46
265 270 47
265 270 48
265 270 49
265 270 50
265 270 51
265 270 52
265 270 53
265 270 54
265 270 55
265 270 56
265 270 57
265 270 58
265 270 59
265 269 60
265 269 61
265 269 62
265 269 63
265 269 64
266 269 65
267 269 66
267 269 67
267 269 68
267 269 69
267 269 70
267 269 71
267 269 72
267 269 73
267 269 74
267 269 75
267 269 76
267 269 77
267 268 78
268 269 79
268 269 80
268 269 81
268 269 82
268 268 83
268 268 84
268 268 85
268 268 86
269 267 87
269 268 88
269 269 89
268 269 90
268 269 91
267 269 92
267 269 93
267 269 94
267 268 95
267 269 96
267 269 97
267 268 98
267 268 99
268 267 100
268 268 101
268 268 102
268 268 103
267 268 104
267 268 105
266 268 106
266 269 107
266 269 108
266 269 109
266 269 110
266 269 111
267 269 112
267 269 113
266 269 114
266 269 115
266 269 116
266 269 117
266 268 118
266 268 119
266 268 120
266 268 121
266 267 122
266 267 123
266 267 124
266 267 125
265 267 126
265 267 127
265 267 128
265 267 129
265 267 130
265 267 131
265 267 132
265 267 133
265 267 134
264 267 135
264 267 136
265 266 137
265 266 138
266 266 139
266 266 140
266 266 141
266 266 142
266 266 143
266 266 144
267 266 145
267 266 146
267 266 147
267 266 148
266 267 149
267 266 150
267 267 151
268 266 152
268 265 153
267 264 154
267 265 155
267 266 156
267 265 157
268 266 158
268 266 159
268 266 160
268 266 161
268 265 162
268 266 163
268 266 164
268 266 165
268 266 166
268 266 167
268 265 168
268 265 169
268 265 170
268 265 171
268 265 172
268 265 173
269 265 174
270 265 175
271 265 176
272 265 177
273 264 178
273 264 179
274 264 180
274 264 181
274 264 182
275 264 183
275 264 184
276 265 185
277 264 186
277 264 187
278 264 188
279 264 189
279 263 190
280 262 191
281 262 192
281 262 193
282 261 194
282 261 195
283 261 196
283 260 197
284 261 198
284 260 199
284 260 200
285 260 201
285 259 202
285 259 203
286 260 204
286 259 205
286 258 206
287 258 207
287 258 208
287 258 209
288 258 210
288 257 211
289 258 212
289 258 213
289 258 214
290 258 215
290 257 216
291 258 217
292 259 218
293 260 218
294 261 217
295 262 217
295 263 217
294 264 218
294 264 219
295 264 220
295 264 221
296 265 222
297 265 223
297 265 224
298 265 225
298 265 226
299 265 227
299 265 228
300 264 229
299 263 229
299 262 229
196
266 271 27
266 271 28
266 271 29
266 271 30
266 271 31
266 271 32
266 271 33
266 271 34
266 271 35
266 271 36
266 271 37
266 271 38
266 271 39
266 271 40
266 270 41
266 270 42
266 270 43
266 270 44
266 270 45
266 270 46
265 270 47
265 270 48
265 270 49
265 270 50
265 270 51
265 270 52
265 270 53
265 270 54
265 270 55
265 270 56
265 270 57
265 270 58
265 270 59
265 269 60
265 269 61
265 269 62
265 269 63
265 269 64
266 269 65
267 269 66
267 269 67
267 269 68
267 269 69
267 269 70
267 269 71
267 269 72
267 269 73
267 269 74
267 269 75
267 269 76
267 269 77
267 268 78
268 269 79
268 269 80
268 269 81
268 269 82
268 268 83
268 268 84
268 268 85
268 268 86
269 267 87
269 268 88
269 269 89
268 269 90
268 269 91
267 269 92
267 269 93
267 269 94
267 268 95
267 269 96
267 269 97
267 268 98
267 268 99
268 267 100
268 268 101
268 268 102
268 268 103
267 268 104
267 268 105
266 268 106
266 269 107
266 269 108
266 269 109
266 269 110
266 269 111
267 269 112
267 269 113
266 269 114
266 269 115
266 269 116
266 269 117
266 268 118
266 268 119
266 268 120
266 268 121
266 267 122
266 267 123
266 267 124
266 267 125
265 267 126
265 267 127
265 267 128
265 267 129
265 267 130
265 267 131
265 267 132
265 267 133
265 267 134
264 267 135
264 267 136
265 266 137
265 266 138
266 266 139
266 266 140
266 266 141
266 266 142
266 266 143
266 266 144
267 266 145
267 266 146
267 266 147
267 266 148
266 267 149
267 266 150
267 267 151
268 266 152
268 265 153
267 264 154
267 265 155
267 266 156
267 265 157
268 266 158
268 266 159
268 266 160
268 266 161
268 265 162
268 266 163
268 266 164
268 266 165
268 266 166
268 266 167
268 265 168
268 265 169
268 265 170
268 265 171
268 265 172
268 265 173
269 265 174
270 265 175
271 265 176
272 265 177
273 264 178
273 264 179
274 264 180
274 264 181
274 264 182
275 264 183
275 264 184
276 265 185
277 264 186
277 264 187
278 264 188
279 264 189
279 263 190
280 262 191
281 262 192
281 262 193
282 261 194
282 261 195
283 261 196
283 260 197
284 261 198
284 260 199
284 260 200
285 260 201
285 259 202
285 259 203
286 260 204
286 259 205
286 258 206
287 258 207
287 258 208
287 258 209
288 258 210
288 257 211
289 258 212
289 258 213
289 258 214
290 258 215
291 259 215
292 260 215
293 261 215
294 262 215
293 263 214
292 264 214
291 264 213
183
266 271 27
266 271 28
266 271 29
266 271 30
266 271 31
266 271 32
266 271 33
266 271 34
266 271 35
266 271 36
266 271 37
266 271 38
266 271 39
266 271 40
266 270 41
266 270 42
266 270 43
266 270 44
266 270 45
266 270 46
265 270 47
265 270 48
265 270 49
265 270 50
265 270 51
265 270 52
265 270 53
265 270 54
265 270 55
265 270 56
265 270 57
265 270 58
265 270 59
265 269 60
265 269 61
265 269 62
265 269 63
265 269 64
266 269 65
267 269 66
267 269 67
267 269 68
267 269 69
267 269 70
267 269 71
267 269 72
267 269 73
267 269 74
267 269 75
267 269 76
267 269 77
267 268 78
268 269 79
268 269 80
268 269 81
268 269 82
268 268 83
268 268 84
268 268 85
268 268 86
269 267 87
269 268 88
269 269 89
268 269 90
268 269 91
267 269 92
267 269 93
267 269 94
267 268 95
267 269 96
267 269 97
267 268 98
267 268 99
268 267 100
268 268 101
268 268 102
268 268 103
267 268 104
267 268 105
266 268 106
266 269 107
266 269 108
266 269 109
266 269 110
266 269 111
267 269 112
267 269 113
266 269 114
266 269 115
266 269 116
266 269 117
266 268 118
266 268 119
266 268 120
266 268 121
266 267 122
266 267 123
266 267 124
266 267 125
265 267 126
265 267 127
265 267 128
265 267 129
265 267 130
265 267 131
265 267 132
265 267 133
265 267 134
264 267 135
264 267 136
265 266 137
265 266 138
266 266 139
266 266 140
266 266 141
266 266 142
266 266 143
266 266 144
267 266 145
267 266 146
267 266 147
267 266 148
266 267 149
267 266 150
267 267 151
268 266 152
268 265 153
267 264 154
267 265 155
267 266 156
267 265 157
268 266 158
268 266 159
268 266 160
268 266 161
268 265 162
268 266 163
268 266 164
268 266 165
268 266 166
268 266 167
268 265 168
268 265 169
268 265 170
268 265 171
268 265 172
268 265 173
269 265 174
268 266 175
267 266 176
267 266 177
266 266 178
266 265 179
265 265 180
265 264 181
264 264 182
264 264 183
264 264 184
264 263 185
264 263 186
264 263 187
263 263 188
263 263 189
263 262 190
263 262 191
263 262 192
263 262 193
262 262 194
262 262 195
262 262 196
262 261 197
262 261 198
261 261 199
261 261 200
261 260 201
261 260 202
261 260 203
261 260 204
260 261 205
260 260 206
261 259 206
261 258 207
262 258 208
183
266 271 27
266 271 28
266 271 29
266 271 30
266 271 31
266 271 32
266 271 33
266 271 34
266 271 35
266 271 36
266 271 37
266 271 38
266 271 39
266 271 40
266 270 41
266 270 42
266 270 43
266 270 44
266 270 45
266 270 46
265 270 47
265 270 48
265 270 49
265 270 50
265 270 51
265 270 52
265 270 53
265 270 54
265 270 55
265 270 56
265 270 57
265 270 58
265 270 59
265 269 60
265 269 61
265 269 62
265 269 63
265 269 64
266 269 65
267 269 66
267 269 67
267 269 68
267 269 69
267 269 70
267 269 71
267 269 72
267 269 73
267 269 74
267 269 75
267 269 76
267 269 77
267 268 78
268 269 79
268 269 80
268 269 81
268 269 82
268 268 83
268 268 84
268 268 85
268 268 86
269 267 87
269 268 88
269 269 89
268 269 90
268 269 91
267 269 92
267 269 93
267 269 94
267 268 95
267 269 96
267 269 97
267 268 98
267 268 99
268 267 100
268 268 101
268 268 102
268 268 103
267 268 104
267 268 105
266 268 106
266 269 107
266 269 108
266 269 109
266 269 110
266 269 111
267 269 112
267 269 113
266 269 114
266 269 115
266 269 116
266 269 117
266 268 118
266 268 119
266 268 120
266 268 121
266 267 122
266 267 123
266 267 124
266 267 125
265 267 126
265 267 127
265 267 128
265 267 129
265 267 130
265 267 131
265 267 132
265 267 133
265 267 134
264 267 135
264 267 136
265 266 137
265 266 138
266 266 139
266 266 140
266 266 141
266 266 142
266 266 143
266 266 144
267 266 145
267 266 146
267 266 147
267 266 148
266 267 149
267 266 150
267 267 151
268 266 152
268 265 153
267 264 154
267 265 155
267 266 156
267 265 157
268 266 158
268 266 159
268 266 160
268 266 161
268 265 162
268 266 163
268 266 164
268 266 165
268 266 166
268 266 167
268 265 168
268 265 169
268 265 170
268 265 171
268 265 172
268 265 173
269 265 174
268 266 175
267 266 176
267 266 177
266 266 178
266 265 179
265 265 180
265 264 181
264 264 182
264 264 183
264 264 184
264 263 185
264 263 186
264 263 187
263 263 188
263 263 189
263 262 190
263 262 191
263 262 192
263 262 193
262 262 194
262 262 195
262 262 196
262 261 197
262 261 198
261 261 199
261 261 200
261 260 201
261 260 202
261 260 203
261 260 204
260 261 205
259 262 205
259 263 205
259 264 205
259 265 206
179
266 271 27
266 271 28
266 271 29
266 271 30
266 271 31
266 271 32
266 271 33
266 271 34
266 271 35
266 271 36
266 271 37
266 271 38
266 271 39
266 271 40
266 270 41
266 270 42
266 270 43
266 270 44
266 270 45
266 270 46
265 270 47
265 270 48
265 270 49
265 270 50
265 270 51
265 270 52
265 270 53
265 270 54
265 270 55
265 270 56
265 270 57
265 270 58
265 270 59
265 269 60
265 269 61
265 269 62
265 269 63
265 269 64
266 269 65
267 269 66
267 269 67
267 269 68
267 269 69
267 269 70
267 269 71
267 269 72
267 269 73
267 269 74
267 269 75
267 269 76
267 269 77
267 268 78
268 269 79
268 269 80
268 269 81
268 269 82
268 268 83
268 268 84
268 268 85
268 268 86
269 267 87
269 268 88
270 268 89
271 269 90
272 269 91
273 268 92
274 269 93
275 268 94
275 269 95
276 270 96
276 269 97
277 269 98
277 270 99
278 269 100
278 269 101
279 268 102
279 269 103
280 269 104
281 268 105
281 267 106
282 267 107
282 267 108
283 267 109
283 268 110
282 268 111
283 269 112
284 269 113
285 269 114
286 269 115
287 270 114
288 269 115
289 269 116
290 270 117
291 270 118
292 270 119
293 270 119
294 270 120
294 270 121
295 270 122
295 270 123
296 270 124
297 270 125
298 270 126
299 270 127
300 271 128
301 272 129
302 271 130
303 271 131
304 272 132
305 272 133
306 272 134
307 272 134
308 273 135
309 273 136
310 273 136
311 273 137
312 273 138
313 273 139
314 273 140
315 272 141
316 272 142
317 273 143
318 273 144
319 273 145
320 273 146
321 274 147
322 274 147
323 274 147
324 274 147
325 273 148
326 273 149
327 273 149
328 274 149
329 274 149
330 274 150
331 274 150
332 274 150
333 274 150
334 274 150
335 274 151
336 275 151
337 274 152
338 274 152
339 274 152
340 275 152
341 275 153
342 274 153
343 274 153
344 274 153
345 274 153
346 274 153
347 274 153
348 273 154
349 273 154
350 273 154
351 273 154
352 273 154
353 273 154
354 273 154
355 273 154
356 273 154
357 273 154
358 273 154
359 273 154
360 273 154
361 273 154
362 272 154
363 272 154
364 272 155
365 273 155
366 273 155
367 273 155
368 273 155
369 273 155
370 273 155
371 272 155
372 272 155
373 272 155
374 272 155
176
266 271 27
266 271 28
266 271 29
266 271 30
266 271 31
266 271 32
266 271 33
266 271 34
266 271 35
266 271 36
266 271 37
266 271 38
266 271 39
266 271 40
266 270 41
266 270 42
266 270 43
266 270 44
266 270 45
266 270 46
265 270 47
265 270 48
265 270 49
265 270 50
265 270 51
265 270 52
265 270 53
265 270 54
265 270 55
265 270 56
265 270 57
265 270 58
265 270 59
265 269 60
265 269 61
265 269 62
265 269 63
264 269 64
263 269 65
262 269 66
261 269 67
261 269 68
261 269 69
261 269 70
262 269 71
261 269 72
261 269 73
261 269 74
261 269 75
261 269 76
261 268 77
260 269 78
260 269 79
260 268 80
259 268 81
258 268 82
258 268 83
258 267 84
257 267 85
257 266 86
256 266 87
256 266 88
255 266 89
255 265 90
255 265 91
255 264 92
254 264 93
254 263 94
254 263 95
253 263 96
253 262 97
253 262 98
252 262 99
252 261 100
252 260 101
251 260 102
251 260 103
251 259 104
251 258 105
250 258 106
250 257 107
249 256 108
249 255 109
248 254 110
247 254 111
247 253 112
246 253 113
246 252 114
245 252 115
245 251 116
245 251 117
244 250 118
243 249 119
243 248 120
242 247 120
241 246 121
241 245 122
240 244 123
239 243 124
238 243 124
237 242 125
237 241 126
237 240 127
236 240 128
236 239 129
236 238 130
235 237 131
234 237 132
233 237 133
233 236 134
233 235 134
232 234 135
231 233 135
231 232 136
230 231 136
229 230 137
228 229 137
228 228 138
227 227 138
226 226 138
226 225 139
225 224 139
224 224 139
223 223 140
223 222 140
222 221 141
222 220 141
222 219 142
221 218 143
220 217 144
219 216 145
218 215 146
218 214 145
218 213 146
218 212 146
218 211 146
217 210 146
217 209 147
216 208 147
215 207 148
214 206 148
213 205 148
212 204 148
211 203 148
211 202 148
210 201 147
209 200 147
208 199 148
207 198 147
206 198 147
205 197 147
204 196 147
204 195 148
204 194 148
203 193 148
203 192 149
203 191 148
202 190 148
203 189 148
202 188 148
202 187 148
201 186 148
200 185 147
199 184 147
199 183 147
200 182 147
199 181 146
198 180 145
198 179 144
197 178 144
198 177 143
197 176 142
196 175 141
195 174 140
195 173 139
194 172 138
174
266 271 27
266 271 28
266 271 29
266 271 30
266 271 31
266 271 32
266 271 33
266 271 34
266 271 35
266 271 36
266 271 37
266 271 38
266 271 39
266 271 40
266 270 41
266 270 42
266 270 43
266 270 44
266 270 45
266 270 46
265 270 47
265 270 48
265 270 49
265 270 50
265 270 51
265 270 52
265 270 53
265 270 54
265 270 55
265 270 56
265 270 57
265 270 58
265 270 59
265 269 60
265 269 61
265 269 62
265 269 63
264 269 64
263 269 65
262 269 66
261 269 67
261 269 68
261 269 69
261 269 70
262 269 71
261 269 72
261 269 73
261 269 74
261 269 75
261 269 76
261 268 77
260 269 78
260 269 79
260 268 80
259 268 81
258 268 82
258 268 83
258 267 84
257 267 85
257 266 86
256 266 87
256 266 88
255 266 89
255 265 90
255 265 91
255 264 92
254 264 93
254 263 94
254 263 95
253 263 96
253 262 97
253 262 98
252 262 99
252 261 100
252 260 101
251 260 102
251 260 103
251 259 104
251 258 105
250 258 106
250 257 107
249 256 108
249 255 109
248 254 110
247 254 111
247 253 112
246 253 113
246 252 114
245 252 115
245 251 116
245 251 117
244 250 118
243 249 119
243 248 120
242 247 120
241 246 121
241 245 122
240 244 123
239 243 124
238 243 124
237 242 125
237 241 126
237 240 127
236 240 128
236 239 129
236 238 130
235 237 131
234 237 132
233 237 133
233 236 134
233 235 134
232 234 135
231 233 135
231 232 136
230 231 136
229 230 137
228 229 137
228 228 138
227 227 138
226 226 138
226 225 139
225 224 139
224 224 139
223 223 140
223 222 140
222 221 141
222 220 141
222 219 142
221 218 143
220 217 144
219 216 145
218 215 146
218 214 145
218 213 146
218 212 146
218 211 146
217 210 146
217 209 147
216 208 147
215 207 148
214 206 148
213 205 148
212 204 148
211 203 148
211 202 148
210 201 147
209 200 147
208 199 148
207 198 147
206 198 147
205 197 147
204 196 147
204 195 148
204 194 148
203 193 148
203 192 149
203 191 148
202 190 148
203 189 148
202 188 148
202 187 148
201 186 148
200 185 147
199 184 147
199 183 147
200 182 147
199 181 146
198 180 145
198 179 144
197 178 144
198 177 143
199 176 143
199 175 143
200 174 143
171
266 271 27
266 271 28
266 271 29
266 271 30
266 271 31
266 271 32
266 271 33
266 271 34
266 271 35
266 271 36
266 271 37
266 271 38
266 271 39
266 271 40
266 270 41
266 270 42
266 270 43
266 270 44
266 270 45
266 270 46
265 270 47
265 270 48
265 270 49
265 270 50
265 270 51
265 270 52
265 270 53
265 270 54
265 270 55
265 270 56
265 270 57
265 270 58
265 270 59
265 269 60
265 269 61
265 269 62
265 269 63
264 269 64
263 269 65
262 269 66
261 269 67
261 269 68
261 269 69
261 269 70
262 269 71
261 269 72
261 269 73
261 269 74
261 269 75
261 269 76
261 268 77
260 269 78
260 269 79
260 268 80
259 268 81
258 268 82
258 268 83
258 267 84
257 267 85
257 266 86
256 266 87
256 266 88
255 266 89
255 265 90
255 265 91
255 264 92
254 264 93
254 263 94
254 263 95
253 263 96
253 262 97
253 262 98
252 262 99
252 261 100
252 260 101
251 260 102
251 260 103
251 259 104
251 258 105
250 258 106
250 257 107
249 256 108
249 255 109
248 254 110
247 254 111
247 253 112
246 253 113
246 252 114
245 252 115
245 251 116
245 251 117
244 250 118
243 249 119
243 248 120
242 247 120
241 246 121
241 245 122
240 244 123
239 243 124
238 243 124
237 242 125
237 241 126
237 240 127
236 240 128
236 239 129
236 238 130
235 237 131
234 237 132
233 237 133
233 236 134
233 235 134
232 234 135
231 233 135
231 232 136
230 231 136
229 230 137
228 229 137
228 228 138
227 227 138
226 226 138
226 225 139
225 224 139
224 224 139
223 223 140
223 222 140
222 221 141
222 220 141
222 219 142
221 218 143
220 217 144
219 216 145
218 215 146
218 214 145
218 213 146
218 212 146
218 211 146
217 210 146
217 209 147
216 208 147
215 207 148
214 206 148
213 205 148
212 204 148
211 203 148
211 202 148
210 201 147
209 200 147
208 199 148
207 198 147
206 198 147
205 197 147
204 196 147
204 195 148
204 194 148
203 193 148
203 192 149
203 191 148
202 190 148
203 189 148
202 188 148
202 187 148
201 186 148
200 185 147
199 184 147
199 183 147
200 182 147
200 181 146
201 180 146
202 179 146
202 178 146
203 177 146
167
266 271 27
266 271 28
266 271 29
266 271 30
266 271 31
266 271 32
266 271 33
266 271 34
266 271 35
266 271 36
266 271 37
266 271 38
266 271 39
266 271 40
266 270 41
266 270 42
266 270 43
266 270 44
266 270 45
266 270 46
265 270 47
265 270 48
265 270 49
265 270 50
265 270 51
265 270 52
265 270 53
265 270 54
265 270 55
265 270 56
265 270 57
265 270 58
265 270 59
265 269 60
265 269 61
265 269 62
265 269 63
265 269 64
266 269 65
267 269 66
267 269 67
267 269 68
267 269 69
267 269 70
267 269 71
267 269 72
267 269 73
267 269 74
267 269 75
267 269 76
267 269 77
267 268 78
268 269 79
268 269 80
268 269 81
268 269 82
268 268 83
268 268 84
268 268 85
268 268 86
269 267 87
269 268 88
269 269 89
268 269 90
268 269 91
267 269 92
267 269 93
267 269 94
267 268 95
267 269 96
267 269 97
267 268 98
267 268 99
268 267 100
268 268 101
268 268 102
268 268 103
267 268 104
267 268 105
266 268 106
266 269 107
266 269 108
266 269 109
266 269 110
266 269 111
267 269 112
267 269 113
266 269 114
266 269 115
266 269 116
266 269 117
266 268 118
266 268 119
266 268 120
266 268 121
266 267 122
266 267 123
266 267 124
266 267 125
265 267 126
265 267 127
265 267 128
265 267 129
265 267 130
265 267 131
265 267 132
265 267 133
265 267 134
264 267 135
264 267 136
265 266 137
265 266 138
266 266 139
266 266 140
266 266 141
266 266 142
266 266 143
266 266 144
267 266 145
267 266 146
267 266 147
267 266 148
266 267 149
267 266 150
267 267 151
268 266 152
268 265 153
267 264 154
267 265 155
267 266 156
267 265 157
268 266 158
268 266 159
268 266 160
268 266 161
268 265 162
268 266 163
268 266 164
268 266 165
268 266 166
268 266 167
268 265 168
268 265 169
268 265 170
268 265 171
268 265 172
268 265 173
269 265 174
270 265 175
271 265 176
272 265 177
273 264 178
273 264 179
274 264 180
274 264 181
274 264 182
275 264 183
275 264 184
276 265 185
276 266 185
276 267 185
276 268 185
277 269 186
277 270 187
277 270 188
276 270 189
276 270 190
164
266 271 27
266 271 28
266 271 29
266 271 30
266 271 31
266 271 32
266 271 33
266 271 34
266 271 35
266 271 36
266 271 37
266 271 38
266 271 39
266 271 40
266 270 41
266 270 42
266 270 43
266 270 44
266 270 45
266 270 46
265 270 47
265 270 48
265 270 49
265 270 50
265 270 51
265 270 52
265 270 53
265 270 54
265 270 55
265 270 56
265 270 57
265 270 58
265 270 59
265 269 60
265 269 61
265 269 62
265 269 63
265 269 64
266 269 65
267 269 66
267 269 67
267 269 68
267 269 69
267 269 70
267 269 71
267 269 72
267 269 73
267 269 74
267 269 75
267 269 76
267 269 77
267 268 78
268 269 79
268 269 80
268 269 81
268 269 82
268 268 83
268 268 84
268 268 85
268 268 86
269 267 87
269 268 88
269 269 89
268 269 90
268 269 91
267 269 92
267 269 93
267 269 94
267 268 95
267 269 96
267 269 97
267 268 98
267 268 99
268 267 100
268 268 101
268 268 102
268 268 103
267 268 104
267 268 105
266 268 106
266 269 107
266 269 108
266 269 109
266 269 110
266 269 111
267 269 112
267 269 113
266 269 114
266 269 115
266 269 116
266 269 117
266 268 118
266 268 119
266 268 120
266 268 121
266 267 122
266 267 123
266 267 124
266 267 125
265 267 126
265 267 127
265 267 128
265 267 129
265 267 130
265 267 131
265 267 132
265 267 133
265 267 134
264 267 135
264 267 136
265 266 137
265 266 138
266 266 139
266 266 140
266 266 141
266 266 142
266 266 143
266 266 144
267 266 145
267 266 146
267 266 147
267 266 148
266 267 149
267 266 150
267 267 151
268 266 152
268 265 153
267 264 154
267 265 155
267 266 156
267 265 157
268 266 158
268 266 159
268 266 160
268 266 161
268 265 162
268 266 163
268 266 164
268 266 165
268 266 166
268 266 167
268 265 168
268 265 169
268 265 170
268 265 171
268 265 172
268 265 173
269 265 174
268 266 175
267 266 176
267 266 177
266 266 178
266 267 179
266 268 180
266 269 181
266 270 182
266 270 183
266 271 184
266 271 185
266 272 186
266 272 187
266 272 188
266 273 189
267 273 190
159
266 271 27
266 271 28
266 271 29
266 271 30
266 271 31
266 271 32
266 271 33
266 271 34
266 271 35
266 271 36
266 271 37
266 271 38
266 271 39
266 271 40
266 270 41
266 270 42
266 270 43
266 270 44
266 270 45
266 270 46
265 270 47
265 270 48
265 270 49
265 270 50
265 270 51
265 270 52
265 270 53
265 270 54
265 270 55
265 270 56
265 270 57
265 270 58
265 270 59
265 269 60
265 269 61
265 269 62
265 269 63
264 269 64
263 269 65
262 269 66
261 269 67
261 269 68
261 269 69
261 269 70
262 269 71
261 269 72
261 269 73
261 269 74
261 269 75
261 269 76
261 268 77
260 269 78
260 269 79
260 268 80
259 268 81
258 268 82
258 268 83
258 267 84
257 267 85
257 266 86
256 266 87
256 266 88
255 266 89
255 265 90
255 265 91
255 264 92
254 264 93
254 263 94
254 263 95
253 263 96
253 262 97
253 262 98
252 262 99
252 261 100
252 260 101
251 260 102
251 260 103
251 259 104
251 258 105
250 258 106
250 257 107
249 256 108
249 255 109
248 254 110
247 254 111
247 253 112
246 253 113
246 252 114
245 252 115
245 251 116
245 251 117
244 250 118
243 249 119
243 248 120
242 247 120
241 246 121
241 245 122
240 244 123
239 243 124
238 243 124
237 242 125
237 241 126
237 240 127
236 240 128
236 239 129
236 238 130
235 237 131
234 237 132
233 237 133
233 236 134
233 235 134
232 234 135
231 233 135
231 232 136
230 231 136
229 230 137
228 229 137
228 228 138
227 227 138
226 226 138
226 225 139
225 224 139
224 224 139
223 223 140
223 222 140
222 221 141
222 220 141
222 219 142
221 218 143
220 217 144
219 216 145
218 215 146
218 214 145
218 213 146
218 212 146
218 211 146
217 210 146
217 209 147
216 208 147
215 207 148
214 206 148
213 205 148
212 204 148
211 203 148
211 202 148
210 201 147
209 200 147
208 199 148
207 198 147
206 198 147
205 197 147
204 196 147
203 196 147
202 196 148
201 195 148
200 194 148
201 193 148
201 192 149
201 191 149
159
266 271 27
266 271 28
266 271 29
266 271 30
266 271 31
266 271 32
266 271 33
266 271 34
266 271 35
266 271 36
266 271 37
266 271 38
266 271 39
266 271 40
266 270 41
266 270 42
266 270 43
266 270 44
266 270 45
266 270 46
265 270 47
265 270 48
265 270 49
265 270 50
265 270 51
265 270 52
265 270 53
265 270 54
265 270 55
265 270 56
265 270 57
265 270 58
265 270 59
265 269 60
265 269 61
265 269 62
265 269 63
264 269 64
263 269 65
262 269 66
261 269 67
261 269 68
261 269 69
261 269 70
262 269 71
261 269 72
261 269 73
261 269 74
261 269 75
261 269 76
261 268 77
260 269 78
260 269 79
260 268 80
259 268 81
258 268 82
258 268 83
258 267 84
257 267 85
257 266 86
256 266 87
256 266 88
255 266 89
255 265 90
255 265 91
255 264 92
254 264 93
254 263 94
254 263 95
253 263 96
253 262 97
253 262 98
252 262 99
252 261 100
252 260 101
251 260 102
251 260 103
251 259 104
251 258 105
250 258 106
250 257 107
249 256 108
249 255 109
248 254 110
247 254 111
247 253 112
246 253 113
246 252 114
245 252 115
245 251 116
245 251 117
244 250 118
243 249 119
243 248 120
242 247 120
241 246 121
241 245 122
240 244 123
239 243 124
238 243 124
237 242 125
237 241 126
237 240 127
236 240 128
236 239 129
236 238 130
235 237 131
234 237 132
233 237 133
233 236 134
233 235 134
232 234 135
231 233 135
231 232 136
230 231 136
229 230 137
228 229 137
228 228 138
227 227 138
226 226 138
226 225 139
225 224 139
224 224 139
223 223 140
223 222 140
222 221 141
222 220 141
222 219 142
221 218 143
220 217 144
219 216 145
218 215 146
218 214 145
218 213 146
218 212 146
218 211 146
217 210 146
217 209 147
216 208 147
215 207 148
214 206 148
213 205 148
212 204 148
211 203 148
211 202 148
210 201 147
209 200 147
208 199 148
207 198 147
208 197 148
208 196 148
207 195 148
207 194 149
207 193 149
206 192 148
206 191 148
206 190 148
205 189 148
204 189 148
158
266 271 27
266 271 28
266 271 29
266 271 30
266 271 31
266 271 32
266 271 33
266 271 34
266 271 35
266 271 36
266 271 37
266 271 38
266 271 39
266 271 40
266 270 41
266 270 42
266 270 43
266 270 44
266 270 45
266 270 46
265 270 47
265 270 48
265 270 49
265 270 50
265 270 51
265 270 52
265 270 53
265 270 54
265 270 55
265 270 56
265 270 57
265 270 58
265 270 59
265 269 60
265 269 61
265 269 62
265 269 63
264 269 64
263 269 65
262 269 66
261 269 67
261 269 68
261 269 69
261 269 70
262 269 71
261 269 72
261 269 73
261 269 74
261 269 75
261 269 76
261 268 77
260 269 78
260 269 79
260 268 80
259 268 81
258 268 82
258 268 83
258 267 84
257 267 85
257 266 86
256 266 87
256 266 88
255 266 89
255 265 90
255 265 91
255 264 92
254 264 93
254 263 94
254 263 95
253 263 96
253 262 97
253 262 98
252 262 99
252 261 100
252 260 101
251 260 102
251 260 103
251 259 104
251 258 105
250 258 106
250 257 107
249 256 108
249 255 109
248 254 110
247 254 111
247 253 112
246 253 113
246 252 114
245 252 115
245 251 116
245 251 117
244 250 118
243 249 119
243 248 120
242 247 120
241 246 121
241 245 122
240 244 123
239 243 124
238 243 124
237 242 125
237 241 126
237 240 127
236 240 128
236 239 129
236 238 130
235 237 131
234 237 132
233 237 133
233 236 134
233 235 134
232 234 135
231 233 135
231 232 136
230 231 136
229 230 137
228 229 137
228 228 138
227 227 138
226 226 138
226 225 139
225 224 139
224 224 139
223 223 140
223 222 140
222 221 141
222 220 141
222 219 142
221 218 143
220 217 144
219 216 145
218 215 146
218 214 145
218 213 146
218 212 146
218 211 146
217 210 146
217 209 147
216 208 147
215 207 148
214 206 148
213 205 148
212 204 148
211 203 148
211 202 148
210 201 147
209 200 147
208 199 148
207 198 147
208 197 148
208 196 148
207 195 148
207 194 149
207 193 149
206 192 148
206 191 148
207 190 148
208 190 148
151
266 271 27
266 271 28
266 271 29
266 271 30
266 271 31
266 271 32
266 271 33
266 271 34
266 271 35
266 271 36
266 271 37
266 271 38
266 271 39
266 271 40
266 270 41
266 270 42
266 270 43
266 270 44
266 270 45
266 270 46
265 270 47
265 270 48
265 270 49
265 270 50
265 270 51
265 270 52
265 270 53
265 270 54
265 270 55
265 270 56
265 270 57
265 270 58
265 270 59
265 269 60
265 269 61
265 269 62
265 269 63
265 269 64
266 269 65
267 269 66
267 269 67
267 269 68
267 269 69
267 269 70
267 269 71
267 269 72
267 269 73
267 269 74
267 269 75
267 269 76
267 269 77
267 268 78
268 269 79
268 269 80
268 269 81
268 269 82
268 268 83
268 268 84
268 268 85
268 268 86
269 267 87
269 268 88
269 269 89
268 269 90
268 269 91
267 269 92
267 269 93
267 269 94
267 268 95
267 269 96
267 269 97
267 268 98
267 268 99
268 267 100
268 268 101
268 268 102
268 268 103
267 268 104
267 268 105
266 268 106
266 269 107
266 269 108
266 269 109
266 269 110
266 269 111
267 269 112
267 269 113
266 269 114
266 269 115
266 269 116
266 269 117
266 268 118
266 268 119
266 268 120
266 268 121
266 267 122
266 267 123
266 267 124
266 267 125
265 267 126
265 267 127
265 267 128
265 267 129
265 267 130
265 267 131
265 267 132
265 267 133
265 267 134
264 267 135
264 267 136
265 266 137
265 266 138
266 266 139
266 266 140
266 266 141
266 266 142
266 266 143
266 266 144
267 266 145
267 266 146
267 266 147
267 266 148
266 267 149
267 266 150
267 267 151
268 266 152
268 265 153
267 264 154
267 265 155
267 266 156
267 265 157
268 266 158
268 266 159
268 266 160
268 266 161
268 265 162
268 266 163
268 266 164
268 266 165
268 266 166
268 266 167
268 265 168
268 265 169
268 265 170
268 265 171
268 265 172
268 265 173
269 265 174
268 266 175
267 266 176
262 272 176
144
266 271 27
266 271 28
266 271 29
266 271 30
266 271 31
266 271 32
266 271 33
266 271 34
266 271 35
266 271 36
266 271 37
266 271 38
266 271 39
266 271 40
266 270 41
266 270 42
266 270 43
266 270 44
266 270 45
266 270 46
265 270 47
265 270 48
265 270 49
265 270 50
265 270 51
265 270 52
265 270 53
265 270 54
265 270 55
265 270 56
265 270 57
265 270 58
265 270 59
265 269 60
265 269 61
265 269 62
265 269 63
264 269 64
263 269 65
262 269 66
261 269 67
261 269 68
261 269 69
261 269 70
262 269 71
261 269 72
261 269 73
261 269 74
261 269 75
261 269 76
261 268 77
260 269 78
260 269 79
260 268 80
259 268 81
258 268 82
258 268 83
258 267 84
257 267 85
257 266 86
256 266 87
256 266 88
255 266 89
255 265 90
255 265 91
255 264 92
254 264 93
254 263 94
254 263 95
253 263 96
253 262 97
253 262 98
252 262 99
252 261 100
252 260 101
251 260 102
251 260 103
251 259 104
251 258 105
250 258 106
250 257 107
249 256 108
249 255 109
248 254 110
247 254 111
247 253 112
246 253 113
246 252 114
245 252 115
245 251 116
245 251 117
244 250 118
243 249 119
243 248 120
242 247 120
241 246 121
241 245 122
240 244 123
239 243 124
238 243 124
237 242 125
237 241 126
237 240 127
236 240 128
236 239 129
236 238 130
235 237 131
234 237 132
233 237 133
233 236 134
233 235 134
232 234 135
231 233 135
231 232 136
230 231 136
229 230 137
228 229 137
228 228 138
227 227 138
226 226 138
226 225 139
225 224 139
224 224 139
223 223 140
223 222 140
222 221 141
222 220 141
222 219 142
221 218 143
220 217 144
219 216 145
218 215 146
217 215 146
216 215 146
215 215 146
214 215 146
213 214 146
212 213 147
211 212 146
211 211 146
211 210 146
211 209 146
211 208 147
211 207 147
143
266 271 27
266 271 28
266 271 29
266 271 30
266 271 31
266 271 32
266 271 33
266 271 34
266 271 35
266 271 36
266 271 37
266 271 38
266 271 39
266 271 40
266 270 41
266 270 42
266 270 43
266 270 44
266 270 45
266 270 46
265 270 47
265 270 48
265 270 49
265 270 50
265 270 51
265 270 52
265 270 53
265 270 54
265 270 55
265 270 56
265 270 57
265 270 58
265 270 59
265 269 60
265 269 61
265 269 62
265 269 63
264 269 64
263 269 65
262 269 66
261 269 67
261 269 68
261 269 69
261 269 70
262 269 71
261 269 72
261 269 73
261 269 74
261 269 75
261 269 76
261 268 77
260 269 78
260 269 79
260 268 80
259 268 81
258 268 82
258 268 83
258 267 84
257 267 85
257 266 86
256 266 87
256 266 88
255 266 89
255 265 90
255 265 91
255 264 92
254 264 93
254 263 94
254 263 95
253 263 96
253 262 97
253 262 98
252 262 99
252 261 100
252 260 101
251 260 102
251 260 103
251 259 104
251 258 105
250 258 106
250 257 107
249 256 108
249 255 109
248 254 110
247 254 111
247 253 112
246 253 113
246 252 114
245 252 115
245 251 116
245 251 117
244 250 118
243 249 119
243 248 120
242 247 120
241 246 121
241 245 122
240 244 123
239 243 124
238 243 124
237 242 125
237 241 126
237 240 127
236 240 128
236 239 129
236 238 130
235 237 131
234 237 132
233 237 133
233 236 134
233 235 134
232 234 135
231 233 135
231 232 136
230 231 136
229 230 137
228 229 137
228 228 138
227 227 138
226 226 138
226 225 139
225 224 139
224 224 139
223 223 140
223 222 140
222 221 141
222 220 141
222 219 142
221 218 143
220 217 144
219 216 145
218 215 146
218 214 145
218 213 146
218 212 146
218 211 146
217 210 146
217 209 147
216 208 147
215 207 148
214 206 148
213 205 148
212 206 148
136
266 271 27
266 271 28
266 271 29
266 271 30
266 271 31
266 271 32
266 271 33
266 271 34
266 271 35
266 271 36
266 271 37
266 271 38
266 271 39
266 271 40
266 270 41
266 270 42
266 270 43
266 270 44
266 270 45
266 270 46
265 270 47
265 270 48
265 270 49
265 270 50
265 270 51
265 270 52
265 270 53
265 270 54
265 270 55
265 270 56
265 270 57
265 270 58
265 270 59
265 269 60
265 269 61
265 269 62
265 269 63
265 269 64
266 269 65
267 269 66
267 269 67
267 269 68
267 269 69
267 269 70
267 269 71
267 269 72
267 269 73
267 269 74
267 269 75
267 269 76
267 269 77
267 268 78
268 269 79
268 269 80
268 269 81
268 269 82
268 268 83
268 268 84
268 268 85
268 268 86
269 267 87
269 268 88
269 269 89
268 269 90
268 269 91
267 269 92
267 269 93
267 269 94
267 268 95
267 269 96
267 269 97
267 268 98
267 268 99
268 267 100
268 268 101
268 268 102
268 268 103
267 268 104
267 268 105
266 268 106
266 269 107
266 269 108
266 269 109
266 269 110
266 269 111
267 269 112
267 269 113
266 269 114
266 269 115
266 269 116
266 269 117
266 268 118
266 268 119
266 268 120
266 268 121
266 267 122
266 267 123
266 267 124
266 267 125
265 267 126
265 267 127
265 267 128
265 267 129
265 267 130
265 267 131
265 267 132
265 267 133
265 267 134
264 267 135
264 267 136
265 266 137
265 266 138
266 266 139
266 266 140
266 266 141
266 266 142
266 266 143
266 266 144
267 266 145
267 266 146
267 266 147
267 266 148
266 267 149
267 266 150
267 267 151
268 266 152
268 265 153
267 264 154
266 263 154
266 262 153
265 261 153
265 260 154
265 260 155
265 260 156
266 259 157
267 260 157
135
266 271 27
266 271 28
266 271 29
266 271 30
266 271 31
266 271 32
266 271 33
266 271 34
266 271 35
266 271 36
266 271 37
266 271 38
266 271 39
266 271 40
266 270 41
266 270 42
266 270 43
266 270 44
266 270 45
266 270 46
265 270 47
265 270 48
265 270 49
265 270 50
265 270 51
265 270 52
265 270 53
265 270 54
265 270 55
265 270 56
265 270 57
265 270 58
265 270 59
265 269 60
265 269 61
265 269 62
265 269 63
265 269 64
266 269 65
267 269 66
267 269 67
267 269 68
267 269 69
267 269 70
267 269 71
267 269 72
267 269 73
267 269 74
267 269 75
267 269 76
267 269 77
267 268 78
268 269 79
268 269 80
268 269 81
268 269 82
268 268 83
268 268 84
268 268 85
268 268 86
269 267 87
269 268 88
269 269 89
268 269 90
268 269 91
267 269 92
267 269 93
267 269 94
267 268 95
267 269 96
267 269 97
267 268 98
267 268 99
268 267 100
268 268 101
268 268 102
268 268 103
267 268 104
267 268 105
266 268 106
266 269 107
266 269 108
266 269 109
266 269 110
266 269 111
267 269 112
267 269 113
266 269 114
266 269 115
266 269 116
266 269 117
266 268 118
266 268 119
266 268 120
266 268 121
266 267 122
266 267 123
266 267 124
266 267 125
265 267 126
265 267 127
265 267 128
265 267 129
265 267 130
265 267 131
265 267 132
265 267 133
265 267 134
264 267 135
264 267 136
265 266 137
265 266 138
266 266 139
266 266 140
266 266 141
266 266 142
266 266 143
266 266 144
267 266 145
267 266 146
267 266 147
267 266 148
266 267 149
267 266 150
267 267 151
268 266 152
268 265 153
267 264 154
266 263 154
266 262 153
265 261 153
265 260 154
265 260 155
265 260 156
265 260 157
135
266 271 27
266 271 28
266 271 29
266 271 30
266 271 31
266 271 32
266 271 33
266 271 34
266 271 35
266 271 36
266 271 37
266 271 38
266 271 39
266 271 40
266 270 41
266 270 42
266 270 43
266 270 44
266 270 45
266 270 46
265 270 47
265 270 48
265 270 49
265 270 50
265 270 51
265 270 52
265 270 53
265 270 54
265 270 55
265 270 56
265 270 57
265 270 58
265 270 59
265 269 60
265 269 61
265 269 62
265 269 63
265 269 64
266 269 65
267 269 66
267 269 67
267 269 68
267 269 69
267 269 70
267 269 71
267 269 72
267 269 73
267 269 74
267 269 75
267 269 76
267 269 77
267 268 78
268 269 79
268 269 80
268 269 81
268 269 82
268 268 83
268 268 84
268 268 85
268 268 86
269 267 87
269 268 88
269 269 89
268 269 90
268 269 91
267 269 92
267 269 93
267 269 94
267 268 95
267 269 96
267 269 97
267 268 98
267 268 99
268 267 100
268 268 101
268 268 102
268 268 103
267 268 104
267 268 105
266 268 106
266 269 107
266 269 108
266 269 109
266 269 110
266 269 111
267 269 112
267 269 113
266 269 114
266 269 115
266 269 116
266 269 117
266 268 118
266 268 119
266 268 120
266 268 121
266 267 122
266 267 123
266 267 124
266 267 125
265 267 126
265 267 127
265 267 128
265 267 129
265 267 130
265 267 131
265 267 132
265 267 133
265 267 134
264 267 135
264 267 136
265 266 137
265 266 138
266 266 139
266 266 140
266 266 141
266 266 142
266 266 143
266 266 144
267 266 145
267 266 146
267 266 147
267 266 148
266 267 149
267 266 150
267 267 151
268 266 152
268 265 153
267 264 154
267 265 155
267 266 156
267 265 157
267 264 157
267 263 157
267 262 157
267 261 157
130
266 271 27
266 271 28
266 271 29
266 271 30
266 271 31
266 271 32
266 271 33
266 271 34
266 271 35
266 271 36
266 271 37
266 271 38
266 271 39
266 271 40
266 270 41
266 270 42
266 270 43
266 270 44
266 270 45
266 270 46
265 270 47
265 270 48
265 270 49
265 270 50
265 270 51
265 270 52
265 270 53
265 270 54
265 270 55
265 270 56
265 270 57
265 270 58
265 270 59
265 269 60
265 269 61
265 269 62
265 269 63
265 269 64
266 269 65
267 269 66
267 269 67
267 269 68
267 269 69
267 269 70
267 269 71
267 269 72
267 269 73
267 269 74
267 269 75
267 269 76
267 269 77
267 268 78
268 269 79
268 269 80
268 269 81
268 269 82
268 268 83
268 268 84
268 268 85
268 268 86
269 267 87
269 268 88
269 269 89
268 269 90
268 269 91
267 269 92
267 269 93
267 269 94
267 268 95
267 269 96
267 269 97
267 268 98
267 268 99
268 267 100
268 268 101
268 268 102
268 268 103
267 268 104
267 268 105
266 268 106
266 269 107
266 269 108
266 269 109
266 269 110
266 269 111
267 269 112
267 269 113
266 269 114
266 269 115
266 269 116
266 269 117
266 268 118
266 268 119
266 268 120
266 268 121
266 267 122
266 267 123
266 267 124
266 267 125
265 267 126
265 267 127
265 267 128
265 267 129
265 267 130
265 267 131
265 267 132
265 267 133
265 267 134
264 267 135
264 267 136
265 266 137
265 266 138
266 266 139
266 266 140
266 266 141
266 266 142
266 266 143
266 266 144
267 266 145
267 266 146
267 266 147
267 266 148
266 267 149
267 266 150
267 267 151
267 268 151
266 269 151
266 270 151
265 271 151
265 272 151
129
266 271 27
266 271 28
266 271 29
266 271 30
266 271 31
266 271 32
266 271 33
266 271 34
266 271 35
266 271 36
266 271 37
266 271 38
266 271 39
266 271 40
266 270 41
266 270 42
266 270 43
266 270 44
266 270 45
266 270 46
265 270 47
265 270 48
265 270 49
265 270 50
265 270 51
265 270 52
265 270 53
265 270 54
265 270 55
265 270 56
265 270 57
265 270 58
265 270 59
265 269 60
265 269 61
265 269 62
265 269 63
265 269 64
266 269 65
267 269 66
267 269 67
267 269 68
267 269 69
267 269 70
267 269 71
267 269 72
267 269 73
267 269 74
267 269 75
267 269 76
267 269 77
267 268 78
268 269 79
268 269 80
268 269 81
268 269 82
268 268 83
268 268 84
268 268 85
268 268 86
269 267 87
269 268 88
269 269 89
268 269 90
268 269 91
267 269 92
267 269 93
267 269 94
267 268 95
267 269 96
267 269 97
267 268 98
267 268 99
268 267 100
268 268 101
268 268 102
268 268 103
267 268 104
267 268 105
266 268 106
266 269 107
266 269 108
266 269 109
266 269 110
266 269 111
267 269 112
267 269 113
266 269 114
266 269 115
266 269 116
266 269 117
266 268 118
266 268 119
266 268 120
266 268 121
266 267 122
266 267 123
266 267 124
266 267 125
265 267 126
265 267 127
265 267 128
265 267 129
265 267 130
265 267 131
265 267 132
265 267 133
265 267 134
264 267 135
264 267 136
265 266 137
265 266 138
266 266 139
266 266 140
266 266 141
266 266 142
266 266 143
266 266 144
267 266 145
267 266 146
267 266 147
267 266 148
266 267 149
266 268 149
266 269 149
265 270 149
265 271 149
266 272 149
265 273 150
122
266 271 27
266 271 28
266 271 29
266 271 30
266 271 31
266 271 32
266 271 33
266 271 34
266 271 35
266 271 36
266 271 37
266 271 38
266 271 39
266 271 40
266 270 41
266 270 42
266 270 43
266 270 44
266 270 45
266 270 46
265 270 47
265 270 48
265 270 49
265 270 50
265 270 51
265 270 52
265 270 53
265 270 54
265 270 55
265 270 56
265 270 57
265 270 58
265 270 59
265 269 60
265 269 61
265 269 62
265 269 63
265 269 64
266 269 65
267 269 66
267 269 67
267 269 68
267 269 69
267 269 70
267 269 71
267 269 72
267 269 73
267 269 74
267 269 75
267 269 76
267 269 77
267 268 78
268 269 79
268 269 80
268 269 81
268 269 82
268 268 83
268 268 84
268 268 85
268 268 86
269 267 87
269 268 88
269 269 89
268 269 90
268 269 91
267 269 92
267 269 93
267 269 94
267 268 95
267 269 96
267 269 97
267 268 98
267 268 99
268 267 100
268 268 101
268 268 102
269 269 103
270 268 104
271 268 105
272 269 106
272 269 107
273 269 108
274 269 109
273 269 110
274 269 111
275 270 112
275 269 113
275 269 114
276 269 115
276 268 116
277 268 117
277 268 118
277 267 119
278 267 120
278 267 121
279 267 122
279 267 123
280 267 124
280 266 125
281 266 126
281 266 127
281 266 128
282 265 129
282 266 130
282 267 131
283 267 132
283 267 133
284 266 134
285 267 135
285 267 136
286 267 137
286 267 138
286 266 139
286 266 140
286 266 141
285 267 142
284 267 143
284 266 144
285 266 145
286 266 146
287 267 147
288 268 148
121
266 271 27
266 271 28
266 271 29
266 271 30
266 271 31
266 271 32
266 271 33
266 271 34
266 271 35
266 271 36
266 271 37
266 271 38
266 271 39
266 271 40
266 270 41
266 270 42
266 270 43
266 270 44
266 270 45
266 270 46
265 270 47
265 270 48
265 270 49
265 270 50
265 270 51
265 270 52
265 270 53
265 270 54
265 270 55
265 270 56
265 270 57
265 270 58
265 270 59
265 269 60
265 269 61
265 269 62
265 269 63
265 269 64
266 269 65
267 269 66
267 269 67
267 269 68
267 269 69
267 269 70
267 269 71
267 269 72
267 269 73
267 269 74
267 269 75
267 269 76
267 269 77
267 268 78
268 269 79
268 269 80
268 269 81
268 269 82
268 268 83
268 268 84
268 268 85
268 268 86
269 267 87
269 268 88
269 269 89
268 269 90
268 269 91
267 269 92
267 269 93
267 269 94
267 268 95
267 269 96
267 269 97
267 268 98
267 268 99
268 267 100
268 268 101
268 268 102
269 269 103
270 268 104
271 268 105
272 269 106
272 269 107
273 269 108
274 269 109
273 269 110
274 269 111
275 270 112
275 269 113
275 269 114
276 269 115
276 268 116
277 268 117
277 268 118
277 267 119
278 267 120
278 267 121
279 267 122
279 267 123
280 267 124
280 266 125
281 266 126
281 266 127
281 266 128
282 265 129
282 266 130
282 267 131
283 267 132
283 267 133
284 266 134
285 267 135
285 267 136
286 267 137
286 267 138
286 266 139
286 266 140
286 266 141
285 267 142
284 267 143
284 266 144
285 266 145
286 266 146
287 265 147
120
266 271 27
266 271 28
266 271 29
266 271 30
266 271 31
266 271 32
266 271 33
266 271 34
266 271 35
266 271 36
266 271 37
266 271 38
266 271 39
266 271 40
266 270 41
266 270 42
266 270 43
266 270 44
266 270 45
266 270 46
265 270 47
265 270 48
265 270 49
265 270 50
265 270 51
265 270 52
265 270 53
265 270 54
265 270 55
265 270 56
265 270 57
265 270 58
265 270 59
265 269 60
265 269 61
265 269 62
265 269 63
265 269 64
266 269 65
267 269 66
267 269 67
267 269 68
267 269 69
267 269 70
267 269 71
267 269 72
267 269 73
267 269 74
267 269 75
267 269 76
267 269 77
267 268 78
268 269 79
268 269 80
268 269 81
268 269 82
268 268 83
268 268 84
268 268 85
268 268 86
269 267 87
269 268 88
269 269 89
268 269 90
268 269 91
267 269 92
267 269 93
267 269 94
267 268 95
267 269 96
267 269 97
267 268 98
267 268 99
268 267 100
268 268 101
268 268 102
269 269 103
270 268 104
271 268 105
272 269 106
272 269 107
273 269 108
274 269 109
273 269 110
274 269 111
275 270 112
275 269 113
275 269 114
276 269 115
276 268 116
277 268 117
277 268 118
277 267 119
278 267 120
278 267 121
279 267 122
279 267 123
280 267 124
280 266 125
281 266 126
281 266 127
281 266 128
282 265 129
282 266 130
282 267 131
283 267 132
283 267 133
284 266 134
285 267 135
285 267 136
286 267 137
286 267 138
286 266 139
286 266 140
286 265 141
287 264 142
287 264 143
287 264 144
287 263 145
288 264 146
112
266 271 27
266 271 28
266 271 29
266 271 30
266 271 31
266 271 32
266 271 33
266 271 34
266 271 35
266 271 36
266 271 37
266 271 38
266 271 39
266 271 40
266 270 41
266 270 42
266 270 43
266 270 44
266 270 45
266 270 46
265 270 47
265 270 48
265 270 49
265 270 50
265 270 51
265 270 52
265 270 53
265 270 54
265 270 55
265 270 56
265 270 57
265 270 58
265 270 59
265 269 60
265 269 61
265 269 62
265 269 63
265 269 64
266 269 65
267 269 66
267 269 67
267 269 68
267 269 69
267 269 70
267 269 71
267 269 72
267 269 73
267 269 74
267 269 75
267 269 76
267 269 77
267 268 78
268 269 79
268 269 80
268 269 81
268 269 82
268 268 83
268 268 84
268 268 85
268 268 86
269 267 87
269 268 88
269 269 89
268 269 90
268 269 91
267 269 92
267 269 93
267 269 94
267 268 95
267 269 96
267 269 97
267 268 98
267 268 99
268 267 100
268 268 101
268 268 102
269 269 103
270 268 104
271 268 105
272 269 106
272 269 107
273 269 108
274 269 109
273 269 110
274 269 111
275 270 112
275 269 113
275 269 114
276 269 115
276 268 116
277 268 117
277 268 118
277 267 119
278 267 120
278 267 121
279 267 122
279 267 123
280 267 124
280 266 125
281 266 126
281 266 127
281 266 128
282 265 129
282 264 128
282 263 128
282 262 128
283 261 128
283 260 128
282 259 128
283 258 129
284 257 130
285 256 131
112
266 271 27
266 271 28
266 271 29
266 271 30
266 271 31
266 271 32
266 271 33
266 271 34
266 271 35
266 271 36
266 271 37
266 271 38
266 271 39
266 271 40
266 270 41
266 270 42
266 270 43
266 270 44
266 270 45
266 270 46
265 270 47
265 270 48
265 270 49
265 270 50
265 270 51
265 270 52
265 270 53
265 270 54
265 270 55
265 270 56
265 270 57
265 270 58
265 270 59
265 269 60
265 269 61
265 269 62
265 269 63
265 269 64
266 269 65
267 269 66
267 269 67
267 269 68
267 269 69
267 269 70
267 269 71
267 269 72
267 269 73
267 269 74
267 269 75
267 269 76
267 269 77
267 268 78
268 269 79
268 269 80
268 269 81
268 269 82
268 268 83
268 268 84
268 268 85
268 268 86
269 267 87
269 268 88
270 268 89
271 269 90
272 269 91
273 268 92
274 269 93
275 268 94
275 269 95
276 270 96
276 269 97
277 269 98
277 270 99
278 269 100
278 269 101
279 268 102
279 269 103
280 269 104
281 268 105
281 267 106
282 267 107
282 267 108
283 267 109
283 268 110
282 268 111
283 269 112
284 269 113
285 269 114
286 269 115
287 270 114
288 269 115
289 269 116
290 270 117
291 270 118
292 270 119
293 270 119
294 270 120
294 270 121
295 270 122
295 270 123
296 270 124
297 270 125
298 270 126
299 269 126
299 268 126
300 267 126
300 266 126
300 265 126
300 264 126
301 263 126
302 263 127
303 262 128
108
266 271 27
266 271 28
266 271 29
266 271 30
266 271 31
266 271 32
266 271 33
266 271 34
266 271 35
266 271 36
266 271 37
266 271 38
266 271 39
266 271 40
266 270 41
266 270 42
266 270 43
266 270 44
266 270 45
266 270 46
265 270 47
265 270 48
265 270 49
265 270 50
265 270 51
265 270 52
265 270 53
265 270 54
265 270 55
265 270 56
265 270 57
265 270 58
265 270 59
265 269 60
265 269 61
265 269 62
265 269 63
265 269 64
266 269 65
267 269 66
267 269 67
267 269 68
267 269 69
267 269 70
267 269 71
267 269 72
267 269 73
267 269 74
267 269 75
267 269 76
267 269 77
267 268 78
268 269 79
268 269 80
268 269 81
268 269 82
268 268 83
268 268 84
268 268 85
268 268 86
269 267 87
269 268 88
270 268 89
271 269 90
272 269 91
273 268 92
274 269 93
275 268 94
275 269 95
276 270 96
276 269 97
277 269 98
277 270 99
278 269 100
278 269 101
279 268 102
279 269 103
280 269 104
281 268 105
281 267 106
282 267 107
282 267 108
283 267 109
283 266 110
282 265 111
283 264 112
284 263 113
285 263 114
286 262 115
287 262 116
288 261 117
289 260 118
290 260 119
290 259 120
291 259 121
292 259 122
292 258 123
293 258 124
294 257 125
295 257 126
296 257 127
296 257 128
297 256 129
298 255 130
298 254 131
298 254 132
299 253 133
300 252 134
104
266 271 27
266 271 28
266 271 29
266 271 30
266 271 31
266 271 32
266 271 33
266 271 34
266 271 35
266 271 36
266 271 37
266 271 38
266 271 39
266 271 40
266 270 41
266 270 42
266 270 43
266 270 44
266 270 45
266 270 46
265 270 47
265 270 48
265 270 49
265 270 50
265 270 51
265 270 52
265 270 53
265 270 54
265 270 55
265 270 56
265 270 57
265 270 58
265 270 59
265 269 60
265 269 61
265 269 62
265 269 63
265 269 64
266 269 65
267 269 66
267 269 67
267 269 68
267 269 69
267 269 70
267 269 71
267 269 72
267 269 73
267 269 74
267 269 75
267 269 76
267 269 77
267 268 78
268 269 79
268 269 80
268 269 81
268 269 82
268 268 83
268 268 84
268 268 85
268 268 86
269 267 87
269 268 88
269 269 89
268 269 90
268 269 91
267 269 92
267 269 93
267 269 94
267 268 95
267 269 96
267 269 97
267 268 98
267 268 99
268 267 100
268 268 101
268 268 102
269 269 103
270 268 104
271 268 105
272 269 106
272 269 107
273 269 108
274 269 109
273 269 110
274 269 111
275 270 112
275 269 113
275 269 114
276 269 115
276 268 116
277 268 117
277 269 118
277 270 118
278 271 118
277 272 118
277 273 119
276 274 120
276 274 121
275 274 122
275 274 123
276 275 124
276 275 125
276 275 126
276 275 127
101
266 271 27
266 271 28
266 271 29
266 271 30
266 271 31
266 271 32
266 271 33
266 271 34
266 271 35
266 271 36
266 271 37
266 271 38
266 271 39
266 271 40
266 270 41
266 270 42
266 270 43
266 270 44
266 270 45
266 270 46
265 270 47
265 270 48
265 270 49
265 270 50
265 270 51
265 270 52
265 270 53
265 270 54
265 270 55
265 270 56
265 270 57
265 270 58
265 270 59
265 269 60
265 269 61
265 269 62
265 269 63
265 269 64
266 269 65
267 269 66
267 269 67
267 269 68
267 269 69
267 269 70
267 269 71
267 269 72
267 269 73
267 269 74
267 269 75
267 269 76
267 269 77
267 268 78
268 269 79
268 269 80
268 269 81
268 269 82
268 268 83
268 268 84
268 268 85
268 268 86
269 267 87
269 268 88
269 269 89
268 269 90
268 269 91
267 269 92
267 269 93
267 269 94
267 268 95
267 269 96
267 269 97
267 268 98
267 268 99
268 267 100
268 268 101
268 268 102
269 269 103
270 268 104
271 268 105
272 269 106
272 269 107
273 269 108
274 269 109
273 269 110
274 269 111
275 270 112
275 269 113
275 269 114
276 269 115
276 268 116
277 268 117
277 269 118
277 270 118
278 271 118
277 272 118
277 273 119
276 274 120
276 274 121
275 274 122
275 274 123
269 274 125
98
266 271 27
266 271 28
266 271 29
266 271 30
266 271 31
266 271 32
266 271 33
266 271 34
266 271 35
266 271 36
266 271 37
266 271 38
266 271 39
266 271 40
266 270 41
266 270 42
266 270 43
266 270 44
266 270 45
266 270 46
265 270 47
265 270 48
265 270 49
265 270 50
265 270 51
265 270 52
265 270 53
265 270 54
265 270 55
265 270 56
265 270 57
265 270 58
265 270 59
265 269 60
265 269 61
265 269 62
265 269 63
265 269 64
266 269 65
267 269 66
267 269 67
267 269 68
267 269 69
267 269 70
267 269 71
267 269 72
267 269 73
267 269 74
267 269 75
267 269 76
267 269 77
267 268 78
268 269 79
268 269 80
268 269 81
268 269 82
268 268 83
268 268 84
268 268 85
268 268 86
269 267 87
269 268 88
269 269 89
268 269 90
268 269 91
267 269 92
267 269 93
267 269 94
267 268 95
267 269 96
267 269 97
267 268 98
267 268 99
268 267 100
268 268 101
268 268 102
269 269 103
270 268 104
271 268 105
272 269 106
272 269 107
273 269 108
274 269 109
273 269 110
274 269 111
275 270 112
275 269 113
275 269 114
276 269 115
276 268 116
277 268 117
277 268 118
277 267 119
278 266 119
277 265 118
276 264 119
275 263 119
275 260 124
97
266 271 27
266 271 28
266 271 29
266 271 30
266 271 31
266 271 32
266 271 33
266 271 34
266 271 35
266 271 36
266 271 37
266 271 38
266 271 39
266 271 40
266 270 41
266 270 42
266 270 43
266 270 44
266 270 45
266 270 46
265 270 47
265 270 48
265 270 49
265 270 50
265 270 51
265 270 52
265 270 53
265 270 54
265 270 55
265 270 56
265 270 57
265 270 58
265 270 59
265 269 60
265 269 61
265 269 62
265 269 63
265 269 64
266 269 65
267 269 66
267 269 67
267 269 68
267 269 69
267 269 70
267 269 71
267 269 72
267 269 73
267 269 74
267 269 75
267 269 76
267 269 77
267 268 78
268 269 79
268 269 80
268 269 81
268 269 82
268 268 83
268 268 84
268 268 85
268 268 86
269 267 87
269 268 88
269 269 89
268 269 90
268 269 91
267 269 92
267 269 93
267 269 94
267 268 95
267 269 96
267 269 97
267 268 98
267 268 99
268 267 100
268 268 101
268 268 102
269 269 103
270 268 104
271 268 105
272 269 106
272 269 107
273 269 108
274 269 109
273 269 110
274 269 111
275 270 112
275 269 113
275 269 114
276 269 115
276 268 116
277 268 117
277 268 118
277 267 119
278 266 119
277 265 118
276 264 119
275 263 119
92
266 271 27
266 271 28
266 271 29
266 271 30
266 271 31
266 271 32
266 271 33
266 271 34
266 271 35
266 271 36
266 271 37
266 271 38
266 271 39
266 271 40
266 270 41
266 270 42
266 270 43
266 270 44
266 270 45
266 270 46
265 270 47
265 270 48
265 270 49
265 270 50
265 270 51
265 270 52
265 270 53
265 270 54
265 270 55
265 270 56
265 270 57
265 270 58
265 270 59
265 269 60
265 269 61
265 269 62
265 269 63
265 269 64
266 269 65
267 269 66
267 269 67
267 269 68
267 269 69
267 269 70
267 269 71
267 269 72
267 269 73
267 269 74
267 269 75
267 269 76
267 269 77
267 268 78
268 269 79
268 269 80
268 269 81
268 269 82
268 268 83
268 268 84
268 268 85
268 268 86
269 267 87
269 268 88
270 268 89
271 269 90
272 269 91
273 268 92
274 269 93
275 268 94
275 269 95
276 270 96
276 269 97
277 269 98
277 270 99
278 269 100
278 269 101
279 268 102
279 269 103
280 269 104
281 268 105
281 267 106
282 267 107
282 267 108
283 267 109
283 266 110
282 265 111
283 264 112
284 263 113
285 263 114
285 263 115
286 264 116
287 265 116
288 266 115
88
266 271 27
266 271 28
266 271 29
266 271 30
266 271 31
266 271 32
266 271 33
266 271 34
266 271 35
266 271 36
266 271 37
266 271 38
266 271 39
266 271 40
266 270 41
266 270 42
266 270 43
266 270 44
266 270 45
266 270 46
265 270 47
265 270 48
265 270 49
265 270 50
265 270 51
265 270 52
265 270 53
265 270 54
265 270 55
265 270 56
265 270 57
265 270 58
265 270 59
265 269 60
265 269 61
265 269 62
265 269 63
265 269 64
266 269 65
267 269 66
267 269 67
267 269 68
267 269 69
267 269 70
267 269 71
267 269 72
267 269 73
267 269 74
267 269 75
267 269 76
267 269 77
267 268 78
268 269 79
268 269 80
268 269 81
268 269 82
268 268 83
268 268 84
268 268 85
268 268 86
269 267 87
269 268 88
269 269 89
268 269 90
268 269 91
267 269 92
267 269 93
267 269 94
267 268 95
267 269 96
267 269 97
267 268 98
267 268 99
268 267 100
268 268 101
268 268 102
268 268 103
267 268 104
267 268 105
266 268 106
266 269 107
266 269 108
266 269 109
266 269 110
266 269 111
267 269 112
268 269 112
269 269 112
87
266 271 27
266 271 28
266 271 29
266 271 30
266 271 31
266 271 32
266 271 33
266 271 34
266 271 35
266 271 36
266 271 37
266 271 38
266 271 39
266 271 40
266 270 41
266 270 42
266 270 43
266 270 44
266 270 45
266 270 46
265 270 47
265 270 48
265 270 49
265 270 50
265 270 51
265 270 52
265 270 53
265 270 54
265 270 55
265 270 56
265 270 57
265 270 58
265 270 59
265 269 60
265 269 61
265 269 62
265 269 63
265 269 64
266 269 65
267 269 66
267 269 67
267 269 68
267 269 69
267 269 70
267 269 71
267 269 72
267 269 73
267 269 74
267 269 75
267 269 76
267 269 77
267 268 78
268 269 79
268 269 80
268 269 81
268 269 82
268 268 83
268 268 84
268 268 85
268 268 86
269 267 87
269 268 88
269 269 89
268 269 90
268 269 91
267 269 92
267 269 93
267 269 94
267 268 95
267 269 96
267 269 97
267 268 98
267 268 99
268 267 100
268 268 101
268 268 102
269 269 103
270 268 104
271 268 105
272 269 106
272 269 107
273 269 108
274 269 109
273 269 110
272 269 110
271 269 111
270 269 112
79
266 271 27
266 271 28
266 271 29
266 271 30
266 271 31
266 271 32
266 271 33
266 271 34
266 271 35
266 271 36
266 271 37
266 271 38
266 271 39
266 271 40
266 270 41
266 270 42
266 270 43
266 270 44
266 270 45
266 270 46
265 270 47
265 270 48
265 270 49
265 270 50
265 270 51
265 270 52
265 270 53
265 270 54
265 270 55
265 270 56
265 270 57
265 270 58
265 270 59
265 269 60
265 269 61
265 269 62
265 269 63
265 269 64
266 269 65
267 269 66
267 269 67
267 269 68
267 269 69
267 269 70
267 269 71
267 269 72
267 269 73
267 269 74
267 269 75
267 269 76
267 269 77
267 268 78
268 269 79
268 269 80
268 269 81
268 269 82
268 268 83
268 268 84
268 268 85
268 268 86
269 267 87
269 268 88
269 269 89
268 269 90
268 269 91
267 269 92
267 269 93
267 269 94
267 268 95
267 269 96
267 270 97
268 271 96
268 272 97
269 272 98
270 273 99
270 274 100
270 274 101
270 273 102
269 272 103
79
266 271 27
266 271 28
266 271 29
266 271 30
266 271 31
266 271 32
266 271 33
266 271 34
266 271 35
266 271 36
266 271 37
266 271 38
266 271 39
266 271 40
266 270 41
266 270 42
266 270 43
266 270 44
266 270 45
266 270 46
265 270 47
265 270 48
265 270 49
265 270 50
265 270 51
265 270 52
265 270 53
265 270 54
265 270 55
265 270 56
265 270 57
265 270 58
265 270 59
265 269 60
265 269 61
265 269 62
265 269 63
265 269 64
266 269 65
267 269 66
267 269 67
267 269 68
267 269 69
267 269 70
267 269 71
267 269 72
267 269 73
267 269 74
267 269 75
267 269 76
267 269 77
267 268 78
268 269 79
268 269 80
268 269 81
268 269 82
268 268 83
268 268 84
268 268 85
268 268 86
269 267 87
269 268 88
269 269 89
268 269 90
268 269 91
267 269 92
267 269 93
267 269 94
267 268 95
267 269 96
267 269 97
267 268 98
267 268 99
268 267 100
268 268 101
268 268 102
269 269 103
269 270 103
269 271 103
78
266 271 27
266 271 28
266 271 29
266 271 30
266 271 31
266 271 32
266 271 33
266 271 34
266 271 35
266 271 36
266 271 37
266 271 38
266 271 39
266 271 40
266 270 41
266 270 42
266 270 43
266 270 44
266 270 45
266 270 46
265 270 47
265 270 48
265 270 49
265 270 50
265 270 51
265 270 52
265 270 53
265 270 54
265 270 55
265 270 56
265 270 57
265 270 58
265 270 59
265 269 60
265 269 61
265 269 62
265 269 63
265 269 64
266 269 65
267 269 66
267 269 67
267 269 68
267 269 69
267 269 70
267 269 71
267 269 72
267 269 73
267 269 74
267 269 75
267 269 76
267 269 77
267 268 78
268 269 79
268 269 80
268 269 81
268 269 82
268 268 83
268 268 84
268 268 85
268 268 86
269 267 87
269 268 88
270 268 89
271 269 90
272 269 91
273 268 92
274 269 93
275 268 94
275 269 95
276 270 96
276 269 97
277 269 98
277 270 99
278 269 100
278 269 101
279 268 102
278 267 102
278 266 102
77
266 271 27
266 271 28
266 271 29
266 271 30
266 271 31
266 271 32
266 271 33
266 271 34
266 271 35
266 271 36
266 271 37
266 271 38
266 271 39
266 271 40
266 270 41
266 270 42
266 270 43
266 270 44
266 270 45
266 270 46
265 270 47
265 270 48
265 270 49
265 270 50
265 270 51
265 270 52
265 270 53
265 270 54
265 270 55
265 270 56
265 270 57
265 270 58
265 270 59
265 269 60
265 269 61
265 269 62
265 269 63
265 269 64
266 269 65
267 269 66
267 269 67
267 269 68
267 269 69
267 269 70
267 269 71
267 269 72
267 269 73
267 269 74
267 269 75
267 269 76
267 269 77
267 268 78
268 269 79
268 269 80
268 269 81
268 269 82
268 268 83
268 268 84
268 268 85
268 268 86
269 267 87
269 268 88
269 269 89
268 269 90
268 269 91
267 269 92
267 269 93
267 269 94
267 268 95
267 269 96
267 269 97
267 268 98
267 268 99
268 267 100
268 268 101
268 269 101
269 270 101
77
266 271 27
266 271 28
266 271 29
266 271 30
266 271 31
266 271 32
266 271 33
266 271 34
266 271 35
266 271 36
266 271 37
266 271 38
266 271 39
266 271 40
266 270 41
266 270 42
266 270 43
266 270 44
266 270 45
266 270 46
265 270 47
265 270 48
265 270 49
265 270 50
265 270 51
265 270 52
265 270 53
265 270 54
265 270 55
265 270 56
265 270 57
265 270 58
265 270 59
265 269 60
265 269 61
265 269 62
265 269 63
265 269 64
266 269 65
267 269 66
267 269 67
267 269 68
267 269 69
267 269 70
267 269 71
267 269 72
267 269 73
267 269 74
267 269 75
267 269 76
267 269 77
267 268 78
268 269 79
268 269 80
268 269 81
268 269 82
268 268 83
268 268 84
268 268 85
268 268 86
269 267 87
269 268 88
269 269 89
268 269 90
268 269 91
267 269 92
267 269 93
267 269 94
267 268 95
267 269 96
267 270 97
268 271 96
268 272 97
269 272 98
270 273 98
271 272 99
270 271 100
76
266 271 27
266 271 28
266 271 29
266 271 30
266 271 31
266 271 32
266 271 33
266 271 34
266 271 35
266 271 36
266 271 37
266 271 38
266 271 39
266 271 40
266 270 41
266 270 42
266 270 43
266 270 44
266 270 45
266 270 46
265 270 47
265 270 48
265 270 49
265 270 50
265 270 51
265 270 52
265 270 53
265 270 54
265 270 55
265 270 56
265 270 57
265 270 58
265 270 59
265 269 60
265 269 61
265 269 62
265 269 63
265 269 64
266 269 65
267 269 66
267 269 67
267 269 68
267 269 69
267 269 70
267 269 71
267 269 72
267 269 73
267 269 74
267 269 75
267 269 76
267 269 77
267 268 78
268 269 79
268 269 80
268 269 81
268 269 82
268 268 83
268 268 84
268 268 85
268 268 86
269 267 87
269 266 87
268 265 88
268 264 89
269 263 90
270 263 91
271 262 92
272 262 93
273 263 94
274 264 94
275 265 95
275 264 96
275 263 97
275 262 98
276 263 99
277 264 98
75
266 271 27
266 271 28
266 271 29
266 271 30
266 271 31
266 271 32
266 271 33
266 271 34
266 271 35
266 271 36
266 271 37
266 271 38
266 271 39
266 271 40
266 270 41
266 270 42
266 270 43
266 270 44
266 270 45
266 270 46
265 270 47
265 270 48
265 270 49
265 270 50
265 270 51
265 270 52
265 270 53
265 270 54
265 270 55
265 270 56
265 270 57
265 270 58
265 270 59
265 269 60
265 269 61
265 269 62
265 269 63
265 269 64
266 269 65
267 269 66
267 269 67
267 269 68
267 269 69
267 269 70
267 269 71
267 269 72
267 269 73
267 269 74
267 269 75
267 269 76
267 269 77
267 268 78
268 269 79
268 269 80
268 269 81
268 269 82
268 268 83
268 268 84
268 268 85
268 268 86
269 267 87
269 268 88
269 269 89
268 269 90
268 269 91
267 269 92
267 269 93
267 269 94
267 268 95
267 269 96
267 270 97
268 271 96
268 272 97
269 272 98
268 273 99
75
266 271 27
266 271 28
266 271 29
266 271 30
266 271 31
266 271 32
266 271 33
266 271 34
266 271 35
266 271 36
266 271 37
266 271 38
266 271 39
266 271 40
266 270 41
266 270 42
266 270 43
266 270 44
266 270 45
266 270 46
265 270 47
265 270 48
265 270 49
265 270 50
265 270 51
265 270 52
265 270 53
265 270 54
265 270 55
265 270 56
265 270 57
265 270 58
265 270 59
265 269 60
265 269 61
265 269 62
265 269 63
265 269 64
266 269 65
267 269 66
267 269 67
267 269 68
267 269 69
267 269 70
267 269 71
267 269 72
267 269 73
267 269 74
267 269 75
267 269 76
267 269 77
267 268 78
268 269 79
268 269 80
268 269 81
268 269 82
268 268 83
268 268 84
268 268 85
268 268 86
269 267 87
269 268 88
270 268 89
271 269 90
272 269 91
273 268 92
274 269 93
275 268 94
275 269 95
276 270 96
276 269 97
277 268 98
277 267 98
277 266 98
277 265 98
74
266 271 27
266 271 28
266 271 29
266 271 30
266 271 31
266 271 32
266 271 33
266 271 34
266 271 35
266 271 36
266 271 37
266 271 38
266 271 39
266 271 40
266 270 41
266 270 42
266 270 43
266 270 44
266 270 45
266 270 46
265 270 47
265 270 48
265 270 49
265 270 50
265 270 51
265 270 52
265 270 53
265 270 54
265 270 55
265 270 56
265 270 57
265 270 58
265 270 59
265 269 60
265 269 61
265 269 62
265 269 63
265 269 64
266 269 65
267 269 66
267 269 67
267 269 68
267 269 69
267 269 70
267 269 71
267 269 72
267 269 73
267 269 74
267 269 75
267 269 76
267 269 77
267 268 78
268 269 79
268 269 80
268 269 81
268 269 82
268 268 83
268 268 84
268 268 85
268 268 86
269 267 87
269 266 87
268 265 88
268 264 89
269 263 90
268 263 91
267 263 92
267 262 93
267 262 94
267 261 95
266 262 96
267 263 97
268 264 98
268 265 98
74
266 271 27
266 271 28
266 271 29
266 271 30
266 271 31
266 271 32
266 271 33
266 271 34
266 271 35
266 271 36
266 271 37
266 271 38
266 271 39
266 271 40
266 270 41
266 270 42
266 270 43
266 270 44
266 270 45
266 270 46
265 270 47
265 270 48
265 270 49
265 270 50
265 270 51
265 270 52
265 270 53
265 270 54
265 270 55
265 270 56
265 270 57
265 270 58
265 270 59
265 269 60
265 269 61
265 269 62
265 269 63
265 269 64
266 269 65
267 269 66
267 269 67
267 269 68
267 269 69
267 269 70
267 269 71
267 269 72
267 269 73
267 269 74
267 269 75
267 269 76
267 269 77
267 268 78
268 269 79
268 269 80
268 269 81
268 269 82
268 268 83
268 268 84
268 268 85
268 268 86
269 267 87
269 268 88
269 269 89
268 269 90
268 269 91
267 269 92
267 269 93
267 269 94
267 268 95
267 269 96
267 269 97
267 268 98
268 267 98
268 266 98
73
266 271 27
266 271 28
266 271 29
266 271 30
266 271 31
266 271 32
266 271 33
266 271 34
266 271 35
266 271 36
266 271 37
266 271 38
266 271 39
266 271 40
266 270 41
266 270 42
266 270 43
266 270 44
266 270 45
266 270 46
265 270 47
265 270 48
265 270 49
265 270 50
265 270 51
265 270 52
265 270 53
265 270 54
265 270 55
265 270 56
265 270 57
265 270 58
265 270 59
265 269 60
265 269 61
265 269 62
265 269 63
265 269 64
266 269 65
267 269 66
267 269 67
267 269 68
267 269 69
267 269 70
267 269 71
267 269 72
267 269 73
267 269 74
267 269 75
267 269 76
267 269 77
267 268 78
268 269 79
268 269 80
268 269 81
268 269 82
268 268 83
268 268 84
268 268 85
268 268 86
269 267 87
269 266 87
268 265 88
268 264 89
269 263 90
268 263 91
267 263 92
267 262 93
267 262 94
268 261 95
269 261 96
270 262 97
269 263 97
71
266 271 27
266 271 28
266 271 29
266 271 30
266 271 31
266 271 32
266 271 33
266 271 34
266 271 35
266 271 36
266 271 37
266 271 38
266 271 39
266 271 40
266 270 41
266 270 42
266 270 43
266 270 44
266 270 45
266 270 46
265 270 47
265 270 48
265 270 49
265 270 50
265 270 51
265 270 52
265 270 53
265 270 54
265 270 55
265 270 56
265 270 57
265 270 58
265 270 59
265 269 60
265 269 61
265 269 62
265 269 63
265 269 64
266 269 65
267 269 66
267 269 67
267 269 68
267 269 69
267 269 70
267 269 71
267 269 72
267 269 73
267 269 74
267 269 75
267 269 76
267 269 77
267 268 78
268 269 79
268 269 80
268 269 81
268 269 82
268 268 83
268 268 84
268 268 85
268 268 86
269 267 87
269 266 87
268 265 88
268 264 89
269 263 90
268 263 91
267 263 92
266 264 92
266 265 93
267 265 94
268 266 95
70
266 271 27
266 271 28
266 271 29
266 271 30
266 271 31
266 271 32
266 271 33
266 271 34
266 271 35
266 271 36
266 271 37
266 271 38
266 271 39
266 271 40
266 270 41
266 270 42
266 270 43
266 270 44
266 270 45
266 270 46
265 270 47
265 270 48
265 270 49
265 270 50
265 270 51
265 270 52
265 270 53
265 270 54
265 270 55
265 270 56
265 270 57
265 270 58
265 270 59
265 269 60
265 269 61
265 269 62
265 269 63
265 269 64
266 269 65
267 269 66
267 269 67
267 269 68
267 269 69
267 269 70
267 269 71
267 269 72
267 269 73
267 269 74
267 269 75
267 269 76
267 269 77
267 268 78
268 269 79
268 269 80
268 269 81
268 269 82
268 268 83
268 268 84
268 268 85
268 268 86
269 267 87
269 268 88
270 268 89
271 269 90
272 269 91
273 268 92
274 269 93
275 268 94
275 267 95
275 266 95
70
266 271 27
266 271 28
266 271 29
266 271 30
266 271 31
266 271 32
266 271 33
266 271 34
266 271 35
266 271 36
266 271 37
266 271 38
266 271 39
266 271 40
266 270 41
266 270 42
266 270 43
266 270 44
266 270 45
266 270 46
265 270 47
265 270 48
265 270 49
265 270 50
265 270 51
265 270 52
265 270 53
265 270 54
265 270 55
265 270 56
265 270 57
265 270 58
265 270 59
265 269 60
265 269 61
265 269 62
265 269 63
265 269 64
266 269 65
267 269 66
267 269 67
267 269 68
267 269 69
267 269 70
267 269 71
267 269 72
267 269 73
267 269 74
267 269 75
267 269 76
267 269 77
267 268 78
268 269 79
268 269 80
268 269 81
268 269 82
268 268 83
268 268 84
268 268 85
268 268 86
269 267 87
269 266 87
268 265 88
268 264 89
269 263 90
268 263 91
267 263 92
267 262 93
267 263 94
268 264 95
70
266 271 27
266 271 28
266 271 29
266 271 30
266 271 31
266 271 32
266 271 33
266 271 34
266 271 35
266 271 36
266 271 37
266 271 38
266 271 39
266 271 40
266 270 41
266 270 42
266 270 43
266 270 44
266 270 45
266 270 46
265 270 47
265 270 48
265 270 49
265 270 50
265 270 51
265 270 52
265 270 53
265 270 54
265 270 55
265 270 56
265 270 57
265 270 58
265 270 59
265 269 60
265 269 61
265 269 62
265 269 63
265 269 64
266 269 65
267 269 66
267 269 67
267 269 68
267 269 69
267 269 70
267 269 71
267 269 72
267 269 73
267 269 74
267 269 75
267 269 76
267 269 77
267 268 78
268 269 79
268 269 80
268 269 81
268 269 82
268 268 83
268 268 84
268 268 85
268 268 86
269 267 87
269 268 88
269 269 89
268 269 90
268 269 91
267 269 92
267 269 93
267 269 94
267 268 95
267 267 95
55
266 271 27
266 271 28
266 271 29
266 271 30
266 271 31
266 271 32
266 271 33
266 271 34
266 271 35
266 271 36
266 271 37
266 271 38
266 271 39
266 271 40
266 270 41
266 270 42
266 270 43
266 270 44
266 270 45
266 270 46
265 270 47
265 270 48
265 270 49
265 270 50
265 270 51
265 270 52
265 270 53
265 270 54
265 270 55
265 270 56
265 270 57
265 270 58
265 270 59
265 269 60
265 269 61
265 269 62
265 269 63
264 269 64
263 269 65
262 269 66
261 269 67
261 269 68
261 269 69
261 269 70
262 269 71
261 269 72
261 269 73
261 269 74
261 269 75
261 269 76
262 269 77
263 270 78
263 270 79
262 271 80
262 271 81
