68
247
247 254 24
247 254 25
247 254 26
246 254 27
246 254 28
246 254 29
246 254 30
246 254 31
246 254 32
245 254 33
245 254 34
245 254 35
245 254 36
245 254 37
245 254 38
244 254 39
244 254 40
244 254 41
244 254 42
244 254 43
244 254 44
244 254 45
243 254 46
243 254 47
243 254 48
243 254 49
242 253 50
242 254 51
242 254 52
242 254 53
242 254 54
242 254 55
241 253 56
241 254 57
241 254 58
241 254 59
241 254 60
241 254 61
241 255 62
241 255 63
240 255 64
240 255 65
240 254 66
240 254 67
240 254 68
239 253 69
239 253 70
239 253 71
239 253 72
238 253 73
238 253 74
238 253 75
237 253 76
237 252 77
238 253 78
237 252 79
237 251 80
237 251 81
237 252 82
236 252 83
236 251 84
236 250 85
235 251 86
234 252 87
233 252 88
234 251 89
235 252 90
236 252 91
235 252 92
236 251 93
235 252 94
235 252 95
235 252 96
236 253 97
235 252 98
235 252 99
234 252 100
235 253 101
235 253 102
235 253 103
234 252 104
234 252 105
233 251 106
234 252 107
235 253 107
235 254 107
236 255 107
236 256 108
236 256 109
236 257 110
236 258 111
236 258 112
236 259 113
237 258 114
237 258 115
237 259 116
237 259 117
238 260 118
239 260 119
238 260 120
238 260 121
237 261 122
237 261 123
238 261 124
238 261 125
237 262 126
237 263 127
237 263 128
237 264 129
237 264 130
237 264 131
237 265 132
237 266 133
236 266 134
237 267 135
237 267 136
236 268 137
237 268 138
237 268 139
237 268 140
237 268 141
237 269 142
237 269 143
237 269 144
236 269 145
236 269 146
237 270 147
238 270 148
238 271 149
237 271 150
238 271 151
238 271 152
238 272 153
239 272 154
238 273 155
238 274 156
238 274 157
238 275 158
238 276 159
238 276 160
239 277 161
239 278 162
239 279 163
239 279 164
240 280 165
239 281 166
239 281 167
239 282 168
240 282 169
240 283 170
241 282 171
241 283 172
241 283 173
240 284 174
240 285 175
241 284 176
241 285 177
241 286 178
242 287 179
242 288 180
243 288 181
243 289 182
244 290 183
244 291 184
244 292 185
245 293 186
245 294 186
245 295 187
245 296 188
246 297 189
246 298 190
246 299 191
247 300 191
248 301 192
249 302 193
249 303 194
250 303 195
251 303 196
251 303 197
252 303 198
252 304 199
252 305 200
252 306 201
253 306 202
253 307 203
253 308 203
253 309 204
254 309 205
254 310 206
254 311 207
255 312 208
256 313 209
257 314 210
258 315 211
258 316 211
259 317 212
260 318 213
260 319 213
261 320 214
262 321 214
263 322 214
264 323 215
265 324 216
265 325 216
266 326 217
267 327 218
268 328 219
269 329 220
270 330 221
271 331 222
272 332 222
273 333 223
274 333 223
275 334 224
276 335 224
277 335 224
278 336 224
279 337 225
280 338 225
281 339 226
282 339 227
283 340 227
284 340 228
285 341 228
286 342 229
287 343 230
288 344 230
289 344 230
290 344 230
291 345 231
292 345 231
293 346 231
294 346 232
295 347 232
296 347 232
297 348 232
298 348 232
299 348 233
300 349 234
301 350 234
302 350 234
303 350 234
304 350 234
305 351 234
306 351 235
307 352 235
308 352 235
209
247 254 24
247 254 25
247 254 26
246 254 27
246 254 28
246 254 29
246 254 30
246 254 31
246 254 32
245 254 33
245 254 34
245 254 35
245 254 36
245 254 37
245 254 38
244 254 39
244 254 40
244 254 41
244 254 42
244 254 43
244 254 44
244 254 45
243 254 46
243 254 47
243 254 48
243 254 49
242 253 50
242 254 51
242 254 52
242 254 53
242 254 54
242 254 55
241 253 56
241 254 57
241 254 58
241 254 59
241 254 60
241 254 61
241 255 62
241 255 63
240 255 64
240 255 65
240 254 66
240 254 67
240 254 68
239 253 69
239 253 70
239 253 71
239 253 72
238 253 73
238 253 74
238 253 75
237 253 76
237 252 77
238 253 78
237 252 79
237 251 80
237 251 81
237 252 82
236 252 83
236 251 84
236 250 85
235 249 86
234 248 87
233 247 88
233 246 89
233 245 90
233 244 91
232 244 92
232 244 93
232 243 94
231 243 95
231 243 96
231 242 97
231 242 98
230 242 99
231 241 100
230 241 101
230 240 102
230 240 103
230 239 104
229 239 105
228 239 106
228 238 107
227 238 108
227 237 109
227 236 110
226 235 111
226 234 112
226 234 113
225 234 114
225 233 115
224 233 116
224 232 117
224 232 118
224 231 119
223 231 120
224 230 121
223 230 122
223 229 123
223 229 124
222 229 125
222 228 126
221 228 127
221 227 128
221 226 129
221 226 130
220 225 131
219 224 132
218 224 133
217 223 134
217 222 135
217 221 136
216 220 137
215 219 138
215 218 139
214 217 140
213 216 141
213 216 142
213 215 143
212 214 144
212 213 145
211 213 146
211 212 147
210 211 148
210 211 149
210 210 150
210 210 151
209 210 152
209 209 153
209 208 154
208 207 155
207 206 156
206 205 157
205 204 158
204 203 159
203 202 160
203 201 160
202 200 161
201 199 161
201 198 162
200 197 162
199 196 163
199 195 163
198 194 163
198 193 164
197 192 164
196 191 165
196 190 165
195 189 166
194 188 166
193 187 167
193 186 168
192 185 169
191 184 170
190 183 170
189 182 171
189 181 172
188 180 172
187 179 172
187 178 173
186 177 174
185 176 174
184 175 174
183 174 175
182 173 175
182 172 175
182 171 175
182 170 175
181 169 175
180 168 175
180 167 175
180 166 175
180 165 175
179 164 175
178 163 175
177 162 175
176 161 174
175 160 173
174 159 172
173 158 172
172 157 172
172 156 172
171 155 171
170 155 171
169 154 171
170 153 171
169 152 171
170 151 171
170 150 172
171 149 172
170 148 171
169 147 171
168 146 171
167 145 171
166 144 170
165 143 170
164 142 169
163 141 168
163 140 167
162 139 167
161 138 166
160 137 165
159 136 165
158 135 164
158 134 164
157 133 163
157 133 162
156 132 161
196
247 254 24
247 254 25
247 254 26
246 254 27
246 254 28
246 254 29
246 254 30
246 254 31
246 254 32
245 254 33
245 254 34
245 254 35
245 254 36
245 254 37
245 254 38
244 254 39
244 254 40
244 254 41
244 254 42
244 254 43
244 254 44
244 254 45
243 254 46
243 254 47
243 254 48
243 254 49
242 253 50
242 254 51
242 254 52
242 254 53
242 254 54
242 254 55
241 253 56
241 254 57
241 254 58
241 254 59
241 254 60
241 254 61
241 255 62
242 256 63
242 257 64
242 257 65
242 257 66
242 257 67
243 258 68
242 258 69
242 258 70
243 259 71
242 258 72
242 259 73
242 259 74
243 259 75
243 260 76
243 260 77
243 260 78
243 260 79
243 260 80
242 261 81
242 261 82
242 261 83
243 261 84
242 262 85
242 262 86
242 262 87
242 263 88
241 263 89
242 263 90
242 263 91
242 264 92
242 264 93
242 264 94
242 264 95
242 264 96
242 265 97
242 265 98
242 265 99
241 266 100
241 266 101
241 266 102
241 267 103
241 267 104
242 268 105
241 268 106
241 268 107
241 268 108
241 269 109
241 269 110
242 270 111
241 270 112
242 271 113
242 271 114
241 271 115
241 271 116
241 272 117
241 273 118
241 273 119
241 274 120
241 275 121
241 275 122
241 276 123
241 276 124
241 276 125
240 277 126
241 277 127
241 278 128
240 278 129
240 279 130
240 280 131
241 281 132
240 282 133
239 282 134
240 283 135
239 284 136
239 285 137
240 286 138
240 286 139
240 287 140
240 288 141
239 288 142
240 289 143
240 289 144
239 290 145
239 291 146
240 292 147
240 293 148
240 294 149
240 295 150
240 296 151
239 297 152
239 298 153
239 299 153
239 300 154
239 301 155
238 302 156
238 303 157
239 304 157
239 305 157
238 306 158
239 307 158
239 308 159
238 309 159
238 310 159
237 311 160
238 312 160
238 313 160
239 314 160
239 315 161
238 316 161
237 317 162
238 318 162
238 319 162
238 320 163
238 321 163
237 322 164
237 323 164
237 324 165
237 325 165
237 326 165
236 327 165
237 328 165
237 329 166
237 330 166
237 331 166
237 332 166
238 333 167
237 334 167
237 335 167
237 336 167
237 337 167
238 338 167
238 339 167
238 340 167
238 341 167
238 342 167
238 343 167
238 344 167
238 345 166
238 346 166
238 347 166
238 348 166
238 349 166
239 350 166
239 351 165
239 352 165
240 353 164
240 354 164
240 361 160
241 362 159
241 363 158
241 364 158
241 365 157
242 366 156
242 367 155
242 368 154
242 368 153
243 368 152
190
247 254 24
247 254 25
247 254 26
246 254 27
246 254 28
246 254 29
246 254 30
246 254 31
246 254 32
245 254 33
245 254 34
245 254 35
245 254 36
245 254 37
245 254 38
244 254 39
244 254 40
244 254 41
244 254 42
244 254 43
244 254 44
244 254 45
243 254 46
243 254 47
243 254 48
243 254 49
242 253 50
242 254 51
242 254 52
242 254 53
242 254 54
242 254 55
241 253 56
241 254 57
241 254 58
241 254 59
241 254 60
241 254 61
241 255 62
241 255 63
240 255 64
240 255 65
240 254 66
240 254 67
240 254 68
239 253 69
239 253 70
239 253 71
239 253 72
238 253 73
238 253 74
238 253 75
237 253 76
237 252 77
238 253 78
237 252 79
237 251 80
237 251 81
237 252 82
236 252 83
236 251 84
236 250 85
235 249 86
234 248 87
233 247 88
233 246 89
233 245 90
233 244 91
232 244 92
232 244 93
232 243 94
231 243 95
231 243 96
231 242 97
231 242 98
230 242 99
231 241 100
230 241 101
230 240 102
230 240 103
230 239 104
229 239 105
228 239 106
228 238 107
227 238 108
227 237 109
227 236 110
226 235 111
226 234 112
226 234 113
225 234 114
225 233 115
224 233 116
224 232 117
224 232 118
224 231 119
223 231 120
224 230 121
223 230 122
223 229 123
223 229 124
222 229 125
222 228 126
221 228 127
221 227 128
221 226 129
221 226 130
220 225 131
219 224 132
218 224 133
217 223 134
217 222 135
217 221 136
216 220 137
215 219 138
215 218 139
214 217 140
213 216 141
213 216 142
213 215 143
212 214 144
212 213 145
211 213 146
211 212 147
210 211 148
210 211 149
210 210 150
210 210 151
209 210 152
209 209 153
209 208 154
208 207 155
207 206 156
206 205 157
205 204 158
204 203 159
203 202 160
203 201 160
202 200 161
201 199 161
201 198 162
200 197 162
199 196 163
199 195 163
198 194 163
198 193 164
197 192 164
196 191 165
196 190 165
195 189 166
194 188 166
193 187 167
193 186 168
192 185 169
191 184 170
190 183 170
189 182 171
189 181 172
188 180 172
187 179 172
187 178 173
186 177 174
185 176 174
184 175 174
183 174 175
182 173 175
182 172 175
182 171 175
182 170 175
181 169 175
180 168 175
180 167 175
180 166 175
180 165 175
179 164 175
178 163 175
177 162 175
176 161 174
175 160 173
174 159 172
173 158 172
172 157 172
172 156 172
171 155 171
170 155 171
169 154 171
168 154 171
167 153 171
166 153 171
165 152 171
188
247 254 24
247 254 25
247 254 26
246 254 27
246 254 28
246 254 29
246 254 30
246 254 31
246 254 32
245 254 33
245 254 34
245 254 35
245 254 36
245 254 37
245 254 38
244 254 39
244 254 40
244 254 41
244 254 42
244 254 43
244 254 44
244 254 45
243 254 46
243 254 47
243 254 48
243 254 49
242 253 50
242 254 51
242 254 52
242 254 53
242 254 54
242 254 55
241 253 56
241 254 57
241 254 58
241 254 59
241 254 60
241 254 61
241 255 62
241 255 63
240 255 64
240 255 65
240 254 66
240 254 67
240 254 68
239 253 69
239 253 70
239 253 71
239 253 72
238 253 73
238 253 74
238 253 75
237 253 76
237 252 77
238 253 78
237 252 79
237 251 80
237 251 81
237 252 82
236 252 83
236 251 84
236 250 85
235 251 86
234 252 87
233 252 88
234 251 89
235 252 90
236 252 91
235 252 92
236 251 93
235 252 94
235 252 95
235 252 96
236 253 97
235 252 98
235 252 99
234 252 100
235 253 101
235 253 102
235 253 103
234 252 104
234 252 105
233 251 106
234 252 107
235 252 108
234 252 109
234 251 110
233 252 111
233 251 112
232 250 113
233 250 114
233 249 115
232 249 116
231 250 117
231 250 118
230 251 119
230 251 120
229 251 121
228 252 122
228 252 123
228 252 124
228 252 125
228 252 126
228 252 127
229 252 128
228 252 129
228 252 130
229 252 131
229 251 132
230 251 133
230 251 134
229 251 135
228 251 136
229 251 137
229 251 138
229 251 139
230 251 140
230 251 141
230 251 142
231 251 143
231 251 144
230 251 145
229 252 146
228 253 147
228 252 148
227 251 149
226 251 150
225 252 151
226 252 152
227 252 153
228 251 154
229 250 155
228 250 156
228 251 157
227 250 158
227 251 159
226 252 160
225 252 161
225 253 162
224 253 163
223 254 164
223 253 165
222 252 166
221 251 167
220 252 168
219 251 169
218 250 170
217 250 171
216 251 172
216 252 173
216 253 174
216 254 175
217 254 176
218 254 177
219 255 178
220 256 179
219 257 180
219 257 181
219 258 182
218 258 183
218 259 184
218 260 185
217 260 186
217 261 187
217 261 188
217 262 189
216 263 190
216 264 191
216 264 192
215 265 193
215 265 194
215 266 195
214 267 196
214 268 197
214 269 198
213 269 199
213 270 200
213 271 201
212 272 202
212 272 203
211 273 204
211 274 205
211 274 206
211 275 207
211 275 208
210 276 209
210 276 210
207 288 230
187
247 254 24
247 254 25
247 254 26
246 254 27
246 254 28
246 254 29
246 254 30
246 254 31
246 254 32
245 254 33
245 254 34
245 254 35
245 254 36
245 254 37
245 254 38
244 254 39
244 254 40
244 254 41
244 254 42
244 254 43
244 254 44
244 254 45
243 254 46
243 254 47
243 254 48
243 254 49
242 253 50
242 254 51
242 254 52
242 254 53
242 254 54
242 254 55
241 253 56
241 254 57
241 254 58
241 254 59
241 254 60
241 254 61
241 255 62
241 255 63
240 255 64
240 255 65
240 254 66
240 254 67
240 254 68
239 253 69
239 253 70
239 253 71
239 253 72
238 253 73
238 253 74
238 253 75
237 253 76
237 252 77
238 253 78
237 252 79
237 251 80
237 251 81
237 252 82
236 252 83
236 251 84
236 250 85
235 251 86
234 252 87
233 252 88
234 251 89
235 252 90
236 252 91
235 252 92
236 251 93
235 252 94
235 252 95
235 252 96
236 253 97
235 252 98
235 252 99
234 252 100
235 253 101
235 253 102
235 253 103
234 252 104
234 252 105
233 251 106
234 252 107
235 252 108
234 252 109
234 251 110
233 252 111
233 251 112
232 250 113
233 250 114
233 249 115
232 249 116
231 250 117
231 250 118
230 251 119
230 251 120
229 251 121
228 252 122
228 252 123
228 252 124
228 252 125
228 252 126
228 252 127
229 252 128
228 252 129
228 252 130
229 252 131
229 251 132
230 251 133
230 251 134
229 251 135
228 251 136
229 251 137
229 251 138
229 251 139
230 251 140
230 251 141
230 251 142
231 251 143
231 251 144
230 251 145
229 252 146
228 253 147
228 252 148
227 251 149
226 251 150
225 252 151
226 252 152
227 252 153
228 251 154
229 250 155
228 250 156
228 251 157
227 250 158
227 251 159
226 252 160
225 252 161
225 253 162
224 253 163
223 254 164
223 253 165
222 252 166
221 251 167
220 252 168
219 251 169
218 250 170
217 250 171
216 251 172
216 252 173
216 253 174
216 254 175
217 254 176
218 254 177
219 255 178
220 256 179
219 257 180
219 257 181
219 258 182
218 258 183
218 259 184
218 260 185
217 260 186
217 261 187
217 261 188
217 262 189
216 263 190
216 264 191
216 264 192
215 265 193
215 265 194
215 266 195
214 267 196
214 268 197
214 269 198
213 269 199
213 270 200
213 271 201
212 272 202
212 272 203
211 273 204
211 274 205
211 274 206
211 275 207
211 275 208
210 276 209
210 276 210
187
247 254 24
247 254 25
247 254 26
246 254 27
246 254 28
246 254 29
246 254 30
246 254 31
246 254 32
245 254 33
245 254 34
245 254 35
245 254 36
245 254 37
245 254 38
244 254 39
244 254 40
244 254 41
244 254 42
244 254 43
244 254 44
244 254 45
243 254 46
243 254 47
243 254 48
243 254 49
242 253 50
242 254 51
242 254 52
242 254 53
242 254 54
242 254 55
241 253 56
241 254 57
241 254 58
241 254 59
241 254 60
241 254 61
241 255 62
242 256 63
242 257 64
242 257 65
242 257 66
242 257 67
243 258 68
242 258 69
242 258 70
243 259 71
242 258 72
242 259 73
242 259 74
243 259 75
243 260 76
243 260 77
243 260 78
243 260 79
243 260 80
242 261 81
242 261 82
242 261 83
243 261 84
242 262 85
242 262 86
242 262 87
242 263 88
241 263 89
242 263 90
242 263 91
242 264 92
242 264 93
242 264 94
242 264 95
242 264 96
242 265 97
242 265 98
242 265 99
241 266 100
241 266 101
241 266 102
241 267 103
241 267 104
242 268 105
241 268 106
241 268 107
241 268 108
241 269 109
241 269 110
242 270 111
241 270 112
242 271 113
242 271 114
241 271 115
241 271 116
241 272 117
241 273 118
241 273 119
241 274 120
241 275 121
241 275 122
241 276 123
241 276 124
241 276 125
240 277 126
241 277 127
241 278 128
240 278 129
240 279 130
240 280 131
241 281 132
240 282 133
239 282 134
240 283 135
239 284 136
239 285 137
240 286 138
240 286 139
240 287 140
240 288 141
239 288 142
240 289 143
240 289 144
239 290 145
239 291 146
240 292 147
240 293 148
240 294 149
240 295 150
240 296 151
239 297 152
239 298 153
239 299 153
239 300 154
239 301 155
238 302 156
238 303 157
239 304 157
239 305 157
238 306 158
239 307 158
239 308 159
238 309 159
238 310 159
237 311 160
238 312 160
238 313 160
239 314 160
239 315 161
238 316 161
237 317 162
238 318 162
238 319 162
238 320 163
238 321 163
237 322 164
237 323 164
237 324 165
237 325 165
237 326 165
236 327 165
237 328 165
237 329 166
237 330 166
237 331 166
237 332 166
238 333 167
237 334 167
237 335 167
237 336 167
237 337 167
238 338 167
238 339 167
238 340 167
238 341 167
238 342 167
238 343 167
238 344 167
238 345 166
238 346 166
238 347 166
238 348 166
238 349 166
239 350 166
239 351 165
239 352 165
240 353 164
240 354 164
240 361 160
186
247 254 24
247 254 25
247 254 26
246 254 27
246 254 28
246 254 29
246 254 30
246 254 31
246 254 32
245 254 33
245 254 34
245 254 35
245 254 36
245 254 37
245 254 38
244 254 39
244 254 40
244 254 41
244 254 42
244 254 43
244 254 44
244 254 45
243 254 46
243 254 47
243 254 48
243 254 49
242 253 50
242 254 51
242 254 52
242 254 53
242 254 54
242 254 55
241 253 56
241 254 57
241 254 58
241 254 59
241 254 60
241 254 61
241 255 62
242 256 63
242 257 64
242 257 65
242 257 66
242 257 67
243 258 68
242 258 69
242 258 70
243 259 71
242 258 72
242 259 73
242 259 74
243 259 75
243 260 76
243 260 77
243 260 78
243 260 79
243 260 80
242 261 81
242 261 82
242 261 83
243 261 84
242 262 85
242 262 86
242 262 87
242 263 88
241 263 89
242 263 90
242 263 91
242 264 92
242 264 93
242 264 94
242 264 95
242 264 96
242 265 97
242 265 98
242 265 99
241 266 100
241 266 101
241 266 102
241 267 103
241 267 104
242 268 105
241 268 106
241 268 107
241 268 108
241 269 109
241 269 110
242 270 111
241 270 112
242 271 113
242 271 114
241 271 115
241 271 116
241 272 117
241 273 118
241 273 119
241 274 120
241 275 121
241 275 122
241 276 123
241 276 124
241 276 125
240 277 126
241 277 127
241 278 128
240 278 129
240 279 130
240 280 131
241 281 132
240 282 133
239 282 134
240 283 135
239 284 136
239 285 137
240 286 138
240 286 139
240 287 140
240 288 141
239 288 142
240 289 143
240 289 144
239 290 145
239 291 146
240 292 147
240 293 148
240 294 149
240 295 150
240 296 151
239 297 152
239 298 153
239 299 153
239 300 154
239 301 155
238 302 156
238 303 157
239 304 157
239 305 157
238 306 158
239 307 158
239 308 159
238 309 159
238 310 159
237 311 160
238 312 160
238 313 160
239 314 160
239 315 161
238 316 161
237 317 162
238 318 162
238 319 162
238 320 163
238 321 163
237 322 164
237 323 164
237 324 165
237 325 165
237 326 165
236 327 165
237 328 165
237 329 166
237 330 166
237 331 166
237 332 166
238 333 167
237 334 167
237 335 167
237 336 167
237 337 167
238 338 167
238 339 167
238 340 167
238 341 167
238 342 167
238 343 167
238 344 167
238 345 166
238 346 166
238 347 166
238 348 166
238 349 166
239 350 166
239 351 165
239 352 165
240 353 164
240 354 164
182
247 254 24
247 254 25
247 254 26
246 254 27
246 254 28
246 254 29
246 254 30
246 254 31
246 254 32
245 254 33
245 254 34
245 254 35
245 254 36
245 254 37
245 254 38
244 254 39
244 254 40
244 254 41
244 254 42
244 254 43
244 254 44
244 254 45
243 254 46
243 254 47
243 254 48
243 254 49
242 253 50
242 254 51
242 254 52
242 254 53
242 254 54
242 254 55
241 253 56
241 254 57
241 254 58
241 254 59
241 254 60
241 254 61
241 255 62
241 255 63
240 255 64
240 255 65
240 254 66
240 254 67
240 254 68
239 253 69
239 253 70
239 253 71
239 253 72
238 253 73
238 253 74
238 253 75
237 253 76
237 252 77
238 253 78
237 252 79
237 251 80
237 251 81
237 252 82
236 252 83
236 251 84
236 250 85
235 249 86
234 248 87
233 247 88
233 246 89
233 245 90
233 244 91
232 244 92
232 244 93
232 243 94
231 243 95
231 243 96
231 242 97
231 242 98
230 242 99
231 241 100
230 241 101
230 240 102
230 240 103
230 239 104
229 239 105
228 239 106
228 238 107
227 238 108
227 237 109
227 236 110
226 235 111
226 234 112
226 234 113
225 234 114
225 233 115
224 233 116
224 232 117
224 232 118
224 231 119
223 231 120
224 230 121
223 230 122
223 229 123
223 229 124
222 229 125
222 228 126
221 228 127
221 227 128
221 226 129
221 226 130
220 225 131
219 224 132
218 224 133
217 223 134
217 222 135
217 221 136
216 220 137
215 219 138
215 218 139
214 217 140
213 216 141
213 216 142
213 215 143
212 214 144
212 213 145
211 213 146
211 212 147
210 211 148
210 211 149
210 210 150
210 210 151
209 210 152
209 209 153
209 208 154
208 207 155
207 206 156
206 205 157
205 204 158
204 203 159
203 202 160
203 201 160
202 200 161
201 199 161
201 198 162
200 197 162
199 196 163
199 195 163
198 194 163
198 193 164
197 192 164
196 191 165
196 190 165
195 189 166
194 188 166
193 187 167
193 186 168
192 185 169
191 184 170
190 183 170
189 182 171
189 181 172
188 180 172
187 179 172
187 178 173
186 177 174
185 176 174
184 175 174
183 174 175
182 173 175
182 172 175
182 171 175
182 170 175
181 169 175
180 168 175
180 167 175
180 166 175
180 165 175
179 164 175
178 163 175
177 162 175
176 161 174
175 160 173
174 161 173
174 162 173
174 163 173
179
247 254 24
247 254 25
247 254 26
246 254 27
246 254 28
246 254 29
246 254 30
246 254 31
246 254 32
245 254 33
245 254 34
245 254 35
245 254 36
245 254 37
245 254 38
244 254 39
244 254 40
244 254 41
244 254 42
244 254 43
244 254 44
244 254 45
243 254 46
243 254 47
243 254 48
243 254 49
242 253 50
242 254 51
242 254 52
242 254 53
242 254 54
242 254 55
241 253 56
241 254 57
241 254 58
241 254 59
241 254 60
241 254 61
241 255 62
241 255 63
240 255 64
240 255 65
240 254 66
240 254 67
240 254 68
239 253 69
239 253 70
239 253 71
239 253 72
238 253 73
238 253 74
238 253 75
237 253 76
237 252 77
238 253 78
237 252 79
237 251 80
237 251 81
237 252 82
236 252 83
236 251 84
236 250 85
235 251 86
234 252 87
233 252 88
234 251 89
235 252 90
236 252 91
235 252 92
236 251 93
235 252 94
235 252 95
235 252 96
236 253 97
235 252 98
235 252 99
234 252 100
235 253 101
235 253 102
235 253 103
234 252 104
234 252 105
233 251 106
234 252 107
235 253 107
235 254 107
236 255 107
236 256 108
236 256 109
236 257 110
236 258 111
236 258 112
236 259 113
237 258 114
237 258 115
237 259 116
237 259 117
238 260 118
239 260 119
238 260 120
238 260 121
237 261 122
237 261 123
238 261 124
238 261 125
237 262 126
237 263 127
237 263 128
237 264 129
237 264 130
237 264 131
237 265 132
237 266 133
236 266 134
237 267 135
237 267 136
236 268 137
237 268 138
237 268 139
237 268 140
237 268 141
237 269 142
237 269 143
237 269 144
236 269 145
236 269 146
237 270 147
238 270 148
238 271 149
237 271 150
238 271 151
238 271 152
238 272 153
239 272 154
238 273 155
238 274 156
238 274 157
238 275 158
238 276 159
238 276 160
239 277 161
239 278 162
239 279 163
239 279 164
240 280 165
239 281 166
239 281 167
239 282 168
240 282 169
240 283 170
241 282 171
241 283 172
241 283 173
240 284 174
240 285 175
241 284 176
241 285 177
241 286 178
242 287 179
242 288 180
243 288 181
243 289 182
244 290 183
244 291 184
244 292 185
245 293 186
245 294 186
245 295 187
245 296 188
246 297 189
246 298 190
246 299 191
245 300 191
244 301 191
243 302 192
242 303 192
241 304 192
241 305 192
242 306 193
178
247 254 24
247 254 25
247 254 26
246 254 27
246 254 28
246 254 29
246 254 30
246 254 31
246 254 32
245 254 33
245 254 34
245 254 35
245 254 36
245 254 37
245 254 38
244 254 39
244 254 40
244 254 41
244 254 42
244 254 43
244 254 44
244 254 45
243 254 46
243 254 47
243 254 48
243 254 49
242 253 50
242 254 51
242 254 52
242 254 53
242 254 54
242 254 55
241 253 56
241 254 57
241 254 58
241 254 59
241 254 60
241 254 61
241 255 62
241 255 63
240 255 64
240 255 65
240 254 66
240 254 67
240 254 68
239 253 69
239 253 70
239 253 71
239 253 72
238 253 73
238 253 74
238 253 75
237 253 76
237 252 77
238 253 78
237 252 79
237 251 80
237 251 81
237 252 82
236 252 83
236 251 84
236 250 85
235 251 86
234 252 87
233 252 88
234 251 89
235 252 90
236 252 91
235 252 92
236 251 93
235 252 94
235 252 95
235 252 96
236 253 97
235 252 98
235 252 99
234 252 100
235 253 101
235 253 102
235 253 103
234 252 104
234 252 105
233 251 106
234 252 107
235 253 107
235 254 107
236 255 107
236 256 108
236 256 109
236 257 110
236 258 111
236 258 112
236 259 113
237 258 114
237 258 115
237 259 116
237 259 117
238 260 118
239 260 119
238 260 120
238 260 121
237 261 122
237 261 123
238 261 124
238 261 125
237 262 126
237 263 127
237 263 128
237 264 129
237 264 130
237 264 131
237 265 132
237 266 133
236 266 134
237 267 135
237 267 136
236 268 137
237 268 138
237 268 139
237 268 140
237 268 141
237 269 142
237 269 143
237 269 144
236 269 145
236 269 146
237 270 147
238 270 148
238 271 149
237 271 150
238 271 151
238 271 152
238 272 153
239 272 154
238 273 155
238 274 156
238 274 157
238 275 158
238 276 159
238 276 160
239 277 161
239 278 162
239 279 163
239 279 164
240 280 165
239 281 166
239 281 167
239 282 168
240 282 169
240 283 170
241 282 171
241 283 172
241 283 173
240 284 174
240 285 175
241 284 176
241 285 177
241 286 178
242 287 179
242 288 180
243 288 181
243 289 182
244 290 183
244 291 184
244 292 185
245 293 186
245 294 186
245 295 187
245 296 188
246 297 189
246 298 190
246 299 191
245 300 191
246 301 192
246 302 192
245 303 192
244 304 192
243 305 193
155
247 254 24
247 254 25
247 254 26
246 254 27
246 254 28
246 254 29
246 254 30
246 254 31
246 254 32
245 254 33
245 254 34
245 254 35
245 254 36
245 254 37
245 254 38
244 254 39
244 254 40
244 254 41
244 254 42
244 254 43
244 254 44
244 254 45
243 254 46
243 254 47
243 254 48
243 254 49
242 253 50
242 254 51
242 254 52
242 254 53
242 254 54
242 254 55
241 253 56
241 254 57
241 254 58
241 254 59
241 254 60
241 254 61
241 255 62
241 255 63
240 255 64
240 255 65
240 254 66
240 254 67
240 254 68
239 253 69
239 253 70
239 253 71
239 253 72
238 253 73
238 253 74
238 253 75
237 253 76
237 252 77
238 253 78
237 252 79
237 251 80
237 251 81
237 252 82
236 252 83
236 251 84
236 250 85
235 251 86
234 252 87
233 252 88
234 251 89
235 252 90
236 252 91
235 252 92
236 251 93
235 252 94
235 252 95
235 252 96
236 253 97
235 252 98
235 252 99
234 252 100
235 253 101
235 253 102
235 253 103
234 252 104
234 252 105
233 251 106
234 252 107
235 252 108
234 252 109
234 251 110
233 252 111
233 251 112
232 250 113
233 250 114
233 249 115
232 249 116
231 250 117
231 250 118
230 251 119
230 251 120
229 251 121
228 252 122
228 252 123
228 252 124
228 252 125
228 252 126
228 252 127
229 252 128
228 252 129
228 252 130
229 252 131
229 251 132
230 251 133
230 251 134
229 251 135
228 251 136
229 251 137
229 251 138
229 251 139
230 251 140
230 251 141
230 251 142
231 251 143
231 251 144
230 251 145
229 252 146
228 253 147
228 252 148
227 251 149
226 251 150
225 252 151
226 252 152
227 252 153
228 251 154
229 250 155
230 250 155
231 249 156
232 249 157
233 249 158
233 248 159
234 249 160
234 248 161
235 248 162
236 249 163
236 248 164
236 248 165
237 248 166
237 248 167
237 249 168
237 249 169
237 250 170
237 250 171
236 250 172
236 251 173
236 250 174
236 251 175
236 251 176
235 251 177
152
247 254 24
247 254 25
247 254 26
246 254 27
246 254 28
246 254 29
246 254 30
246 254 31
246 254 32
245 254 33
245 254 34
245 254 35
245 254 36
245 254 37
245 254 38
244 254 39
244 254 40
244 254 41
244 254 42
244 254 43
244 254 44
244 254 45
243 254 46
243 254 47
243 254 48
243 254 49
242 253 50
242 254 51
242 254 52
242 254 53
242 254 54
242 254 55
241 253 56
241 254 57
241 254 58
241 254 59
241 254 60
241 254 61
241 255 62
241 255 63
240 255 64
240 255 65
240 254 66
240 254 67
240 254 68
239 253 69
239 253 70
239 253 71
239 253 72
238 253 73
238 253 74
238 253 75
237 253 76
237 252 77
238 253 78
237 252 79
237 251 80
237 251 81
237 252 82
236 252 83
236 251 84
236 250 85
235 251 86
234 252 87
233 252 88
234 251 89
235 252 90
236 252 91
235 252 92
236 251 93
235 252 94
235 252 95
235 252 96
236 253 97
235 252 98
235 252 99
234 252 100
235 253 101
235 253 102
235 253 103
234 252 104
234 252 105
233 251 106
234 252 107
235 252 108
234 252 109
234 251 110
233 252 111
233 251 112
232 250 113
233 250 114
233 249 115
232 249 116
231 250 117
231 250 118
230 251 119
230 251 120
229 251 121
228 252 122
228 252 123
228 252 124
228 252 125
228 252 126
228 252 127
229 252 128
228 252 129
228 252 130
229 252 131
229 251 132
230 251 133
230 251 134
229 251 135
228 251 136
229 251 137
229 251 138
229 251 139
230 251 140
230 251 141
230 251 142
231 251 143
231 251 144
230 251 145
229 252 146
228 253 147
228 252 148
227 251 149
226 251 150
225 252 151
226 252 152
227 252 153
228 251 154
229 250 155
230 250 155
231 249 156
232 249 157
233 249 158
233 248 159
234 249 160
234 248 161
235 248 162
236 249 163
236 248 164
235 247 165
234 246 166
233 245 167
232 245 168
231 245 169
231 245 170
230 245 171
230 246 172
230 246 173
230 246 174
150
247 254 24
247 254 25
247 254 26
246 254 27
246 254 28
246 254 29
246 254 30
246 254 31
246 254 32
245 254 33
245 254 34
245 254 35
245 254 36
245 254 37
245 254 38
244 254 39
244 254 40
244 254 41
244 254 42
244 254 43
244 254 44
244 254 45
243 254 46
243 254 47
243 254 48
243 254 49
242 253 50
242 254 51
242 254 52
242 254 53
242 254 54
242 254 55
241 253 56
241 254 57
241 254 58
241 254 59
241 254 60
241 254 61
241 255 62
242 256 63
242 257 64
242 257 65
242 257 66
242 257 67
243 258 68
242 258 69
242 258 70
243 259 71
242 258 72
242 259 73
242 259 74
243 259 75
243 260 76
243 260 77
243 260 78
243 260 79
243 260 80
242 261 81
242 261 82
242 261 83
243 261 84
242 262 85
242 262 86
242 262 87
242 263 88
241 263 89
242 263 90
242 263 91
242 264 92
242 264 93
242 264 94
242 264 95
242 264 96
242 265 97
242 265 98
242 265 99
241 266 100
241 266 101
241 266 102
241 267 103
241 267 104
242 268 105
241 268 106
241 268 107
241 268 108
241 269 109
241 269 110
242 270 111
241 270 112
242 271 113
242 271 114
241 271 115
241 271 116
241 272 117
241 273 118
241 273 119
241 274 120
241 275 121
241 275 122
241 276 123
241 276 124
241 276 125
240 277 126
241 277 127
241 278 128
240 278 129
240 279 130
240 280 131
241 281 132
240 282 133
239 282 134
240 283 135
239 284 136
239 285 137
240 286 138
240 286 139
240 287 140
240 288 141
239 288 142
240 289 143
240 289 144
239 290 145
239 291 146
240 292 147
240 293 148
240 294 149
240 295 150
240 296 151
239 297 152
239 298 153
239 299 153
239 300 154
239 301 155
238 302 156
238 303 157
239 304 157
239 305 157
238 306 158
239 307 158
239 308 159
238 309 159
238 310 159
237 311 160
236 311 161
235 312 161
234 313 161
234 314 162
234 315 162
235 316 162
236 317 162
150
247 254 24
247 254 25
247 254 26
246 254 27
246 254 28
246 254 29
246 254 30
246 254 31
246 254 32
245 254 33
245 254 34
245 254 35
245 254 36
245 254 37
245 254 38
244 254 39
244 254 40
244 254 41
244 254 42
244 254 43
244 254 44
244 254 45
243 254 46
243 254 47
243 254 48
243 254 49
242 253 50
242 254 51
242 254 52
242 254 53
242 254 54
242 254 55
241 253 56
241 254 57
241 254 58
241 254 59
241 254 60
241 254 61
241 255 62
242 256 63
242 257 64
242 257 65
242 257 66
242 257 67
243 258 68
242 258 69
242 258 70
243 259 71
242 258 72
242 259 73
242 259 74
243 259 75
243 260 76
243 260 77
243 260 78
243 260 79
243 260 80
242 261 81
242 261 82
242 261 83
243 261 84
242 262 85
242 262 86
242 262 87
242 263 88
241 263 89
242 263 90
242 263 91
242 264 92
242 264 93
242 264 94
242 264 95
242 264 96
242 265 97
242 265 98
242 265 99
241 266 100
241 266 101
241 266 102
241 267 103
241 267 104
242 268 105
241 268 106
241 268 107
241 268 108
241 269 109
241 269 110
242 270 111
241 270 112
242 271 113
242 271 114
241 271 115
241 271 116
241 272 117
241 273 118
241 273 119
241 274 120
241 275 121
241 275 122
241 276 123
241 276 124
241 276 125
240 277 126
241 277 127
241 278 128
240 278 129
240 279 130
240 280 131
241 281 132
240 282 133
239 282 134
240 283 135
239 284 136
239 285 137
240 286 138
240 286 139
240 287 140
240 288 141
239 288 142
240 289 143
240 289 144
239 290 145
239 291 146
240 292 147
240 293 148
240 294 149
240 295 150
240 296 151
239 297 152
239 298 153
239 299 153
239 300 154
239 301 155
238 302 156
238 303 157
239 304 157
239 305 157
238 306 158
239 307 158
239 308 159
238 309 159
238 310 159
237 311 160
236 311 161
235 312 161
234 313 161
234 314 162
234 315 162
233 316 162
234 317 162
145
247 254 24
247 254 25
247 254 26
246 254 27
246 254 28
246 254 29
246 254 30
246 254 31
246 254 32
245 254 33
245 254 34
245 254 35
245 254 36
245 254 37
245 254 38
244 254 39
244 254 40
244 254 41
244 254 42
244 254 43
244 254 44
244 254 45
243 254 46
243 254 47
243 254 48
243 254 49
242 253 50
242 254 51
242 254 52
242 254 53
242 254 54
242 254 55
241 253 56
241 254 57
241 254 58
241 254 59
241 254 60
241 254 61
241 255 62
241 255 63
240 255 64
240 255 65
240 254 66
240 254 67
240 254 68
239 253 69
239 253 70
239 253 71
239 253 72
238 253 73
238 253 74
238 253 75
237 253 76
237 252 77
238 253 78
237 252 79
237 251 80
237 251 81
237 252 82
236 252 83
236 251 84
236 250 85
235 251 86
234 252 87
233 252 88
234 251 89
235 252 90
236 252 91
235 252 92
236 251 93
235 252 94
235 252 95
235 252 96
236 253 97
235 252 98
235 252 99
234 252 100
235 253 101
235 253 102
235 253 103
234 252 104
234 252 105
233 251 106
234 252 107
235 252 108
234 252 109
234 251 110
233 252 111
233 251 112
232 250 113
233 250 114
233 249 115
232 249 116
231 250 117
231 250 118
230 251 119
230 251 120
229 251 121
228 252 122
228 252 123
228 252 124
228 252 125
228 252 126
228 252 127
229 252 128
228 252 129
228 252 130
229 252 131
229 251 132
230 251 133
230 251 134
229 251 135
228 251 136
229 251 137
229 251 138
229 251 139
230 251 140
230 251 141
230 251 142
231 251 143
231 251 144
230 251 145
229 252 146
228 253 147
228 252 148
227 251 149
226 251 150
225 252 151
226 252 152
227 252 153
228 251 154
229 250 155
228 250 156
228 251 157
227 250 158
227 251 159
226 252 160
225 252 161
226 253 162
227 254 163
228 255 164
229 256 165
230 257 165
231 258 166
232 258 167
145
247 254 24
247 254 25
247 254 26
246 254 27
246 254 28
246 254 29
246 254 30
246 254 31
246 254 32
245 254 33
245 254 34
245 254 35
245 254 36
245 254 37
245 254 38
244 254 39
244 254 40
244 254 41
244 254 42
244 254 43
244 254 44
244 254 45
243 254 46
243 254 47
243 254 48
243 254 49
242 253 50
242 254 51
242 254 52
242 254 53
242 254 54
242 254 55
241 253 56
241 254 57
241 254 58
241 254 59
241 254 60
241 254 61
241 255 62
241 255 63
240 255 64
240 255 65
240 254 66
240 254 67
240 254 68
239 253 69
239 253 70
239 253 71
239 253 72
238 253 73
238 253 74
238 253 75
237 253 76
237 252 77
238 253 78
237 252 79
237 251 80
237 251 81
237 252 82
236 252 83
236 251 84
236 250 85
235 251 86
234 252 87
233 252 88
234 251 89
235 252 90
236 252 91
235 252 92
236 251 93
235 252 94
235 252 95
235 252 96
236 253 97
235 252 98
235 252 99
234 252 100
235 253 101
235 253 102
235 253 103
234 252 104
234 252 105
233 251 106
234 252 107
235 252 108
234 252 109
234 251 110
233 252 111
233 251 112
232 250 113
233 250 114
233 249 115
232 249 116
231 250 117
231 250 118
230 251 119
230 251 120
229 251 121
228 252 122
228 252 123
228 252 124
228 252 125
228 252 126
228 252 127
229 252 128
228 252 129
228 252 130
229 252 131
229 251 132
230 251 133
230 251 134
229 251 135
228 251 136
229 251 137
229 251 138
229 251 139
230 251 140
230 251 141
230 251 142
231 251 143
231 251 144
230 251 145
229 252 146
228 253 147
228 252 148
227 251 149
226 251 150
225 252 151
226 252 152
227 252 153
228 251 154
229 250 155
230 251 155
231 252 155
231 253 154
231 254 154
231 255 154
231 256 154
231 257 154
232 258 154
232 259 154
232 260 154
232 261 154
232 262 154
232 263 154
144
247 254 24
247 254 25
247 254 26
246 254 27
246 254 28
246 254 29
246 254 30
246 254 31
246 254 32
245 254 33
245 254 34
245 254 35
245 254 36
245 254 37
245 254 38
244 254 39
244 254 40
244 254 41
244 254 42
244 254 43
244 254 44
244 254 45
243 254 46
243 254 47
243 254 48
243 254 49
242 253 50
242 254 51
242 254 52
242 254 53
242 254 54
242 254 55
241 253 56
241 254 57
241 254 58
241 254 59
241 254 60
241 254 61
241 255 62
241 255 63
240 255 64
240 255 65
240 254 66
240 254 67
240 254 68
239 253 69
239 253 70
239 253 71
239 253 72
238 253 73
238 253 74
238 253 75
237 253 76
237 252 77
238 253 78
237 252 79
237 251 80
237 251 81
237 252 82
236 252 83
236 251 84
236 250 85
235 251 86
234 252 87
233 252 88
234 251 89
235 252 90
236 252 91
235 252 92
236 251 93
235 252 94
235 252 95
235 252 96
236 253 97
235 252 98
235 252 99
234 252 100
235 253 101
235 253 102
235 253 103
234 252 104
234 252 105
233 251 106
234 252 107
235 252 108
234 252 109
234 251 110
233 252 111
233 251 112
232 250 113
233 250 114
233 249 115
232 249 116
231 250 117
231 250 118
230 251 119
230 251 120
229 251 121
228 252 122
228 252 123
228 252 124
228 252 125
228 252 126
228 252 127
229 252 128
228 252 129
228 252 130
229 252 131
229 251 132
230 251 133
230 251 134
229 251 135
228 251 136
229 251 137
229 251 138
229 251 139
230 251 140
230 251 141
230 251 142
231 251 143
231 251 144
230 251 145
229 252 146
228 253 147
228 252 148
228 251 149
229 252 150
230 251 151
231 252 151
231 253 151
231 254 151
232 255 151
232 256 151
232 257 151
233 258 151
233 259 151
233 260 151
233 261 151
233 262 151
232 263 151
232 264 151
231 265 152
231 265 153
232 264 154
140
247 254 24
247 254 25
247 254 26
246 254 27
246 254 28
246 254 29
246 254 30
246 254 31
246 254 32
245 254 33
245 254 34
245 254 35
245 254 36
245 254 37
245 254 38
244 254 39
244 254 40
244 254 41
244 254 42
244 254 43
244 254 44
244 254 45
243 254 46
243 254 47
243 254 48
243 254 49
242 253 50
242 254 51
242 254 52
242 254 53
242 254 54
242 254 55
241 253 56
241 254 57
241 254 58
241 254 59
241 254 60
241 254 61
241 255 62
241 255 63
240 255 64
240 255 65
240 254 66
240 254 67
240 254 68
239 253 69
239 253 70
239 253 71
239 253 72
238 253 73
238 253 74
238 253 75
237 253 76
237 252 77
238 253 78
237 252 79
237 251 80
237 251 81
237 252 82
236 252 83
236 251 84
236 250 85
235 251 86
234 252 87
233 252 88
234 251 89
235 252 90
236 252 91
235 252 92
236 251 93
235 252 94
235 252 95
235 252 96
236 253 97
235 252 98
235 252 99
234 252 100
235 253 101
235 253 102
235 253 103
234 252 104
234 252 105
233 251 106
234 252 107
235 252 108
234 252 109
234 251 110
233 252 111
233 251 112
232 250 113
233 250 114
233 249 115
232 249 116
231 250 117
231 250 118
230 251 119
230 251 120
229 251 121
228 252 122
228 252 123
228 252 124
228 252 125
228 252 126
228 252 127
229 252 128
228 252 129
228 252 130
229 252 131
229 251 132
230 251 133
230 251 134
229 251 135
228 251 136
229 251 137
229 251 138
229 251 139
230 251 140
230 251 141
230 251 142
231 251 143
231 251 144
230 251 145
229 252 146
228 253 147
227 252 147
226 253 148
226 254 149
226 255 150
226 256 151
226 257 152
225 258 153
224 259 152
223 260 153
222 261 154
222 262 155
221 263 156
221 264 157
221 264 158
220 264 159
221 265 160
138
247 254 24
247 254 25
247 254 26
246 254 27
246 254 28
246 254 29
246 254 30
246 254 31
246 254 32
245 254 33
245 254 34
245 254 35
245 254 36
245 254 37
245 254 38
244 254 39
244 254 40
244 254 41
244 254 42
244 254 43
244 254 44
244 254 45
243 254 46
243 254 47
243 254 48
243 254 49
242 253 50
242 254 51
242 254 52
242 254 53
242 254 54
242 254 55
241 253 56
241 254 57
241 254 58
241 254 59
241 254 60
241 254 61
241 255 62
241 255 63
240 255 64
240 255 65
240 254 66
240 254 67
240 254 68
239 253 69
239 253 70
239 253 71
239 253 72
238 253 73
238 253 74
238 253 75
237 253 76
237 252 77
238 253 78
237 252 79
237 251 80
237 251 81
237 252 82
236 252 83
236 251 84
236 250 85
235 251 86
234 252 87
233 252 88
234 251 89
235 252 90
236 252 91
235 252 92
236 251 93
235 252 94
235 252 95
235 252 96
236 253 97
235 252 98
235 252 99
234 252 100
235 253 101
235 253 102
235 253 103
234 252 104
234 252 105
233 251 106
234 252 107
235 252 108
234 252 109
234 251 110
233 252 111
233 251 112
232 250 113
233 250 114
233 249 115
232 249 116
231 250 117
231 250 118
230 251 119
230 251 120
229 251 121
228 252 122
228 252 123
228 252 124
228 252 125
228 252 126
228 252 127
229 252 128
228 252 129
228 252 130
229 252 131
229 251 132
230 251 133
230 251 134
229 251 135
228 251 136
229 251 137
229 251 138
229 251 139
230 251 140
230 251 141
230 251 142
231 251 143
231 251 144
230 251 145
229 252 146
228 253 147
227 254 146
226 255 146
225 256 145
224 257 144
223 258 145
223 259 146
222 260 147
221 261 148
220 262 147
219 263 148
218 263 149
217 264 150
216 265 151
215 265 152
136
247 254 24
247 254 25
247 254 26
246 254 27
246 254 28
246 254 29
246 254 30
246 254 31
246 254 32
245 254 33
245 254 34
245 254 35
245 254 36
245 254 37
245 254 38
244 254 39
244 254 40
244 254 41
244 254 42
244 254 43
244 254 44
244 254 45
243 254 46
243 254 47
243 254 48
243 254 49
242 253 50
242 254 51
242 254 52
242 254 53
242 254 54
242 254 55
241 253 56
241 254 57
241 254 58
241 254 59
241 254 60
241 254 61
241 255 62
241 255 63
240 255 64
240 255 65
240 254 66
240 254 67
240 254 68
239 253 69
239 253 70
239 253 71
239 253 72
238 253 73
238 253 74
238 253 75
237 253 76
237 252 77
238 253 78
237 252 79
237 251 80
237 251 81
237 252 82
236 252 83
236 251 84
236 250 85
235 251 86
234 252 87
233 252 88
234 251 89
235 252 90
236 252 91
235 252 92
236 251 93
235 252 94
235 252 95
235 252 96
236 253 97
235 252 98
235 252 99
234 252 100
235 253 101
235 253 102
235 253 103
234 252 104
234 252 105
233 251 106
234 252 107
235 253 107
235 254 107
236 255 107
236 256 108
236 256 109
236 257 110
236 258 111
236 258 112
236 259 113
237 258 114
237 258 115
237 259 116
237 259 117
238 260 118
239 260 119
238 260 120
238 260 121
237 261 122
237 261 123
238 261 124
238 261 125
237 262 126
237 263 127
237 263 128
237 264 129
237 264 130
237 264 131
237 265 132
237 266 133
236 266 134
237 267 135
237 267 136
236 268 137
237 268 138
237 268 139
237 268 140
237 268 141
237 269 142
237 269 143
237 269 144
236 269 145
236 269 146
237 270 147
238 270 148
238 271 149
237 271 150
238 271 151
238 271 152
238 272 153
239 272 154
240 271 154
241 270 154
134
247 254 24
247 254 25
247 254 26
246 254 27
246 254 28
246 254 29
246 254 30
246 254 31
246 254 32
245 254 33
245 254 34
245 254 35
245 254 36
245 254 37
245 254 38
244 254 39
244 254 40
244 254 41
244 254 42
244 254 43
244 254 44
244 254 45
243 254 46
243 254 47
243 254 48
243 254 49
242 253 50
242 254 51
242 254 52
242 254 53
242 254 54
242 254 55
241 253 56
241 254 57
241 254 58
241 254 59
241 254 60
241 254 61
241 255 62
241 255 63
240 255 64
240 255 65
240 254 66
240 254 67
240 254 68
239 253 69
239 253 70
239 253 71
239 253 72
238 253 73
238 253 74
238 253 75
237 253 76
237 252 77
238 253 78
237 252 79
237 251 80
237 251 81
237 252 82
236 252 83
236 251 84
236 250 85
235 251 86
234 252 87
233 252 88
234 251 89
235 252 90
236 252 91
235 252 92
236 251 93
235 252 94
235 252 95
235 252 96
236 253 97
235 252 98
235 252 99
234 252 100
235 253 101
235 253 102
235 253 103
234 252 104
234 252 105
233 251 106
234 252 107
235 252 108
236 252 109
237 251 110
237 251 111
238 250 112
238 251 113
239 251 114
238 252 115
238 252 116
239 252 117
239 252 118
239 252 119
239 252 120
240 251 121
240 252 122
240 252 123
240 252 124
240 252 125
240 252 126
240 252 127
240 252 128
241 252 129
240 252 130
241 252 131
240 252 132
241 252 133
241 252 134
240 252 135
239 251 136
238 251 137
237 251 138
236 251 139
235 252 140
236 253 141
236 254 142
237 255 143
238 256 144
239 256 145
240 257 146
241 256 147
242 257 148
242 258 149
242 259 150
242 259 151
242 259 152
242 259 153
242 260 154
242 260 155
242 260 156
242 261 157
134
247 254 24
247 254 25
247 254 26
246 254 27
246 254 28
246 254 29
246 254 30
246 254 31
246 254 32
245 254 33
245 254 34
245 254 35
245 254 36
245 254 37
245 254 38
244 254 39
244 254 40
244 254 41
244 254 42
244 254 43
244 254 44
244 254 45
243 254 46
243 254 47
243 254 48
243 254 49
242 253 50
242 254 51
242 254 52
242 254 53
242 254 54
242 254 55
241 253 56
241 254 57
241 254 58
241 254 59
241 254 60
241 254 61
241 255 62
241 255 63
240 255 64
240 255 65
240 254 66
240 254 67
240 254 68
239 253 69
239 253 70
239 253 71
239 253 72
238 253 73
238 253 74
238 253 75
237 253 76
237 252 77
238 253 78
237 252 79
237 251 80
237 251 81
237 252 82
236 252 83
236 251 84
236 250 85
235 251 86
234 252 87
233 252 88
234 251 89
235 252 90
236 252 91
235 252 92
236 251 93
235 252 94
235 252 95
235 252 96
236 253 97
235 252 98
235 252 99
234 252 100
235 253 101
235 253 102
235 253 103
234 252 104
234 252 105
233 251 106
234 252 107
235 252 108
236 252 109
237 251 110
237 251 111
238 250 112
238 251 113
239 251 114
238 252 115
238 252 116
239 252 117
239 252 118
239 252 119
239 252 120
240 251 121
240 252 122
240 252 123
240 252 124
240 252 125
240 252 126
240 252 127
240 252 128
241 252 129
240 252 130
241 252 131
240 252 132
241 252 133
241 252 134
240 252 135
239 251 136
238 251 137
237 251 138
236 251 139
235 252 140
236 253 141
236 254 142
237 255 143
238 256 144
239 256 145
240 257 146
241 256 147
242 257 148
242 258 149
242 259 150
241 260 150
240 260 150
239 260 149
238 261 148
237 260 148
236 259 148
235 258 148
133
247 254 24
247 254 25
247 254 26
246 254 27
246 254 28
246 254 29
246 254 30
246 254 31
246 254 32
245 254 33
245 254 34
245 254 35
245 254 36
245 254 37
245 254 38
244 254 39
244 254 40
244 254 41
244 254 42
244 254 43
244 254 44
244 254 45
243 254 46
243 254 47
243 254 48
243 254 49
242 253 50
242 254 51
242 254 52
242 254 53
242 254 54
242 254 55
241 253 56
241 254 57
241 254 58
241 254 59
241 254 60
241 254 61
241 255 62
241 255 63
240 255 64
240 255 65
240 254 66
240 254 67
240 254 68
239 253 69
239 253 70
239 253 71
239 253 72
238 253 73
238 253 74
238 253 75
237 253 76
237 252 77
238 253 78
237 252 79
237 251 80
237 251 81
237 252 82
236 252 83
236 251 84
236 250 85
235 251 86
234 252 87
233 252 88
234 251 89
235 252 90
236 252 91
235 252 92
236 251 93
235 252 94
235 252 95
235 252 96
236 253 97
235 252 98
235 252 99
234 252 100
235 253 101
235 253 102
235 253 103
234 252 104
234 252 105
233 251 106
234 252 107
235 252 108
236 252 109
237 251 110
237 251 111
238 250 112
238 251 113
239 251 114
238 252 115
238 252 116
239 252 117
239 252 118
239 252 119
239 252 120
240 251 121
240 252 122
240 252 123
240 252 124
240 252 125
240 252 126
240 252 127
240 252 128
241 252 129
240 252 130
241 252 131
240 252 132
241 252 133
241 252 134
240 252 135
239 251 136
238 251 137
237 251 138
236 251 139
235 252 140
236 253 141
236 254 142
237 255 143
238 256 144
239 256 145
240 257 146
241 256 147
242 257 148
242 258 149
242 259 150
241 260 150
240 260 150
239 260 149
238 261 148
237 260 148
236 261 149
132
247 254 24
247 254 25
247 254 26
246 254 27
246 254 28
246 254 29
246 254 30
246 254 31
246 254 32
245 254 33
245 254 34
245 254 35
245 254 36
245 254 37
245 254 38
244 254 39
244 254 40
244 254 41
244 254 42
244 254 43
244 254 44
244 254 45
243 254 46
243 254 47
243 254 48
243 254 49
242 253 50
242 254 51
242 254 52
242 254 53
242 254 54
242 254 55
241 253 56
241 254 57
241 254 58
241 254 59
241 254 60
241 254 61
241 255 62
241 255 63
240 255 64
240 255 65
240 254 66
240 254 67
240 254 68
239 253 69
239 253 70
239 253 71
239 253 72
238 253 73
238 253 74
238 253 75
237 253 76
237 252 77
238 253 78
237 252 79
237 251 80
237 251 81
237 252 82
236 252 83
236 251 84
236 250 85
235 251 86
234 252 87
233 252 88
234 251 89
235 252 90
236 252 91
235 252 92
236 251 93
235 252 94
235 252 95
235 252 96
236 253 97
235 252 98
235 252 99
234 252 100
235 253 101
235 253 102
235 253 103
234 252 104
234 252 105
233 251 106
234 252 107
235 252 108
236 252 109
237 251 110
237 251 111
238 250 112
238 251 113
239 251 114
238 252 115
238 252 116
239 252 117
239 252 118
239 252 119
239 252 120
240 251 121
240 252 122
240 252 123
240 252 124
240 252 125
240 252 126
240 252 127
240 252 128
241 252 129
240 252 130
241 252 131
240 252 132
241 252 133
241 252 134
240 252 135
239 251 136
238 251 137
237 251 138
236 251 139
235 252 140
236 253 141
236 254 142
237 255 143
238 256 144
239 256 145
240 257 146
241 256 147
242 257 148
242 258 149
242 259 150
241 260 150
240 260 150
239 260 149
238 261 148
237 262 149
131
247 254 24
247 254 25
247 254 26
246 254 27
246 254 28
246 254 29
246 254 30
246 254 31
246 254 32
245 254 33
245 254 34
245 254 35
245 254 36
245 254 37
245 254 38
244 254 39
244 254 40
244 254 41
244 254 42
244 254 43
244 254 44
244 254 45
243 254 46
243 254 47
243 254 48
243 254 49
242 253 50
242 254 51
242 254 52
242 254 53
242 254 54
242 254 55
241 253 56
241 254 57
241 254 58
241 254 59
241 254 60
241 254 61
241 255 62
241 255 63
240 255 64
240 255 65
240 254 66
240 254 67
240 254 68
239 253 69
239 253 70
239 253 71
239 253 72
238 253 73
238 253 74
238 253 75
237 253 76
237 252 77
238 253 78
237 252 79
237 251 80
237 251 81
237 252 82
236 252 83
236 251 84
236 250 85
235 251 86
234 252 87
233 252 88
234 251 89
235 252 90
236 252 91
235 252 92
236 251 93
235 252 94
235 252 95
235 252 96
236 253 97
235 252 98
235 252 99
234 252 100
235 253 101
235 253 102
235 253 103
234 252 104
234 252 105
233 251 106
234 252 107
235 252 108
234 252 109
234 251 110
233 252 111
233 251 112
232 250 113
233 250 114
233 249 115
232 249 116
231 250 117
231 250 118
230 251 119
230 251 120
229 251 121
228 252 122
228 252 123
228 252 124
228 252 125
228 252 126
228 252 127
229 252 128
228 252 129
228 252 130
229 252 131
229 251 132
230 251 133
230 251 134
229 251 135
228 251 136
229 251 137
229 251 138
229 251 139
230 251 140
230 251 141
230 251 142
231 251 143
231 251 144
230 251 145
229 252 146
228 253 147
228 252 148
229 252 149
230 251 148
231 251 148
232 252 149
232 253 149
232 254 149
129
247 254 24
247 254 25
247 254 26
246 254 27
246 254 28
246 254 29
246 254 30
246 254 31
246 254 32
245 254 33
245 254 34
245 254 35
245 254 36
245 254 37
245 254 38
244 254 39
244 254 40
244 254 41
244 254 42
244 254 43
244 254 44
244 254 45
243 254 46
243 254 47
243 254 48
243 254 49
242 253 50
242 254 51
242 254 52
242 254 53
242 254 54
242 254 55
241 253 56
241 254 57
241 254 58
241 254 59
241 254 60
241 254 61
241 255 62
241 255 63
240 255 64
240 255 65
240 254 66
240 254 67
240 254 68
239 253 69
239 253 70
239 253 71
239 253 72
238 253 73
238 253 74
238 253 75
237 253 76
237 252 77
238 253 78
237 252 79
237 251 80
237 251 81
237 252 82
236 252 83
236 251 84
236 250 85
235 251 86
234 252 87
233 252 88
234 251 89
235 252 90
236 252 91
235 252 92
236 251 93
235 252 94
235 252 95
235 252 96
236 253 97
235 252 98
235 252 99
234 252 100
235 253 101
235 253 102
235 253 103
234 252 104
234 252 105
233 251 106
234 252 107
235 252 108
234 252 109
234 251 110
233 252 111
233 251 112
232 250 113
233 250 114
233 249 115
232 249 116
231 250 117
231 250 118
230 251 119
230 251 120
229 251 121
228 252 122
228 252 123
228 252 124
228 252 125
228 252 126
228 252 127
229 252 128
228 252 129
228 252 130
229 252 131
229 251 132
230 251 133
230 251 134
229 251 135
228 251 136
229 251 137
229 251 138
229 251 139
230 251 140
230 251 141
230 251 142
231 251 143
231 251 144
230 251 145
229 252 146
228 253 147
228 254 148
229 255 149
232 255 149
233 256 149
234 257 148
121
247 254 24
247 254 25
247 254 26
246 254 27
246 254 28
246 254 29
246 254 30
246 254 31
246 254 32
245 254 33
245 254 34
245 254 35
245 254 36
245 254 37
245 254 38
244 254 39
244 254 40
244 254 41
244 254 42
244 254 43
244 254 44
244 254 45
243 254 46
243 254 47
243 254 48
243 254 49
242 253 50
242 254 51
242 254 52
242 254 53
242 254 54
242 254 55
241 253 56
241 254 57
241 254 58
241 254 59
241 254 60
241 254 61
241 255 62
241 255 63
240 255 64
240 255 65
240 254 66
240 254 67
240 254 68
239 253 69
239 253 70
239 253 71
239 253 72
238 253 73
238 253 74
238 253 75
237 253 76
237 252 77
238 253 78
237 252 79
237 251 80
237 251 81
237 252 82
236 252 83
236 251 84
236 250 85
235 251 86
234 252 87
233 252 88
234 251 89
235 252 90
236 252 91
235 252 92
236 251 93
235 252 94
235 252 95
235 252 96
236 253 97
235 252 98
235 252 99
234 252 100
235 253 101
235 253 102
235 253 103
234 252 104
234 252 105
233 251 106
234 252 107
235 252 108
236 252 109
237 251 110
237 251 111
238 250 112
238 251 113
239 251 114
238 252 115
238 252 116
239 252 117
239 252 118
239 252 119
239 252 120
240 251 121
240 252 122
240 252 123
240 252 124
240 252 125
240 252 126
240 252 127
240 252 128
241 252 129
240 252 130
241 252 131
240 252 132
241 252 133
241 252 134
240 252 135
239 251 136
238 251 137
237 251 138
236 251 139
235 252 140
236 252 141
235 252 142
234 252 143
233 251 144
113
247 254 24
247 254 25
247 254 26
246 254 27
246 254 28
246 254 29
246 254 30
246 254 31
246 254 32
245 254 33
245 254 34
245 254 35
245 254 36
245 254 37
245 254 38
244 254 39
244 254 40
244 254 41
244 254 42
244 254 43
244 254 44
244 254 45
243 254 46
243 254 47
243 254 48
243 254 49
242 253 50
242 254 51
242 254 52
242 254 53
242 254 54
242 254 55
241 253 56
241 254 57
241 254 58
241 254 59
241 254 60
241 254 61
241 255 62
241 255 63
240 255 64
240 255 65
240 254 66
240 254 67
240 254 68
239 253 69
239 253 70
239 253 71
239 253 72
238 253 73
238 253 74
238 253 75
237 253 76
237 252 77
238 253 78
237 252 79
237 251 80
237 251 81
237 252 82
236 252 83
236 251 84
236 250 85
235 251 86
234 252 87
233 252 88
234 251 89
235 252 90
236 252 91
235 252 92
236 251 93
235 252 94
235 252 95
235 252 96
236 253 97
235 252 98
235 252 99
234 252 100
235 253 101
235 253 102
235 253 103
234 252 104
234 252 105
233 251 106
234 252 107
235 252 108
236 252 109
237 251 110
237 251 111
238 250 112
238 251 113
239 251 114
238 252 115
238 252 116
239 252 117
239 252 118
239 252 119
239 252 120
240 251 121
240 252 122
240 252 123
240 252 124
240 252 125
240 252 126
240 252 127
240 252 128
241 252 129
240 252 130
239 252 130
238 251 131
237 250 132
236 249 133
235 250 134
234 250 134
113
247 254 24
247 254 25
247 254 26
246 254 27
246 254 28
246 254 29
246 254 30
246 254 31
246 254 32
245 254 33
245 254 34
245 254 35
245 254 36
245 254 37
245 254 38
244 254 39
244 254 40
244 254 41
244 254 42
244 254 43
244 254 44
244 254 45
243 254 46
243 254 47
243 254 48
243 254 49
242 253 50
242 254 51
242 254 52
242 254 53
242 254 54
242 254 55
241 253 56
241 254 57
241 254 58
241 254 59
241 254 60
241 254 61
241 255 62
241 255 63
240 255 64
240 255 65
240 254 66
240 254 67
240 254 68
239 253 69
239 253 70
239 253 71
239 253 72
238 253 73
238 253 74
238 253 75
237 253 76
237 252 77
238 253 78
237 252 79
237 251 80
237 251 81
237 252 82
236 252 83
236 251 84
236 250 85
235 251 86
234 252 87
233 252 88
234 251 89
235 252 90
236 252 91
235 252 92
236 251 93
235 252 94
235 252 95
235 252 96
236 253 97
235 252 98
235 252 99
234 252 100
235 253 101
235 253 102
235 253 103
234 252 104
234 252 105
233 251 106
234 252 107
235 252 108
236 252 109
237 251 110
237 251 111
238 250 112
238 251 113
239 251 114
238 252 115
238 252 116
239 252 117
239 252 118
239 252 119
239 252 120
240 251 121
240 252 122
240 252 123
240 252 124
240 252 125
240 252 126
240 252 127
240 252 128
241 252 129
240 252 130
239 252 130
238 251 131
237 250 132
236 249 133
237 249 134
238 248 134
113
247 254 24
247 254 25
247 254 26
246 254 27
246 254 28
246 254 29
246 254 30
246 254 31
246 254 32
245 254 33
245 254 34
245 254 35
245 254 36
245 254 37
245 254 38
244 254 39
244 254 40
244 254 41
244 254 42
244 254 43
244 254 44
244 254 45
243 254 46
243 254 47
243 254 48
243 254 49
242 253 50
242 254 51
242 254 52
242 254 53
242 254 54
242 254 55
241 253 56
241 254 57
241 254 58
241 254 59
241 254 60
241 254 61
241 255 62
241 255 63
240 255 64
240 255 65
240 254 66
240 254 67
240 254 68
239 253 69
239 253 70
239 253 71
239 253 72
238 253 73
238 253 74
238 253 75
237 253 76
237 252 77
238 253 78
237 252 79
237 251 80
237 251 81
237 252 82
236 252 83
236 251 84
236 250 85
235 251 86
234 252 87
233 252 88
234 251 89
235 252 90
236 252 91
235 252 92
236 251 93
235 252 94
235 252 95
235 252 96
236 253 97
235 252 98
235 252 99
234 252 100
235 253 101
235 253 102
235 253 103
234 252 104
234 252 105
233 251 106
234 252 107
235 252 108
234 252 109
234 251 110
233 252 111
233 251 112
232 250 113
233 250 114
233 249 115
232 249 116
231 250 117
231 250 118
230 251 119
230 251 120
229 251 121
228 252 122
228 252 123
228 252 124
228 252 125
228 252 126
228 252 127
229 252 128
228 252 129
228 252 130
229 252 131
229 251 132
230 251 133
231 250 134
232 250 134
233 250 134
112
247 254 24
247 254 25
247 254 26
246 254 27
246 254 28
246 254 29
246 254 30
246 254 31
246 254 32
245 254 33
245 254 34
245 254 35
245 254 36
245 254 37
245 254 38
244 254 39
244 254 40
244 254 41
244 254 42
244 254 43
244 254 44
244 254 45
243 254 46
243 254 47
243 254 48
243 254 49
242 253 50
242 254 51
242 254 52
242 254 53
242 254 54
242 254 55
241 253 56
241 254 57
241 254 58
241 254 59
241 254 60
241 254 61
241 255 62
241 255 63
240 255 64
240 255 65
240 254 66
240 254 67
240 254 68
239 253 69
239 253 70
239 253 71
239 253 72
238 253 73
238 253 74
238 253 75
237 253 76
237 252 77
238 253 78
237 252 79
237 251 80
237 251 81
237 252 82
236 252 83
236 251 84
236 250 85
235 251 86
234 252 87
233 252 88
234 251 89
235 252 90
236 252 91
235 252 92
236 251 93
235 252 94
235 252 95
235 252 96
236 253 97
235 252 98
235 252 99
234 252 100
235 253 101
235 253 102
235 253 103
234 252 104
234 252 105
233 251 106
234 252 107
235 252 108
236 252 109
237 251 110
237 251 111
238 250 112
238 251 113
239 251 114
238 252 115
238 252 116
239 252 117
239 252 118
239 252 119
239 252 120
240 251 121
240 252 122
240 252 123
240 252 124
240 252 125
240 252 126
240 252 127
240 252 128
241 252 129
240 252 130
241 252 131
241 251 132
241 250 132
240 249 133
239 248 133
112
247 254 24
247 254 25
247 254 26
246 254 27
246 254 28
246 254 29
246 254 30
246 254 31
246 254 32
245 254 33
245 254 34
245 254 35
245 254 36
245 254 37
245 254 38
244 254 39
244 254 40
244 254 41
244 254 42
244 254 43
244 254 44
244 254 45
243 254 46
243 254 47
243 254 48
243 254 49
242 253 50
242 254 51
242 254 52
242 254 53
242 254 54
242 254 55
241 253 56
241 254 57
241 254 58
241 254 59
241 254 60
241 254 61
241 255 62
241 255 63
240 255 64
240 255 65
240 254 66
240 254 67
240 254 68
239 253 69
239 253 70
239 253 71
239 253 72
238 253 73
238 253 74
238 253 75
237 253 76
237 252 77
238 253 78
237 252 79
237 251 80
237 251 81
237 252 82
236 252 83
236 251 84
236 250 85
235 251 86
234 252 87
233 252 88
234 251 89
235 252 90
236 252 91
235 252 92
236 251 93
235 252 94
235 252 95
235 252 96
236 253 97
235 252 98
235 252 99
234 252 100
235 253 101
235 253 102
235 253 103
234 252 104
234 252 105
233 251 106
234 252 107
235 252 108
236 252 109
237 251 110
237 251 111
238 250 112
238 251 113
239 251 114
238 252 115
238 252 116
239 252 117
239 252 118
239 252 119
239 252 120
240 251 121
240 252 122
240 252 123
240 252 124
240 252 125
240 252 126
240 252 127
240 252 128
241 252 129
240 252 130
241 252 131
240 252 132
239 253 133
238 252 134
237 251 135
112
247 254 24
247 254 25
247 254 26
246 254 27
246 254 28
246 254 29
246 254 30
246 254 31
246 254 32
245 254 33
245 254 34
245 254 35
245 254 36
245 254 37
245 254 38
244 254 39
244 254 40
244 254 41
244 254 42
244 254 43
244 254 44
244 254 45
243 254 46
243 254 47
243 254 48
243 254 49
242 253 50
242 254 51
242 254 52
242 254 53
242 254 54
242 254 55
241 253 56
241 254 57
241 254 58
241 254 59
241 254 60
241 254 61
241 255 62
241 255 63
240 255 64
240 255 65
240 254 66
240 254 67
240 254 68
239 253 69
239 253 70
239 253 71
239 253 72
238 253 73
238 253 74
238 253 75
237 253 76
237 252 77
238 253 78
237 252 79
237 251 80
237 251 81
237 252 82
236 252 83
236 251 84
236 250 85
235 251 86
234 252 87
233 252 88
234 251 89
235 252 90
236 252 91
235 252 92
236 251 93
235 252 94
235 252 95
235 252 96
236 253 97
235 252 98
235 252 99
234 252 100
235 253 101
235 253 102
235 253 103
234 252 104
234 252 105
233 251 106
234 252 107
235 252 108
236 252 109
237 251 110
237 251 111
238 250 112
238 251 113
239 251 114
238 252 115
238 252 116
239 252 117
239 252 118
239 252 119
239 252 120
240 251 121
240 252 122
240 252 123
240 252 124
240 252 125
240 252 126
240 252 127
240 252 128
241 252 129
240 252 130
241 252 131
240 252 132
239 253 133
238 252 134
237 253 133
111
247 254 24
247 254 25
247 254 26
246 254 27
246 254 28
246 254 29
246 254 30
246 254 31
246 254 32
245 254 33
245 254 34
245 254 35
245 254 36
245 254 37
245 254 38
244 254 39
244 254 40
244 254 41
244 254 42
244 254 43
244 254 44
244 254 45
243 254 46
243 254 47
243 254 48
243 254 49
242 253 50
242 254 51
242 254 52
242 254 53
242 254 54
242 254 55
241 253 56
241 254 57
241 254 58
241 254 59
241 254 60
241 254 61
241 255 62
241 255 63
240 255 64
240 255 65
240 254 66
240 254 67
240 254 68
239 253 69
239 253 70
239 253 71
239 253 72
238 253 73
238 253 74
238 253 75
237 253 76
237 252 77
238 253 78
237 252 79
237 251 80
237 251 81
237 252 82
236 252 83
236 251 84
236 250 85
235 251 86
234 252 87
233 252 88
234 251 89
235 252 90
236 252 91
235 252 92
236 251 93
235 252 94
235 252 95
235 252 96
236 253 97
235 252 98
235 252 99
234 252 100
235 253 101
235 253 102
235 253 103
234 252 104
234 252 105
233 251 106
234 252 107
235 252 108
236 252 109
237 251 110
237 251 111
238 250 112
238 251 113
239 251 114
238 252 115
238 252 116
239 252 117
239 252 118
239 252 119
239 252 120
240 251 121
240 252 122
240 252 123
240 252 124
240 252 125
240 252 126
240 252 127
240 252 128
241 252 129
240 252 130
241 252 131
240 252 132
239 253 133
238 254 132
110
247 254 24
247 254 25
247 254 26
246 254 27
246 254 28
246 254 29
246 254 30
246 254 31
246 254 32
245 254 33
245 254 34
245 254 35
245 254 36
245 254 37
245 254 38
244 254 39
244 254 40
244 254 41
244 254 42
244 254 43
244 254 44
244 254 45
243 254 46
243 254 47
243 254 48
243 254 49
242 253 50
242 254 51
242 254 52
242 254 53
242 254 54
242 254 55
241 253 56
241 254 57
241 254 58
241 254 59
241 254 60
241 254 61
241 255 62
241 255 63
240 255 64
240 255 65
240 254 66
240 254 67
240 254 68
239 253 69
239 253 70
239 253 71
239 253 72
238 253 73
238 253 74
238 253 75
237 253 76
237 252 77
238 253 78
237 252 79
237 251 80
237 251 81
237 252 82
236 252 83
236 251 84
236 250 85
235 251 86
234 252 87
233 252 88
234 251 89
235 252 90
236 252 91
235 252 92
236 251 93
235 252 94
235 252 95
235 252 96
236 253 97
235 252 98
235 252 99
234 252 100
235 253 101
235 253 102
235 253 103
234 252 104
234 252 105
233 251 106
234 252 107
235 253 107
235 254 107
236 255 107
236 256 108
236 256 109
236 257 110
236 258 111
236 258 112
236 259 113
237 258 114
237 258 115
237 259 116
236 260 116
235 260 116
234 260 116
233 260 116
232 260 116
231 260 116
230 259 117
229 259 118
228 260 119
227 261 120
227 261 121
227 261 122
227 262 123
227 262 124
103
247 254 24
247 254 25
247 254 26
246 254 27
246 254 28
246 254 29
246 254 30
246 254 31
246 254 32
245 254 33
245 254 34
245 254 35
245 254 36
245 254 37
245 254 38
244 254 39
244 254 40
244 254 41
244 254 42
244 254 43
244 254 44
244 254 45
243 254 46
243 254 47
243 254 48
243 254 49
242 253 50
242 254 51
242 254 52
242 254 53
242 254 54
242 254 55
241 253 56
241 254 57
241 254 58
241 254 59
241 254 60
241 254 61
241 255 62
241 255 63
240 255 64
240 255 65
240 254 66
240 254 67
240 254 68
239 253 69
239 253 70
239 253 71
239 253 72
238 253 73
238 253 74
238 253 75
237 253 76
237 252 77
238 253 78
237 252 79
237 251 80
237 251 81
237 252 82
236 252 83
236 251 84
236 250 85
235 251 86
234 252 87
233 252 88
234 251 89
235 252 90
236 252 91
235 252 92
236 251 93
235 252 94
235 252 95
235 252 96
236 253 97
235 252 98
235 252 99
234 252 100
235 253 101
235 253 102
235 253 103
234 252 104
234 252 105
233 251 106
234 252 107
235 253 107
235 254 107
236 255 107
236 256 108
236 256 109
236 257 110
236 258 111
236 258 112
236 259 113
237 258 114
237 258 115
238 257 116
239 256 116
240 256 116
241 257 117
245 261 117
245 261 116
245 261 115
245 261 114
102
247 254 24
247 254 25
247 254 26
246 254 27
246 254 28
246 254 29
246 254 30
246 254 31
246 254 32
245 254 33
245 254 34
245 254 35
245 254 36
245 254 37
245 254 38
244 254 39
244 254 40
244 254 41
244 254 42
244 254 43
244 254 44
244 254 45
243 254 46
243 254 47
243 254 48
243 254 49
242 253 50
242 254 51
242 254 52
242 254 53
242 254 54
242 254 55
241 253 56
241 254 57
241 254 58
241 254 59
241 254 60
241 254 61
241 255 62
241 255 63
240 255 64
240 255 65
240 254 66
240 254 67
240 254 68
239 253 69
239 253 70
239 253 71
239 253 72
238 253 73
238 253 74
238 253 75
237 253 76
237 252 77
238 253 78
237 252 79
237 251 80
237 251 81
237 252 82
236 252 83
236 251 84
236 250 85
235 251 86
234 252 87
233 252 88
234 251 89
235 252 90
236 252 91
235 252 92
236 251 93
235 252 94
235 252 95
235 252 96
236 253 97
235 252 98
235 252 99
234 252 100
235 253 101
235 253 102
235 253 103
234 252 104
234 252 105
233 251 106
234 252 107
235 253 107
235 254 107
236 255 107
236 256 108
236 256 109
236 257 110
236 258 111
236 258 112
236 259 113
237 258 114
237 258 115
237 259 116
237 259 117
238 260 118
239 260 119
238 260 120
238 260 121
245 263 121
101
247 254 24
247 254 25
247 254 26
246 254 27
246 254 28
246 254 29
246 254 30
246 254 31
246 254 32
245 254 33
245 254 34
245 254 35
245 254 36
245 254 37
245 254 38
244 254 39
244 254 40
244 254 41
244 254 42
244 254 43
244 254 44
244 254 45
243 254 46
243 254 47
243 254 48
243 254 49
242 253 50
242 254 51
242 254 52
242 254 53
242 254 54
242 254 55
241 253 56
241 254 57
241 254 58
241 254 59
241 254 60
241 254 61
241 255 62
241 255 63
240 255 64
240 255 65
240 254 66
240 254 67
240 254 68
239 253 69
239 253 70
239 253 71
239 253 72
238 253 73
238 253 74
238 253 75
237 253 76
237 252 77
238 253 78
237 252 79
237 251 80
237 251 81
237 252 82
236 252 83
236 251 84
236 250 85
235 251 86
234 252 87
233 252 88
234 251 89
235 252 90
236 252 91
235 252 92
236 251 93
235 252 94
235 252 95
235 252 96
236 253 97
235 252 98
235 252 99
234 252 100
235 253 101
235 253 102
235 253 103
234 252 104
234 252 105
233 251 106
234 252 107
235 252 108
234 252 109
234 251 110
233 252 111
233 251 112
232 250 113
233 250 114
233 249 115
232 249 116
233 248 117
234 247 117
233 246 117
233 245 118
234 244 119
233 244 120
233 244 121
232 243 122
100
247 254 24
247 254 25
247 254 26
246 254 27
246 254 28
246 254 29
246 254 30
246 254 31
246 254 32
245 254 33
245 254 34
245 254 35
245 254 36
245 254 37
245 254 38
244 254 39
244 254 40
244 254 41
244 254 42
244 254 43
244 254 44
244 254 45
243 254 46
243 254 47
243 254 48
243 254 49
242 253 50
242 254 51
242 254 52
242 254 53
242 254 54
242 254 55
241 253 56
241 254 57
241 254 58
241 254 59
241 254 60
241 254 61
241 255 62
241 255 63
240 255 64
240 255 65
240 254 66
240 254 67
240 254 68
239 253 69
239 253 70
239 253 71
239 253 72
238 253 73
238 253 74
238 253 75
237 253 76
237 252 77
238 253 78
237 252 79
237 251 80
237 251 81
237 252 82
236 252 83
236 251 84
236 250 85
235 251 86
234 252 87
233 252 88
234 251 89
235 252 90
236 252 91
235 252 92
236 251 93
235 252 94
235 252 95
235 252 96
236 253 97
235 252 98
235 252 99
234 252 100
235 253 101
235 253 102
235 253 103
234 252 104
234 252 105
233 251 106
234 252 107
235 253 107
235 254 107
236 255 107
236 256 108
236 256 109
236 257 110
236 258 111
236 258 112
236 259 113
237 258 114
237 258 115
238 257 116
239 256 116
240 256 116
241 257 117
245 261 117
100
247 254 24
247 254 25
247 254 26
246 254 27
246 254 28
246 254 29
246 254 30
246 254 31
246 254 32
245 254 33
245 254 34
245 254 35
245 254 36
245 254 37
245 254 38
244 254 39
244 254 40
244 254 41
244 254 42
244 254 43
244 254 44
244 254 45
243 254 46
243 254 47
243 254 48
243 254 49
242 253 50
242 254 51
242 254 52
242 254 53
242 254 54
242 254 55
241 253 56
241 254 57
241 254 58
241 254 59
241 254 60
241 254 61
241 255 62
241 255 63
240 255 64
240 255 65
240 254 66
240 254 67
240 254 68
239 253 69
239 253 70
239 253 71
239 253 72
238 253 73
238 253 74
238 253 75
237 253 76
237 252 77
238 253 78
237 252 79
237 251 80
237 251 81
237 252 82
236 252 83
236 251 84
236 250 85
235 251 86
234 252 87
233 252 88
234 251 89
235 252 90
236 252 91
235 252 92
236 251 93
235 252 94
235 252 95
235 252 96
236 253 97
235 252 98
235 252 99
234 252 100
235 253 101
235 253 102
235 253 103
234 252 104
234 252 105
233 251 106
234 252 107
235 253 107
235 254 107
236 255 107
236 256 108
236 256 109
236 257 110
236 258 111
236 258 112
236 259 113
237 258 114
237 258 115
237 259 116
237 259 117
238 260 118
239 260 119
240 259 118
100
247 254 24
247 254 25
247 254 26
246 254 27
246 254 28
246 254 29
246 254 30
246 254 31
246 254 32
245 254 33
245 254 34
245 254 35
245 254 36
245 254 37
245 254 38
244 254 39
244 254 40
244 254 41
244 254 42
244 254 43
244 254 44
244 254 45
243 254 46
243 254 47
243 254 48
243 254 49
242 253 50
242 254 51
242 254 52
242 254 53
242 254 54
242 254 55
241 253 56
241 254 57
241 254 58
241 254 59
241 254 60
241 254 61
241 255 62
241 255 63
240 255 64
240 255 65
240 254 66
240 254 67
240 254 68
239 253 69
239 253 70
239 253 71
239 253 72
238 253 73
238 253 74
238 253 75
237 253 76
237 252 77
238 253 78
237 252 79
237 251 80
237 251 81
237 252 82
236 252 83
236 251 84
236 250 85
235 251 86
234 252 87
233 252 88
234 251 89
235 252 90
236 252 91
235 252 92
236 251 93
235 252 94
235 252 95
235 252 96
236 253 97
235 252 98
235 252 99
234 252 100
235 253 101
235 253 102
235 253 103
234 252 104
234 252 105
233 251 106
234 252 107
235 253 107
235 254 107
236 255 107
236 256 108
236 256 109
236 257 110
236 258 111
236 258 112
236 259 113
237 258 114
237 258 115
238 257 116
239 256 116
240 256 116
241 257 117
241 258 118
99
247 254 24
247 254 25
247 254 26
246 254 27
246 254 28
246 254 29
246 254 30
246 254 31
246 254 32
245 254 33
245 254 34
245 254 35
245 254 36
245 254 37
245 254 38
244 254 39
244 254 40
244 254 41
244 254 42
244 254 43
244 254 44
244 254 45
243 254 46
243 254 47
243 254 48
243 254 49
242 253 50
242 254 51
242 254 52
242 254 53
242 254 54
242 254 55
241 253 56
241 254 57
241 254 58
241 254 59
241 254 60
241 254 61
241 255 62
241 255 63
240 255 64
240 255 65
240 254 66
240 254 67
240 254 68
239 253 69
239 253 70
239 253 71
239 253 72
238 253 73
238 253 74
238 253 75
237 253 76
237 252 77
238 253 78
237 252 79
237 251 80
237 251 81
237 252 82
236 252 83
236 251 84
236 250 85
235 251 86
234 252 87
233 252 88
234 251 89
235 252 90
236 252 91
235 252 92
236 251 93
235 252 94
235 252 95
235 252 96
236 253 97
235 252 98
235 252 99
234 252 100
235 253 101
235 253 102
235 253 103
234 252 104
234 252 105
233 251 106
234 252 107
235 252 108
234 252 109
234 251 110
233 252 111
233 251 112
232 250 113
233 250 114
233 249 115
232 249 116
233 248 117
234 247 117
233 246 117
233 245 118
234 244 119
235 244 120
95
247 254 24
247 254 25
247 254 26
246 254 27
246 254 28
246 254 29
246 254 30
246 254 31
246 254 32
245 254 33
245 254 34
245 254 35
245 254 36
245 254 37
245 254 38
244 254 39
244 254 40
244 254 41
244 254 42
244 254 43
244 254 44
244 254 45
243 254 46
243 254 47
243 254 48
243 254 49
242 253 50
242 254 51
242 254 52
242 254 53
242 254 54
242 254 55
241 253 56
241 254 57
241 254 58
241 254 59
241 254 60
241 254 61
241 255 62
241 255 63
240 255 64
240 255 65
240 254 66
240 254 67
240 254 68
239 253 69
239 253 70
239 253 71
239 253 72
238 253 73
238 253 74
238 253 75
237 253 76
237 252 77
238 253 78
237 252 79
237 251 80
237 251 81
237 252 82
236 252 83
236 251 84
236 250 85
235 251 86
234 252 87
233 252 88
234 251 89
235 252 90
236 252 91
235 252 92
236 251 93
235 252 94
235 252 95
235 252 96
236 253 97
235 252 98
235 252 99
234 252 100
235 253 101
235 253 102
235 253 103
234 252 104
234 252 105
233 251 106
234 252 107
235 252 108
234 252 109
233 253 109
232 254 109
232 255 110
231 256 111
231 257 112
230 258 113
229 258 113
228 257 114
228 256 114
95
247 254 24
247 254 25
247 254 26
246 254 27
246 254 28
246 254 29
246 254 30
246 254 31
246 254 32
245 254 33
245 254 34
245 254 35
245 254 36
245 254 37
245 254 38
244 254 39
244 254 40
244 254 41
244 254 42
244 254 43
244 254 44
244 254 45
243 254 46
243 254 47
243 254 48
243 254 49
242 253 50
242 254 51
242 254 52
242 254 53
242 254 54
242 254 55
241 253 56
241 254 57
241 254 58
241 254 59
241 254 60
241 254 61
241 255 62
241 255 63
240 255 64
240 255 65
240 254 66
240 254 67
240 254 68
239 253 69
239 253 70
239 253 71
239 253 72
238 253 73
238 253 74
238 253 75
237 253 76
237 252 77
238 253 78
237 252 79
237 251 80
237 251 81
237 252 82
236 252 83
236 251 84
236 250 85
235 251 86
234 252 87
233 252 88
234 251 89
235 252 90
236 252 91
235 252 92
236 251 93
235 252 94
235 252 95
235 252 96
236 253 97
235 252 98
235 252 99
234 252 100
235 253 101
235 253 102
235 253 103
234 252 104
234 252 105
233 251 106
234 252 107
235 252 108
234 252 109
234 251 110
233 252 111
233 251 112
232 250 113
231 251 114
230 252 115
229 253 115
229 254 115
228 255 115
91
247 254 24
247 254 25
247 254 26
246 254 27
246 254 28
246 254 29
246 254 30
246 254 31
246 254 32
245 254 33
245 254 34
245 254 35
245 254 36
245 254 37
245 254 38
244 254 39
244 254 40
244 254 41
244 254 42
244 254 43
244 254 44
244 254 45
243 254 46
243 254 47
243 254 48
243 254 49
242 253 50
242 254 51
242 254 52
242 254 53
242 254 54
242 254 55
241 253 56
241 254 57
241 254 58
241 254 59
241 254 60
241 254 61
241 255 62
241 255 63
240 255 64
240 255 65
240 254 66
240 254 67
240 254 68
239 253 69
239 253 70
239 253 71
239 253 72
238 253 73
238 253 74
238 253 75
237 253 76
237 252 77
238 253 78
237 252 79
237 251 80
237 251 81
237 252 82
236 252 83
235 253 84
235 254 84
235 255 83
235 256 84
236 257 85
237 256 86
236 257 87
235 257 87
234 257 88
234 258 89
234 258 90
234 258 91
235 259 92
234 259 93
235 259 94
236 258 95
237 257 95
244 257 95
244 257 96
244 257 97
244 257 98
245 257 99
244 258 100
244 258 101
244 258 102
245 258 103
244 259 104
244 259 105
245 258 106
245 259 107
244 260 108
91
247 254 24
247 254 25
247 254 26
246 254 27
246 254 28
246 254 29
246 254 30
246 254 31
246 254 32
245 254 33
245 254 34
245 254 35
245 254 36
245 254 37
245 254 38
244 254 39
244 254 40
244 254 41
244 254 42
244 254 43
244 254 44
244 254 45
243 254 46
243 254 47
243 254 48
243 254 49
242 253 50
242 254 51
242 254 52
242 254 53
242 254 54
242 254 55
241 253 56
241 254 57
241 254 58
241 254 59
241 254 60
241 254 61
241 255 62
241 255 63
240 255 64
240 255 65
240 254 66
240 254 67
240 254 68
239 253 69
239 253 70
239 253 71
239 253 72
238 253 73
238 253 74
238 253 75
237 253 76
237 252 77
238 253 78
237 252 79
237 251 80
237 251 81
237 252 82
236 252 83
236 251 84
236 250 85
235 251 86
234 252 87
233 252 88
234 251 89
235 252 90
236 252 91
235 252 92
236 251 93
235 252 94
235 252 95
235 252 96
236 253 97
235 252 98
235 252 99
234 252 100
235 253 101
235 253 102
235 253 103
234 252 104
234 252 105
233 251 106
233 250 106
233 249 106
233 248 106
233 247 106
234 246 105
234 245 105
234 244 106
235 244 107
90
247 254 24
247 254 25
247 254 26
246 254 27
246 254 28
246 254 29
246 254 30
246 254 31
246 254 32
245 254 33
245 254 34
245 254 35
245 254 36
245 254 37
245 254 38
244 254 39
244 254 40
244 254 41
244 254 42
244 254 43
244 254 44
244 254 45
243 254 46
243 254 47
243 254 48
243 254 49
242 253 50
242 254 51
242 254 52
242 254 53
242 254 54
242 254 55
241 253 56
241 254 57
241 254 58
241 254 59
241 254 60
241 254 61
241 255 62
241 255 63
240 255 64
240 255 65
240 254 66
240 254 67
240 254 68
239 253 69
239 253 70
239 253 71
239 253 72
238 253 73
238 253 74
238 253 75
237 253 76
237 252 77
238 253 78
237 252 79
237 251 80
237 251 81
237 252 82
236 252 83
236 251 84
236 250 85
235 251 86
234 252 87
233 252 88
234 251 89
235 252 90
236 252 91
235 252 92
236 251 93
235 252 94
235 252 95
235 252 96
236 253 97
235 252 98
235 252 99
234 252 100
235 253 101
235 253 102
235 253 103
234 252 104
234 252 105
233 251 106
232 252 106
231 251 106
230 251 106
229 251 106
228 250 106
227 249 105
226 248 105
87
247 254 24
247 254 25
247 254 26
246 254 27
246 254 28
246 254 29
246 254 30
246 254 31
246 254 32
245 254 33
245 254 34
245 254 35
245 254 36
245 254 37
245 254 38
244 254 39
244 254 40
244 254 41
244 254 42
244 254 43
244 254 44
244 254 45
243 254 46
243 254 47
243 254 48
243 254 49
242 253 50
242 254 51
242 254 52
242 254 53
242 254 54
242 254 55
241 253 56
241 254 57
241 254 58
241 254 59
241 254 60
241 254 61
241 255 62
241 255 63
240 255 64
240 255 65
240 254 66
240 254 67
240 254 68
239 253 69
239 253 70
239 253 71
239 253 72
238 253 73
238 253 74
238 253 75
237 253 76
237 252 77
238 253 78
237 252 79
237 251 80
237 251 81
237 252 82
236 252 83
236 251 84
236 250 85
235 251 86
234 252 87
233 252 88
234 251 89
235 252 90
236 252 91
235 252 92
236 251 93
235 252 94
235 252 95
235 252 96
236 253 97
235 252 98
235 252 99
234 252 100
235 253 101
235 253 102
235 253 103
234 252 104
234 252 105
233 251 106
234 252 107
235 253 107
235 254 107
234 263 106
80
247 254 24
247 254 25
247 254 26
246 254 27
246 254 28
246 254 29
246 254 30
246 254 31
246 254 32
245 254 33
245 254 34
245 254 35
245 254 36
245 254 37
245 254 38
244 254 39
244 254 40
244 254 41
244 254 42
244 254 43
244 254 44
244 254 45
243 254 46
243 254 47
243 254 48
243 254 49
242 253 50
242 254 51
242 254 52
242 254 53
242 254 54
242 254 55
241 253 56
241 254 57
241 254 58
241 254 59
241 254 60
241 254 61
241 255 62
241 255 63
240 255 64
240 255 65
240 254 66
240 254 67
240 254 68
239 253 69
239 253 70
239 253 71
239 253 72
238 253 73
238 253 74
238 253 75
237 253 76
237 252 77
238 253 78
237 252 79
237 251 80
237 251 81
237 252 82
236 252 83
235 253 84
235 254 84
235 255 83
235 256 84
236 257 85
237 256 86
236 257 87
235 257 87
234 257 88
234 258 89
234 258 90
234 258 91
235 259 92
234 259 93
235 259 94
236 258 95
237 257 95
244 257 95
245 256 94
245 256 93
80
247 254 24
247 254 25
247 254 26
246 254 27
246 254 28
246 254 29
246 254 30
246 254 31
246 254 32
245 254 33
245 254 34
245 254 35
245 254 36
245 254 37
245 254 38
244 254 39
244 254 40
244 254 41
244 254 42
244 254 43
244 254 44
244 254 45
243 254 46
243 254 47
243 254 48
243 254 49
242 253 50
242 254 51
242 254 52
242 254 53
242 254 54
242 254 55
241 253 56
241 254 57
241 254 58
241 254 59
241 254 60
241 254 61
241 255 62
241 255 63
240 255 64
240 255 65
240 254 66
240 254 67
240 254 68
239 253 69
239 253 70
239 253 71
239 253 72
238 253 73
238 253 74
238 253 75
237 253 76
237 252 77
238 253 78
237 252 79
237 251 80
237 251 81
237 252 82
236 252 83
236 251 84
236 250 85
235 251 86
234 252 87
233 252 88
234 251 89
235 252 90
236 252 91
235 252 92
236 251 93
235 252 94
235 252 95
235 252 96
236 253 97
235 252 98
235 252 99
234 252 100
235 253 101
235 253 102
233 261 102
79
247 254 24
247 254 25
247 254 26
246 254 27
246 254 28
246 254 29
246 254 30
246 254 31
246 254 32
245 254 33
245 254 34
245 254 35
245 254 36
245 254 37
245 254 38
244 254 39
244 254 40
244 254 41
244 254 42
244 254 43
244 254 44
244 254 45
243 254 46
243 254 47
243 254 48
243 254 49
242 253 50
242 254 51
242 254 52
242 254 53
242 254 54
242 254 55
241 253 56
241 254 57
241 254 58
241 254 59
241 254 60
241 254 61
241 255 62
241 255 63
240 255 64
240 255 65
240 254 66
240 254 67
240 254 68
239 253 69
239 253 70
239 253 71
239 253 72
238 253 73
238 253 74
238 253 75
237 253 76
237 252 77
238 253 78
237 252 79
237 251 80
237 251 81
237 252 82
236 252 83
236 251 84
236 250 85
235 251 86
234 252 87
233 252 88
234 251 89
235 252 90
236 252 91
235 252 92
236 251 93
235 252 94
235 252 95
235 252 96
236 253 97
235 252 98
235 252 99
234 252 100
235 253 101
233 261 101
77
247 254 24
247 254 25
247 254 26
246 254 27
246 254 28
246 254 29
246 254 30
246 254 31
246 254 32
245 254 33
245 254 34
245 254 35
245 254 36
245 254 37
245 254 38
244 254 39
244 254 40
244 254 41
244 254 42
244 254 43
244 254 44
244 254 45
243 254 46
243 254 47
243 254 48
243 254 49
242 253 50
242 254 51
242 254 52
242 254 53
242 254 54
242 254 55
241 253 56
241 254 57
241 254 58
241 254 59
241 254 60
241 254 61
241 255 62
241 255 63
240 255 64
240 255 65
240 254 66
240 254 67
240 254 68
239 253 69
239 253 70
239 253 71
239 253 72
238 253 73
238 253 74
238 253 75
237 253 76
237 252 77
238 253 78
237 252 79
237 251 80
237 251 81
237 252 82
236 252 83
236 251 84
236 250 85
235 251 86
234 252 87
233 252 88
234 251 89
235 252 90
236 252 91
235 252 92
236 251 93
235 252 94
235 252 95
235 252 96
236 253 97
236 254 96
236 255 95
237 256 95
74
247 254 24
247 254 25
247 254 26
246 254 27
246 254 28
246 254 29
246 254 30
246 254 31
246 254 32
245 254 33
245 254 34
245 254 35
245 254 36
245 254 37
245 254 38
244 254 39
244 254 40
244 254 41
244 254 42
244 254 43
244 254 44
244 254 45
243 254 46
243 254 47
243 254 48
243 254 49
242 253 50
242 254 51
242 254 52
242 254 53
242 254 54
242 254 55
241 253 56
241 254 57
241 254 58
241 254 59
241 254 60
241 254 61
241 255 62
241 255 63
240 255 64
240 255 65
240 254 66
240 254 67
240 254 68
239 253 69
239 253 70
239 253 71
239 253 72
238 253 73
238 253 74
238 253 75
237 253 76
237 252 77
238 253 78
237 252 79
237 251 80
237 251 81
237 252 82
236 252 83
236 251 84
236 250 85
235 251 86
234 252 87
233 252 88
234 251 89
235 252 90
236 252 91
235 252 92
236 251 93
235 252 94
236 253 94
236 254 93
236 255 93
74
247 254 24
247 254 25
247 254 26
246 254 27
246 254 28
246 254 29
246 254 30
246 254 31
246 254 32
245 254 33
245 254 34
245 254 35
245 254 36
245 254 37
245 254 38
244 254 39
244 254 40
244 254 41
244 254 42
244 254 43
244 254 44
244 254 45
243 254 46
243 254 47
243 254 48
243 254 49
242 253 50
242 254 51
242 254 52
242 254 53
242 254 54
242 254 55
241 253 56
241 254 57
241 254 58
241 254 59
241 254 60
241 254 61
241 255 62
241 255 63
240 255 64
240 255 65
240 254 66
240 254 67
240 254 68
239 253 69
239 253 70
239 253 71
239 253 72
238 253 73
238 253 74
238 253 75
237 253 76
237 252 77
238 253 78
237 252 79
237 251 80
237 251 81
237 252 82
236 252 83
235 253 84
235 254 84
235 255 83
235 256 84
236 257 85
237 256 86
236 257 87
235 257 87
234 257 88
234 258 89
234 258 90
234 258 91
235 257 92
236 256 93
71
247 254 24
247 254 25
247 254 26
246 254 27
246 254 28
246 254 29
246 254 30
246 254 31
246 254 32
245 254 33
245 254 34
245 254 35
245 254 36
245 254 37
245 254 38
244 254 39
244 254 40
244 254 41
244 254 42
244 254 43
244 254 44
244 254 45
243 254 46
243 254 47
243 254 48
243 254 49
242 253 50
242 254 51
242 254 52
242 254 53
242 254 54
242 254 55
241 253 56
241 254 57
241 254 58
241 254 59
241 254 60
241 254 61
241 255 62
241 255 63
240 255 64
240 255 65
240 254 66
240 254 67
240 254 68
239 253 69
239 253 70
239 253 71
239 253 72
238 253 73
238 253 74
238 253 75
237 253 76
237 252 77
238 253 78
237 252 79
237 251 80
237 251 81
237 252 82
236 252 83
236 251 84
236 250 85
235 249 86
234 248 87
233 247 88
233 246 89
234 245 89
235 245 89
236 245 89
237 246 90
238 247 91
70
247 254 24
247 254 25
247 254 26
246 254 27
246 254 28
246 254 29
246 254 30
246 254 31
246 254 32
245 254 33
245 254 34
245 254 35
245 254 36
245 254 37
245 254 38
244 254 39
244 254 40
244 254 41
244 254 42
244 254 43
244 254 44
244 254 45
243 254 46
243 254 47
243 254 48
243 254 49
242 253 50
242 254 51
242 254 52
242 254 53
242 254 54
242 254 55
241 253 56
241 254 57
241 254 58
241 254 59
241 254 60
241 254 61
241 255 62
241 255 63
240 255 64
240 255 65
240 254 66
240 254 67
240 254 68
239 253 69
239 253 70
239 253 71
239 253 72
238 253 73
238 253 74
238 253 75
237 253 76
237 252 77
238 253 78
237 252 79
237 251 80
237 251 81
237 252 82
236 252 83
236 251 84
236 250 85
235 249 86
234 248 87
233 247 88
233 246 89
233 247 90
234 248 91
235 249 92
236 250 93
70
247 254 24
247 254 25
247 254 26
246 254 27
246 254 28
246 254 29
246 254 30
246 254 31
246 254 32
245 254 33
245 254 34
245 254 35
245 254 36
245 254 37
245 254 38
244 254 39
244 254 40
244 254 41
244 254 42
244 254 43
244 254 44
244 254 45
243 254 46
243 254 47
243 254 48
243 254 49
242 253 50
242 254 51
242 254 52
242 254 53
242 254 54
242 254 55
241 253 56
241 254 57
241 254 58
241 254 59
241 254 60
241 254 61
241 255 62
241 255 63
240 255 64
240 255 65
240 254 66
240 254 67
240 254 68
239 253 69
239 253 70
239 253 71
239 253 72
238 253 73
238 253 74
238 253 75
237 253 76
237 252 77
238 253 78
237 252 79
237 251 80
237 251 81
237 252 82
236 252 83
236 251 84
236 250 85
235 251 86
234 252 87
233 252 88
234 251 89
235 252 90
236 252 91
237 252 91
238 251 91
69
247 254 24
247 254 25
247 254 26
246 254 27
246 254 28
246 254 29
246 254 30
246 254 31
246 254 32
245 254 33
245 254 34
245 254 35
245 254 36
245 254 37
245 254 38
244 254 39
244 254 40
244 254 41
244 254 42
244 254 43
244 254 44
244 254 45
243 254 46
243 254 47
243 254 48
243 254 49
242 253 50
242 254 51
242 254 52
242 254 53
242 254 54
242 254 55
241 253 56
241 254 57
241 254 58
241 254 59
241 254 60
241 254 61
241 255 62
241 255 63
240 255 64
240 255 65
240 254 66
240 254 67
240 254 68
239 253 69
239 253 70
239 253 71
239 253 72
238 253 73
238 253 74
238 253 75
237 253 76
237 252 77
238 253 78
237 252 79
237 251 80
237 251 81
237 252 82
236 252 83
236 251 84
236 250 85
235 249 86
234 248 86
233 247 87
232 248 88
231 247 89
230 248 90
231 249 91
68
247 254 24
247 254 25
247 254 26
246 254 27
246 254 28
246 254 29
246 254 30
246 254 31
246 254 32
245 254 33
245 254 34
245 254 35
245 254 36
245 254 37
245 254 38
244 254 39
244 254 40
244 254 41
244 254 42
244 254 43
244 254 44
244 254 45
243 254 46
243 254 47
243 254 48
243 254 49
242 253 50
242 254 51
242 254 52
242 254 53
242 254 54
242 254 55
241 253 56
241 254 57
241 254 58
241 254 59
241 254 60
241 254 61
241 255 62
241 255 63
240 255 64
240 255 65
240 254 66
240 254 67
240 254 68
239 253 69
239 253 70
239 253 71
239 253 72
238 253 73
238 253 74
238 253 75
237 253 76
237 252 77
238 253 78
237 252 79
237 251 80
237 251 81
237 252 82
236 252 83
235 253 84
235 254 84
235 255 83
235 256 84
236 257 85
237 256 86
236 257 87
237 258 88
68
247 254 24
247 254 25
247 254 26
246 254 27
246 254 28
246 254 29
246 254 30
246 254 31
246 254 32
245 254 33
245 254 34
245 254 35
245 254 36
245 254 37
245 254 38
244 254 39
244 254 40
244 254 41
244 254 42
244 254 43
244 254 44
244 254 45
243 254 46
243 254 47
243 254 48
243 254 49
242 253 50
242 254 51
242 254 52
242 254 53
242 254 54
242 254 55
241 253 56
241 254 57
241 254 58
241 254 59
241 254 60
241 254 61
241 255 62
241 255 63
240 255 64
240 255 65
240 254 66
240 254 67
240 254 68
239 253 69
239 253 70
239 253 71
239 253 72
238 253 73
238 253 74
238 253 75
237 253 76
237 252 77
238 253 78
237 252 79
237 251 80
237 251 81
237 252 82
236 252 83
236 251 84
236 251 85
236 252 86
237 253 86
237 254 86
237 255 87
238 256 88
238 257 88
66
247 254 24
247 254 25
247 254 26
246 254 27
246 254 28
246 254 29
246 254 30
246 254 31
246 254 32
245 254 33
245 254 34
245 254 35
245 254 36
245 254 37
245 254 38
244 254 39
244 254 40
244 254 41
244 254 42
244 254 43
244 254 44
244 254 45
243 254 46
243 254 47
243 254 48
243 254 49
242 253 50
242 254 51
242 254 52
242 254 53
242 254 54
242 254 55
241 253 56
241 254 57
241 254 58
241 254 59
241 254 60
241 254 61
241 255 62
241 255 63
240 255 64
240 255 65
240 254 66
240 254 67
240 254 68
239 253 69
239 253 70
239 253 71
239 253 72
238 253 73
238 253 74
238 253 75
237 253 76
237 252 77
238 253 78
237 252 79
237 251 80
237 251 81
237 252 82
236 252 83
236 251 84
236 250 85
237 249 86
238 248 87
238 248 88
238 248 91
66
247 254 24
247 254 25
247 254 26
246 254 27
246 254 28
246 254 29
246 254 30
246 254 31
246 254 32
245 254 33
245 254 34
245 254 35
245 254 36
245 254 37
245 254 38
244 254 39
244 254 40
244 254 41
244 254 42
244 254 43
244 254 44
244 254 45
243 254 46
243 254 47
243 254 48
243 254 49
242 253 50
242 254 51
242 254 52
242 254 53
242 254 54
242 254 55
241 253 56
241 254 57
241 254 58
241 254 59
241 254 60
241 254 61
241 255 62
241 255 63
240 255 64
240 255 65
240 254 66
240 254 67
240 254 68
239 253 69
239 253 70
239 253 71
239 253 72
238 253 73
238 253 74
238 253 75
237 253 76
237 252 77
238 253 78
237 252 79
237 251 80
237 251 81
237 252 82
236 252 83
236 251 84
236 250 85
237 249 86
238 248 87
238 249 88
238 249 91
66
247 254 24
247 254 25
247 254 26
246 254 27
246 254 28
246 254 29
246 254 30
246 254 31
246 254 32
245 254 33
245 254 34
245 254 35
245 254 36
245 254 37
245 254 38
244 254 39
244 254 40
244 254 41
244 254 42
244 254 43
244 254 44
244 254 45
243 254 46
243 254 47
243 254 48
243 254 49
242 253 50
242 254 51
242 254 52
242 254 53
242 254 54
242 254 55
241 253 56
241 254 57
241 254 58
241 254 59
241 254 60
241 254 61
241 255 62
241 255 63
240 255 64
240 255 65
240 254 66
240 254 67
240 254 68
239 253 69
239 253 70
239 253 71
239 253 72
238 253 73
238 253 74
238 253 75
237 253 76
237 252 77
238 253 78
237 252 79
237 251 80
237 251 81
237 252 82
236 252 83
236 251 84
236 250 85
237 249 86
238 249 87
238 250 88
238 250 91
63
247 254 24
247 254 25
247 254 26
246 254 27
246 254 28
246 254 29
246 254 30
246 254 31
246 254 32
245 254 33
245 254 34
245 254 35
245 254 36
245 254 37
245 254 38
244 254 39
244 254 40
244 254 41
244 254 42
244 254 43
244 254 44
244 254 45
243 254 46
243 254 47
243 254 48
243 254 49
242 253 50
242 254 51
242 254 52
242 254 53
242 254 54
242 254 55
241 253 56
241 254 57
241 254 58
241 254 59
241 254 60
241 254 61
241 255 62
242 256 63
242 257 64
242 257 65
242 257 66
242 257 67
243 258 68
242 258 69
242 258 70
243 259 71
242 258 72
242 259 73
242 259 74
243 259 75
243 260 76
243 260 77
243 260 78
243 260 79
243 260 80
243 255 80
244 254 81
244 254 82
244 254 83
244 255 84
244 255 85
57
247 254 24
247 254 25
247 254 26
246 254 27
246 254 28
246 254 29
246 254 30
246 254 31
246 254 32
245 254 33
245 254 34
245 254 35
245 254 36
245 254 37
245 254 38
244 254 39
244 254 40
244 254 41
244 254 42
244 254 43
244 254 44
244 254 45
243 254 46
243 254 47
243 254 48
243 254 49
242 253 50
242 254 51
242 254 52
242 254 53
242 254 54
242 254 55
241 253 56
241 254 57
241 254 58
241 254 59
241 254 60
241 254 61
241 255 62
242 256 63
242 257 64
242 257 65
242 257 66
242 257 67
243 258 68
242 258 69
242 258 70
243 259 71
242 258 72
242 259 73
242 259 74
243 259 75
243 260 76
243 260 77
243 260 78
243 260 79
243 255 79
56
247 254 24
247 254 25
247 254 26
246 254 27
246 254 28
246 254 29
246 254 30
246 254 31
246 254 32
245 254 33
245 254 34
245 254 35
245 254 36
245 254 37
245 254 38
244 254 39
244 254 40
244 254 41
244 254 42
244 254 43
244 254 44
244 254 45
243 254 46
243 254 47
243 254 48
243 254 49
242 253 50
242 254 51
242 254 52
242 254 53
242 254 54
242 254 55
241 253 56
241 254 57
241 254 58
241 254 59
241 254 60
241 254 61
241 255 62
242 256 63
242 257 64
242 257 65
242 257 66
242 257 67
243 258 68
242 258 69
242 258 70
243 259 71
242 258 72
242 259 73
242 259 74
243 259 75
243 260 76
243 260 77
243 260 78
243 255 78
55
247 254 24
247 254 25
247 254 26
246 254 27
246 254 28
246 254 29
246 254 30
246 254 31
246 254 32
245 254 33
245 254 34
245 254 35
245 254 36
245 254 37
245 254 38
244 254 39
244 254 40
244 254 41
244 254 42
244 254 43
244 254 44
244 254 45
243 254 46
243 254 47
243 254 48
243 254 49
242 253 50
242 254 51
242 254 52
242 254 53
242 254 54
242 254 55
241 253 56
241 254 57
241 254 58
241 254 59
241 254 60
241 254 61
241 255 62
242 256 63
242 257 64
242 257 65
242 257 66
242 257 67
243 258 68
242 258 69
242 258 70
243 259 71
242 258 72
242 259 73
242 259 74
243 259 75
243 260 76
243 260 77
243 255 77
