45
252
281 250 22
267 253 24
267 253 25
267 253 26
267 253 27
266 253 28
266 253 29
266 254 30
266 254 31
265 253 32
265 253 33
264 253 34
263 253 35
262 253 36
263 253 37
262 252 38
263 253 39
263 254 40
262 255 41
261 255 42
262 255 43
263 255 44
264 255 45
264 255 46
264 255 47
265 255 48
265 255 49
265 255 50
265 255 51
265 254 52
265 254 53
264 255 54
264 254 55
265 255 56
264 255 57
264 255 58
264 255 59
263 254 60
263 254 61
263 254 62
263 254 63
263 254 64
262 254 65
262 254 66
262 254 67
262 255 68
262 255 69
261 255 70
261 254 71
261 254 72
260 255 73
260 254 74
260 254 75
260 254 76
259 254 77
260 254 78
260 254 79
260 254 80
260 254 81
260 254 82
260 255 83
260 254 84
260 254 85
260 254 86
260 254 87
260 255 88
260 255 89
260 255 90
260 255 91
260 255 92
260 255 93
260 256 94
260 256 95
260 255 96
260 255 97
260 255 98
260 255 99
260 255 100
259 256 101
260 255 102
259 255 103
259 255 104
260 256 105
259 255 106
259 255 107
259 256 108
259 256 109
259 256 110
260 256 111
261 256 112
262 256 113
262 256 114
263 256 115
263 256 116
263 257 117
263 257 118
264 257 119
264 257 120
264 257 121
264 257 122
264 257 123
264 257 124
265 257 125
265 258 126
265 258 127
264 258 128
264 258 129
265 258 130
265 258 131
265 258 132
266 258 133
266 258 134
266 257 135
266 257 136
267 257 137
267 257 138
268 257 139
268 257 140
268 257 141
269 257 142
269 257 143
269 258 144
269 258 145
270 258 146
270 258 147
270 258 148
270 258 149
270 258 150
270 258 151
270 258 152
270 258 153
271 258 154
271 258 155
271 258 156
271 258 157
272 258 158
272 258 159
272 259 160
272 258 161
273 259 162
273 258 163
274 259 164
274 259 165
275 259 166
275 259 167
276 259 168
277 259 169
277 259 170
278 259 171
278 258 172
279 258 173
279 258 174
280 258 175
281 259 176
281 259 177
281 259 178
281 259 179
281 259 180
282 260 181
282 259 182
282 260 183
283 260 184
283 260 185
284 261 186
284 260 187
284 260 188
284 260 189
284 260 190
285 261 191
285 261 192
286 261 193
287 260 194
288 260 195
288 260 196
289 260 197
289 260 198
290 261 199
291 260 199
292 260 200
292 261 201
293 261 202
294 261 202
295 261 203
295 262 204
296 262 205
297 262 206
298 262 207
299 262 208
300 263 209
301 263 210
302 263 210
303 263 211
304 263 212
304 262 213
305 262 214
306 262 215
307 263 216
308 262 217
309 262 218
309 262 219
310 262 220
310 262 221
311 262 222
312 263 223
313 263 224
314 263 225
315 263 226
316 263 227
317 263 227
318 263 228
319 263 228
320 264 229
321 264 229
322 264 229
323 263 229
324 264 230
325 263 230
326 263 230
327 264 230
328 264 231
329 264 231
330 264 231
331 265 232
332 265 232
333 265 233
334 266 234
335 266 235
336 266 235
337 266 235
338 266 235
339 266 235
340 267 235
341 267 235
342 267 236
343 267 236
344 266 236
345 267 236
346 267 236
347 267 236
348 267 235
349 267 235
350 267 235
351 268 235
352 268 234
353 268 234
354 268 234
355 268 233
356 269 233
357 269 232
358 269 231
359 269 230
360 269 229
245
281 250 22
267 253 24
267 253 25
267 253 26
267 253 27
266 253 28
266 253 29
266 254 30
266 254 31
265 253 32
265 253 33
264 253 34
263 253 35
262 253 36
263 253 37
262 252 38
263 253 39
263 254 40
262 255 41
261 255 42
262 255 43
263 255 44
264 255 45
264 255 46
264 255 47
265 255 48
265 255 49
265 255 50
265 255 51
265 254 52
265 254 53
264 255 54
264 254 55
265 255 56
264 255 57
264 255 58
264 255 59
263 254 60
263 254 61
263 254 62
263 254 63
263 254 64
262 254 65
262 254 66
262 254 67
262 255 68
262 255 69
261 255 70
261 254 71
261 254 72
260 255 73
260 254 74
260 254 75
260 254 76
259 254 77
260 254 78
260 254 79
260 254 80
260 254 81
260 254 82
260 255 83
260 254 84
260 254 85
260 254 86
260 254 87
260 255 88
260 255 89
260 255 90
260 255 91
260 255 92
260 255 93
260 256 94
260 256 95
260 255 96
260 255 97
260 255 98
260 255 99
260 255 100
259 256 101
260 255 102
259 255 103
259 255 104
260 256 105
259 255 106
259 255 107
259 256 108
259 256 109
259 256 110
260 256 111
259 257 112
258 256 113
257 256 114
257 256 115
257 257 116
257 257 117
256 257 118
256 257 119
256 257 120
255 257 121
255 257 122
255 257 123
255 257 124
255 257 125
254 257 126
254 257 127
254 257 128
254 257 129
254 257 130
254 258 131
253 257 132
254 256 132
254 255 133
254 256 134
253 256 135
253 255 136
253 256 137
253 256 138
252 257 139
251 257 140
250 257 141
249 258 142
248 259 143
248 258 144
247 258 145
246 258 146
245 257 147
244 257 148
243 257 149
243 257 150
242 258 151
241 258 152
241 258 153
240 258 154
240 259 155
239 259 156
238 259 157
238 260 158
238 260 159
237 260 160
237 260 161
237 260 162
236 260 163
236 260 164
236 260 165
235 260 166
235 260 167
235 260 168
234 260 169
233 260 170
233 260 171
232 260 172
233 261 173
232 260 174
232 261 175
231 260 176
231 260 177
231 261 178
230 261 179
229 261 180
228 261 181
227 262 182
226 262 183
225 263 184
224 263 185
223 263 186
222 264 187
221 263 187
220 264 188
219 264 189
218 265 190
217 266 191
216 266 192
215 267 193
214 267 194
213 267 195
212 267 196
212 267 197
211 267 198
210 267 199
210 267 200
209 268 201
208 267 202
208 268 203
208 269 204
207 270 205
206 269 205
205 270 206
204 271 207
203 271 207
202 272 208
201 273 208
200 273 209
199 274 209
198 275 210
197 276 211
196 275 211
195 276 212
194 276 212
193 276 212
192 276 212
191 277 213
190 277 213
189 278 214
188 279 214
187 279 214
186 280 215
185 280 215
184 281 216
183 281 216
182 282 216
181 282 216
180 283 216
180 284 217
180 285 217
180 286 217
180 287 218
179 288 218
178 289 218
177 289 218
176 289 217
175 288 217
168 288 217
168 289 217
167 290 216
166 291 216
165 292 215
164 293 215
163 293 214
162 294 214
161 295 213
160 296 212
159 297 211
158 297 210
157 298 209
156 299 208
156 299 207
155 299 206
154 300 205
154 301 204
153 301 203
153 301 202
153 301 201
152 301 200
153 302 199
153 302 198
223
281 250 22
267 253 24
267 253 25
267 253 26
267 253 27
266 253 28
266 253 29
266 254 30
266 254 31
265 253 32
265 253 33
264 253 34
263 253 35
262 253 36
263 253 37
262 252 38
263 253 39
263 254 40
262 255 41
261 255 42
262 255 43
263 255 44
264 255 45
264 255 46
264 255 47
265 255 48
265 255 49
265 255 50
265 255 51
265 254 52
265 254 53
264 255 54
264 254 55
265 255 56
264 255 57
264 255 58
264 255 59
263 254 60
263 254 61
263 254 62
263 254 63
263 254 64
262 254 65
262 254 66
262 254 67
262 255 68
262 255 69
261 255 70
261 254 71
261 254 72
260 255 73
260 254 74
260 254 75
260 254 76
259 254 77
260 254 78
260 254 79
260 254 80
260 254 81
260 254 82
260 255 83
260 254 84
260 254 85
260 254 86
260 254 87
260 255 88
260 255 89
260 255 90
260 255 91
260 255 92
260 255 93
260 256 94
260 256 95
260 255 96
260 255 97
260 255 98
260 255 99
260 255 100
259 256 101
260 255 102
259 255 103
259 255 104
260 256 105
259 255 106
259 255 107
259 256 108
259 256 109
259 256 110
260 256 111
259 257 112
258 256 113
257 256 114
257 256 115
257 257 116
257 257 117
256 257 118
256 257 119
256 257 120
255 257 121
255 257 122
255 257 123
255 257 124
255 257 125
254 257 126
254 257 127
254 257 128
254 257 129
254 257 130
254 258 131
253 257 132
254 256 132
254 255 133
254 256 134
253 256 135
253 255 136
253 256 137
253 256 138
252 257 139
251 257 140
250 257 141
249 258 142
248 259 143
248 258 144
247 258 145
246 258 146
245 257 147
244 257 148
243 257 149
243 257 150
242 258 151
241 258 152
241 258 153
240 258 154
240 259 155
239 259 156
238 259 157
238 260 158
238 260 159
237 260 160
237 260 161
237 260 162
236 260 163
236 260 164
236 260 165
235 260 166
235 260 167
235 260 168
234 260 169
233 260 170
233 260 171
232 260 172
233 261 173
232 260 174
232 261 175
231 260 176
231 260 177
231 261 178
230 261 179
229 261 180
228 261 181
227 262 182
226 262 183
225 263 184
224 263 185
223 263 186
222 264 187
221 263 187
220 264 188
219 264 189
218 265 190
217 266 191
216 266 192
215 267 193
214 267 194
213 267 195
212 267 196
212 267 197
211 267 198
210 267 199
210 267 200
209 268 201
208 267 202
208 268 203
208 269 204
207 270 205
206 269 205
205 270 206
204 271 207
203 271 207
202 272 208
201 273 208
200 273 209
199 274 209
198 275 210
197 276 211
196 275 211
195 276 212
194 276 212
193 276 212
192 276 212
191 277 213
190 277 213
189 278 214
188 279 214
187 279 214
186 280 215
185 280 215
184 281 216
183 281 216
182 282 216
181 282 216
180 283 216
180 284 217
180 285 217
180 286 217
180 287 218
179 288 218
178 289 218
177 289 218
176 289 217
175 288 217
169 287 217
169 286 217
221
281 250 22
267 253 24
267 253 25
267 253 26
267 253 27
266 253 28
266 253 29
266 254 30
266 254 31
265 253 32
265 253 33
264 253 34
263 253 35
262 253 36
263 253 37
262 252 38
263 253 39
263 254 40
262 255 41
261 255 42
262 255 43
263 255 44
264 255 45
264 255 46
264 255 47
265 255 48
265 255 49
265 255 50
265 255 51
265 254 52
265 254 53
264 255 54
264 254 55
265 255 56
264 255 57
264 255 58
264 255 59
263 254 60
263 254 61
263 254 62
263 254 63
263 254 64
262 254 65
262 254 66
262 254 67
262 255 68
262 255 69
261 255 70
261 254 71
261 254 72
260 255 73
260 254 74
260 254 75
260 254 76
259 254 77
260 254 78
260 254 79
260 254 80
260 254 81
260 254 82
260 255 83
260 254 84
260 254 85
260 254 86
260 254 87
260 255 88
260 255 89
260 255 90
260 255 91
260 255 92
260 255 93
260 256 94
260 256 95
260 255 96
260 255 97
260 255 98
260 255 99
260 255 100
259 256 101
260 255 102
259 255 103
259 255 104
260 256 105
259 255 106
259 255 107
259 256 108
259 256 109
259 256 110
260 256 111
259 257 112
258 256 113
257 256 114
257 256 115
257 257 116
257 257 117
256 257 118
256 257 119
256 257 120
255 257 121
255 257 122
255 257 123
255 257 124
255 257 125
254 257 126
254 257 127
254 257 128
254 257 129
254 257 130
254 258 131
253 257 132
254 256 132
254 255 133
254 256 134
253 256 135
253 255 136
253 256 137
253 256 138
252 257 139
251 257 140
250 257 141
249 258 142
248 259 143
248 258 144
247 258 145
246 258 146
245 257 147
244 257 148
243 257 149
243 257 150
242 258 151
241 258 152
241 258 153
240 258 154
240 259 155
239 259 156
238 259 157
238 260 158
238 260 159
237 260 160
237 260 161
237 260 162
236 260 163
236 260 164
236 260 165
235 260 166
235 260 167
235 260 168
234 260 169
233 260 170
233 260 171
232 260 172
233 261 173
232 260 174
232 261 175
231 260 176
231 260 177
231 261 178
230 261 179
229 261 180
228 261 181
227 262 182
226 262 183
225 263 184
224 263 185
223 263 186
222 264 187
221 263 187
220 264 188
219 264 189
218 265 190
217 266 191
216 266 192
215 267 193
214 267 194
213 267 195
212 267 196
212 267 197
211 267 198
210 267 199
210 267 200
209 268 201
208 267 202
208 268 203
208 269 204
207 270 205
206 269 205
205 270 206
204 271 207
203 271 207
202 272 208
201 273 208
200 273 209
199 274 209
198 275 210
197 276 211
196 275 211
195 276 212
194 276 212
193 276 212
192 276 212
191 277 213
190 277 213
189 278 214
188 279 214
187 279 214
186 280 215
185 280 215
184 281 216
183 281 216
182 282 216
181 282 216
180 283 216
180 284 217
180 285 217
180 286 217
180 287 218
179 288 218
178 289 218
177 289 218
176 289 217
174 292 217
221
281 250 22
267 253 24
267 253 25
267 253 26
267 253 27
266 253 28
266 253 29
266 254 30
266 254 31
265 253 32
265 253 33
264 253 34
263 253 35
262 253 36
263 253 37
262 252 38
263 253 39
263 254 40
262 255 41
261 255 42
262 255 43
263 255 44
264 255 45
264 255 46
264 255 47
265 255 48
265 255 49
265 255 50
265 255 51
265 254 52
265 254 53
264 255 54
264 254 55
265 255 56
264 255 57
264 255 58
264 255 59
263 254 60
263 254 61
263 254 62
263 254 63
263 254 64
262 254 65
262 254 66
262 254 67
262 255 68
262 255 69
261 255 70
261 254 71
261 254 72
260 255 73
260 254 74
260 254 75
260 254 76
259 254 77
260 254 78
260 254 79
260 254 80
260 254 81
260 254 82
260 255 83
260 254 84
260 254 85
260 254 86
260 254 87
260 255 88
260 255 89
260 255 90
260 255 91
260 255 92
260 255 93
260 256 94
260 256 95
260 255 96
260 255 97
260 255 98
260 255 99
260 255 100
259 256 101
260 255 102
259 255 103
259 255 104
260 256 105
259 255 106
259 255 107
259 256 108
259 256 109
259 256 110
260 256 111
259 257 112
258 256 113
257 256 114
257 256 115
257 257 116
257 257 117
256 257 118
256 257 119
256 257 120
255 257 121
255 257 122
255 257 123
255 257 124
255 257 125
254 257 126
254 257 127
254 257 128
254 257 129
254 257 130
254 258 131
253 257 132
254 256 132
254 255 133
254 256 134
253 256 135
253 255 136
253 256 137
253 256 138
252 257 139
251 257 140
250 257 141
249 258 142
248 259 143
248 258 144
247 258 145
246 258 146
245 257 147
244 257 148
243 257 149
243 257 150
242 258 151
241 258 152
241 258 153
240 258 154
240 259 155
239 259 156
238 259 157
238 260 158
238 260 159
237 260 160
237 260 161
237 260 162
236 260 163
236 260 164
236 260 165
235 260 166
235 260 167
235 260 168
234 260 169
233 260 170
233 260 171
232 260 172
233 261 173
232 260 174
232 261 175
231 260 176
231 260 177
231 261 178
230 261 179
229 261 180
228 261 181
227 262 182
226 262 183
225 263 184
224 263 185
223 263 186
222 264 187
221 263 187
220 264 188
219 264 189
218 265 190
217 266 191
216 266 192
215 267 193
214 267 194
213 267 195
212 267 196
212 267 197
211 267 198
210 267 199
210 267 200
209 268 201
208 267 202
208 268 203
208 269 204
207 270 205
206 269 205
205 270 206
204 271 207
203 271 207
202 272 208
201 273 208
200 273 209
199 274 209
198 275 210
197 276 211
196 275 211
195 276 212
194 276 212
193 276 212
192 276 212
191 277 213
190 277 213
189 278 214
188 279 214
187 279 214
186 280 215
185 280 215
184 281 216
183 281 216
182 282 216
181 282 216
180 283 216
180 284 217
180 285 217
180 286 217
180 287 218
179 288 218
178 289 218
177 289 218
176 289 217
175 288 217
217
281 250 22
267 253 24
267 253 25
267 253 26
267 253 27
266 253 28
266 253 29
266 254 30
266 254 31
265 253 32
265 253 33
264 253 34
263 253 35
262 253 36
263 253 37
262 252 38
263 253 39
263 254 40
262 255 41
261 255 42
262 255 43
263 255 44
264 255 45
264 255 46
264 255 47
265 255 48
265 255 49
265 255 50
265 255 51
265 254 52
265 254 53
264 255 54
264 254 55
265 255 56
264 255 57
264 255 58
264 255 59
263 254 60
263 254 61
263 254 62
263 254 63
263 254 64
262 254 65
262 254 66
262 254 67
262 255 68
262 255 69
261 255 70
261 254 71
261 254 72
260 255 73
260 254 74
260 254 75
260 254 76
259 254 77
260 254 78
260 254 79
260 254 80
260 254 81
260 254 82
260 255 83
260 254 84
260 254 85
260 254 86
260 254 87
260 255 88
260 255 89
260 255 90
260 255 91
260 255 92
260 255 93
260 256 94
260 256 95
260 255 96
260 255 97
260 255 98
260 255 99
260 255 100
259 256 101
260 255 102
259 255 103
259 255 104
260 256 105
259 255 106
259 255 107
259 256 108
259 256 109
259 256 110
260 256 111
259 257 112
258 256 113
257 256 114
257 256 115
257 257 116
257 257 117
256 257 118
256 257 119
256 257 120
255 257 121
255 257 122
255 257 123
255 257 124
255 257 125
254 257 126
254 257 127
254 257 128
254 257 129
254 257 130
254 258 131
253 257 132
254 256 132
254 255 133
254 256 134
253 256 135
253 255 136
253 256 137
253 256 138
252 257 139
251 257 140
250 257 141
249 258 142
248 259 143
248 258 144
247 258 145
246 258 146
245 257 147
244 257 148
243 257 149
243 257 150
242 258 151
241 258 152
241 258 153
240 258 154
240 259 155
239 259 156
238 259 157
238 260 158
238 260 159
237 260 160
237 260 161
237 260 162
236 260 163
236 260 164
236 260 165
235 260 166
235 260 167
235 260 168
234 260 169
233 260 170
233 260 171
232 260 172
233 261 173
232 260 174
232 261 175
231 260 176
231 260 177
231 261 178
230 261 179
229 261 180
228 261 181
227 262 182
226 262 183
225 263 184
224 263 185
223 263 186
222 264 187
221 263 187
220 264 188
219 264 189
218 265 190
217 266 191
216 266 192
215 267 193
214 267 194
213 267 195
212 267 196
212 267 197
211 267 198
210 267 199
210 267 200
209 268 201
208 267 202
208 268 203
208 269 204
207 270 205
206 269 205
205 270 206
204 271 207
203 271 207
202 272 208
201 273 208
200 273 209
199 274 209
198 275 210
197 276 211
196 275 211
195 276 212
194 276 212
193 276 212
192 276 212
191 277 213
190 277 213
189 278 214
188 279 214
187 279 214
186 280 215
185 280 215
184 281 216
183 281 216
182 282 216
181 282 216
180 282 216
179 281 216
178 281 216
177 281 217
176 281 217
175 281 217
208
281 250 22
267 253 24
267 253 25
267 253 26
267 253 27
266 253 28
266 253 29
266 254 30
266 254 31
265 253 32
265 253 33
264 253 34
263 253 35
262 253 36
263 253 37
262 252 38
263 253 39
263 254 40
262 255 41
261 255 42
262 255 43
263 255 44
264 255 45
264 255 46
264 255 47
265 255 48
265 255 49
265 255 50
265 255 51
265 254 52
265 254 53
264 255 54
264 254 55
265 255 56
264 255 57
264 255 58
264 255 59
263 254 60
263 254 61
263 254 62
263 254 63
263 254 64
262 254 65
262 254 66
262 254 67
262 255 68
262 255 69
261 255 70
261 254 71
261 254 72
260 255 73
260 254 74
260 254 75
260 254 76
259 254 77
260 254 78
260 254 79
260 254 80
260 254 81
260 254 82
260 255 83
260 254 84
260 254 85
260 254 86
260 254 87
260 255 88
260 255 89
260 255 90
260 255 91
260 255 92
260 255 93
260 256 94
260 256 95
260 255 96
260 255 97
260 255 98
260 255 99
260 255 100
259 256 101
260 255 102
259 255 103
259 255 104
260 256 105
259 255 106
259 255 107
259 256 108
259 256 109
259 256 110
260 256 111
259 257 112
258 256 113
257 256 114
257 256 115
257 257 116
257 257 117
256 257 118
256 257 119
256 257 120
255 257 121
255 257 122
255 257 123
255 257 124
255 257 125
254 257 126
254 257 127
254 257 128
254 257 129
254 257 130
254 258 131
253 257 132
254 256 132
254 255 133
254 256 134
253 256 135
253 255 136
253 256 137
253 256 138
252 257 139
251 257 140
250 257 141
249 258 142
248 259 143
248 258 144
247 258 145
246 258 146
245 257 147
244 257 148
243 257 149
243 257 150
242 258 151
241 258 152
241 258 153
240 258 154
240 259 155
239 259 156
238 259 157
238 260 158
238 260 159
237 260 160
237 260 161
237 260 162
236 260 163
236 260 164
236 260 165
235 260 166
235 260 167
235 260 168
234 260 169
233 260 170
233 260 171
232 260 172
233 261 173
232 260 174
232 261 175
231 260 176
231 260 177
231 261 178
230 261 179
229 261 180
228 261 181
227 262 182
226 262 183
225 263 184
224 263 185
223 263 186
222 264 187
221 263 187
220 264 188
219 264 189
218 265 190
217 266 191
216 266 192
215 267 193
214 267 194
213 267 195
212 267 196
212 267 197
211 267 198
210 267 199
210 267 200
209 268 201
208 267 202
208 268 203
208 269 204
207 270 205
206 269 205
205 270 206
204 271 207
203 271 207
202 272 208
201 273 208
200 273 209
199 274 209
198 275 210
197 276 211
196 275 211
195 276 212
194 276 212
193 276 212
192 276 212
191 277 213
190 277 213
189 278 214
188 279 214
187 279 214
186 278 214
185 277 213
185 276 212
208
281 250 22
267 253 24
267 253 25
267 253 26
267 253 27
266 253 28
266 253 29
266 254 30
266 254 31
265 253 32
265 253 33
264 253 34
263 253 35
262 253 36
263 253 37
262 252 38
263 253 39
263 254 40
262 255 41
261 255 42
262 255 43
263 255 44
264 255 45
264 255 46
264 255 47
265 255 48
265 255 49
265 255 50
265 255 51
265 254 52
265 254 53
264 255 54
264 254 55
265 255 56
264 255 57
264 255 58
264 255 59
263 254 60
263 254 61
263 254 62
263 254 63
263 254 64
262 254 65
262 254 66
262 254 67
262 255 68
262 255 69
261 255 70
261 254 71
261 254 72
260 255 73
260 254 74
260 254 75
260 254 76
259 254 77
260 254 78
260 254 79
260 254 80
260 254 81
260 254 82
260 255 83
260 254 84
260 254 85
260 254 86
260 254 87
260 255 88
260 255 89
260 255 90
260 255 91
260 255 92
260 255 93
260 256 94
260 256 95
260 255 96
260 255 97
260 255 98
260 255 99
260 255 100
259 256 101
260 255 102
259 255 103
259 255 104
260 256 105
259 255 106
259 255 107
259 256 108
259 256 109
259 256 110
260 256 111
259 257 112
258 256 113
257 256 114
257 256 115
257 257 116
257 257 117
256 257 118
256 257 119
256 257 120
255 257 121
255 257 122
255 257 123
255 257 124
255 257 125
254 257 126
254 257 127
254 257 128
254 257 129
254 257 130
254 258 131
253 257 132
254 256 132
254 255 133
254 256 134
253 256 135
253 255 136
253 256 137
253 256 138
252 257 139
251 257 140
250 257 141
249 258 142
248 259 143
248 258 144
247 258 145
246 258 146
245 257 147
244 257 148
243 257 149
243 257 150
242 258 151
241 258 152
241 258 153
240 258 154
240 259 155
239 259 156
238 259 157
238 260 158
238 260 159
237 260 160
237 260 161
237 260 162
236 260 163
236 260 164
236 260 165
235 260 166
235 260 167
235 260 168
234 260 169
233 260 170
233 260 171
232 260 172
233 261 173
232 260 174
232 261 175
231 260 176
231 260 177
231 261 178
230 261 179
229 261 180
228 261 181
227 262 182
226 262 183
225 263 184
224 263 185
223 263 186
222 264 187
221 263 187
220 264 188
219 264 189
218 265 190
217 266 191
216 266 192
215 267 193
214 267 194
213 267 195
212 267 196
212 267 197
211 267 198
210 267 199
210 267 200
209 268 201
208 267 202
208 268 203
208 269 204
207 270 205
206 269 205
205 270 206
204 271 207
203 271 207
202 272 208
201 273 208
200 273 209
199 274 209
198 275 210
197 276 211
196 275 211
195 276 212
194 276 212
193 276 212
192 276 212
191 275 212
190 274 211
189 273 210
188 273 211
187 273 211
186 273 211
185 274 211
185 275 212
199
281 250 22
267 253 24
267 253 25
267 253 26
267 253 27
266 253 28
266 253 29
266 254 30
266 254 31
265 253 32
265 253 33
264 253 34
263 253 35
262 253 36
263 253 37
262 252 38
263 253 39
263 254 40
262 255 41
261 255 42
262 255 43
263 255 44
264 255 45
264 255 46
264 255 47
265 255 48
265 255 49
265 255 50
265 255 51
265 254 52
265 254 53
264 255 54
264 254 55
265 255 56
264 255 57
264 255 58
264 255 59
263 254 60
263 254 61
263 254 62
263 254 63
263 254 64
262 254 65
262 254 66
262 254 67
262 255 68
262 255 69
261 255 70
261 254 71
261 254 72
260 255 73
260 254 74
260 254 75
260 254 76
259 254 77
260 254 78
260 254 79
260 254 80
260 254 81
260 254 82
260 255 83
260 254 84
260 254 85
260 254 86
260 254 87
260 255 88
260 255 89
260 255 90
260 255 91
260 255 92
260 255 93
260 256 94
260 256 95
260 255 96
260 255 97
260 255 98
260 255 99
260 255 100
259 256 101
260 255 102
259 255 103
259 255 104
260 256 105
259 255 106
259 255 107
259 256 108
259 256 109
259 256 110
260 256 111
259 257 112
258 256 113
257 256 114
257 256 115
257 257 116
257 257 117
256 257 118
256 257 119
256 257 120
255 257 121
255 257 122
255 257 123
255 257 124
255 257 125
254 257 126
254 257 127
254 257 128
254 257 129
254 257 130
254 258 131
253 257 132
254 256 132
254 255 133
254 256 134
253 256 135
253 255 136
253 256 137
253 256 138
252 257 139
251 257 140
250 257 141
249 258 142
248 259 143
248 258 144
247 258 145
246 258 146
245 257 147
244 257 148
243 257 149
243 257 150
242 258 151
241 258 152
241 258 153
240 258 154
240 259 155
239 259 156
238 259 157
238 260 158
238 260 159
237 260 160
237 260 161
237 260 162
236 260 163
236 260 164
236 260 165
235 260 166
235 260 167
235 260 168
234 260 169
233 260 170
233 260 171
232 260 172
233 261 173
232 260 174
232 261 175
231 260 176
231 260 177
231 261 178
230 261 179
229 261 180
228 261 181
227 262 182
226 262 183
225 263 184
224 263 185
223 263 186
222 264 187
221 263 187
220 264 188
219 264 189
218 265 190
217 266 191
216 266 192
215 267 193
214 267 194
213 267 195
212 267 196
212 267 197
211 267 198
210 267 199
210 267 200
209 268 201
208 267 202
208 268 203
208 269 204
207 270 205
206 269 205
205 270 206
204 269 206
203 269 206
202 269 207
201 269 207
200 268 207
199 268 207
198 268 207
197 268 208
196 269 209
196 270 209
196 271 209
196 272 210
198
281 250 22
267 253 24
267 253 25
267 253 26
267 253 27
266 253 28
266 253 29
266 254 30
266 254 31
265 253 32
265 253 33
264 253 34
263 253 35
262 253 36
263 253 37
262 252 38
263 253 39
263 254 40
262 255 41
261 255 42
262 255 43
263 255 44
264 255 45
264 255 46
264 255 47
265 255 48
265 255 49
265 255 50
265 255 51
265 254 52
265 254 53
264 255 54
264 254 55
265 255 56
264 255 57
264 255 58
264 255 59
263 254 60
263 254 61
263 254 62
263 254 63
263 254 64
262 254 65
262 254 66
262 254 67
262 255 68
262 255 69
261 255 70
261 254 71
261 254 72
260 255 73
260 254 74
260 254 75
260 254 76
259 254 77
260 254 78
260 254 79
260 254 80
260 254 81
260 254 82
260 255 83
260 254 84
260 254 85
260 254 86
260 254 87
260 255 88
260 255 89
260 255 90
260 255 91
260 255 92
260 255 93
260 256 94
260 256 95
260 255 96
260 255 97
260 255 98
260 255 99
260 255 100
259 256 101
260 255 102
259 255 103
259 255 104
260 256 105
259 255 106
259 255 107
259 256 108
259 256 109
259 256 110
260 256 111
259 257 112
258 256 113
257 256 114
257 256 115
257 257 116
257 257 117
256 257 118
256 257 119
256 257 120
255 257 121
255 257 122
255 257 123
255 257 124
255 257 125
254 257 126
254 257 127
254 257 128
254 257 129
254 257 130
254 258 131
253 257 132
254 256 132
254 255 133
254 256 134
253 256 135
253 255 136
253 256 137
253 256 138
252 257 139
251 257 140
250 257 141
249 258 142
248 259 143
248 258 144
247 258 145
246 258 146
245 257 147
244 257 148
243 257 149
243 257 150
242 258 151
241 258 152
241 258 153
240 258 154
240 259 155
239 259 156
238 259 157
238 260 158
238 260 159
237 260 160
237 260 161
237 260 162
236 260 163
236 260 164
236 260 165
235 260 166
235 260 167
235 260 168
234 260 169
233 260 170
233 260 171
232 260 172
233 261 173
232 260 174
232 261 175
231 260 176
231 260 177
231 261 178
230 261 179
229 261 180
228 261 181
227 262 182
226 262 183
225 263 184
224 263 185
223 263 186
222 264 187
221 263 187
220 264 188
219 264 189
218 265 190
217 266 191
216 266 192
215 267 193
214 267 194
213 267 195
212 267 196
212 267 197
211 267 198
210 267 199
210 267 200
209 268 201
208 267 202
208 268 203
208 269 204
207 270 205
206 269 205
205 270 206
204 271 207
203 271 207
202 272 208
201 273 208
200 273 209
199 274 209
198 275 210
197 276 211
196 275 211
196 274 210
196 273 210
184
281 250 22
267 253 24
267 253 25
267 253 26
267 253 27
266 253 28
266 253 29
266 254 30
266 254 31
265 253 32
265 253 33
264 253 34
263 253 35
262 253 36
263 253 37
262 252 38
263 253 39
263 254 40
262 255 41
261 255 42
262 255 43
263 255 44
264 255 45
264 255 46
264 255 47
265 255 48
265 255 49
265 255 50
265 255 51
265 254 52
265 254 53
264 255 54
264 254 55
265 255 56
264 255 57
264 255 58
264 255 59
263 254 60
263 254 61
263 254 62
263 254 63
263 254 64
262 254 65
262 254 66
262 254 67
262 255 68
262 255 69
261 255 70
261 254 71
261 254 72
260 255 73
260 254 74
260 254 75
260 254 76
259 254 77
258 254 78
257 254 79
256 254 80
256 255 81
256 254 82
255 254 83
255 254 84
255 254 85
254 254 86
254 254 87
253 254 88
253 254 89
252 254 90
252 254 91
252 254 92
251 254 93
251 254 94
250 254 95
249 254 96
249 255 97
249 254 98
248 254 99
248 255 100
247 255 101
246 255 102
245 255 103
245 255 104
244 255 105
244 255 106
243 255 107
242 255 108
242 255 109
241 255 110
241 255 111
240 255 112
240 255 113
239 255 114
239 255 115
239 255 116
238 255 117
237 256 118
236 256 119
235 255 120
234 255 121
234 255 122
233 255 123
232 255 124
231 255 124
230 255 125
230 256 126
229 256 127
228 256 128
227 256 129
226 257 130
225 257 131
224 257 132
223 257 133
222 258 134
221 257 135
220 258 135
219 257 136
218 257 137
217 258 138
216 258 139
216 258 140
215 259 141
214 258 142
213 259 143
212 259 143
211 260 144
210 260 144
209 259 145
208 259 146
207 260 147
206 259 147
205 260 148
204 260 148
203 260 149
202 261 149
201 260 149
200 261 150
199 261 151
198 262 151
197 263 151
196 263 151
195 262 151
194 262 152
193 263 152
192 262 153
191 262 153
190 262 153
189 262 153
188 262 153
187 263 153
186 263 153
185 264 153
184 264 153
183 265 153
182 265 153
181 265 153
180 266 153
179 266 153
178 266 153
177 266 153
176 266 153
175 266 153
174 267 153
173 267 152
172 268 152
171 267 152
170 267 152
169 267 151
168 267 151
167 268 150
166 268 150
165 269 149
164 269 149
163 269 148
162 269 148
161 270 147
160 270 146
159 271 145
158 271 144
157 272 143
156 273 142
155 273 141
154 274 140
154 274 139
153 276 118
183
281 250 22
267 253 24
267 253 25
267 253 26
267 253 27
266 253 28
266 253 29
266 254 30
266 254 31
265 253 32
265 253 33
264 253 34
263 253 35
262 253 36
263 253 37
262 252 38
263 253 39
263 254 40
262 255 41
261 255 42
262 255 43
263 255 44
264 255 45
264 255 46
264 255 47
265 255 48
265 255 49
265 255 50
265 255 51
265 254 52
265 254 53
264 255 54
264 254 55
265 255 56
264 255 57
264 255 58
264 255 59
263 254 60
263 254 61
263 254 62
263 254 63
263 254 64
262 254 65
262 254 66
262 254 67
262 255 68
262 255 69
261 255 70
261 254 71
261 254 72
260 255 73
260 254 74
260 254 75
260 254 76
259 254 77
258 254 78
257 254 79
256 254 80
256 255 81
256 254 82
255 254 83
255 254 84
255 254 85
254 254 86
254 254 87
253 254 88
253 254 89
252 254 90
252 254 91
252 254 92
251 254 93
251 254 94
250 254 95
249 254 96
249 255 97
249 254 98
248 254 99
248 255 100
247 255 101
246 255 102
245 255 103
245 255 104
244 255 105
244 255 106
243 255 107
242 255 108
242 255 109
241 255 110
241 255 111
240 255 112
240 255 113
239 255 114
239 255 115
239 255 116
238 255 117
237 256 118
236 256 119
235 255 120
234 255 121
234 255 122
233 255 123
232 255 124
231 255 124
230 255 125
230 256 126
229 256 127
228 256 128
227 256 129
226 257 130
225 257 131
224 257 132
223 257 133
222 258 134
221 257 135
220 258 135
219 257 136
218 257 137
217 258 138
216 258 139
216 258 140
215 259 141
214 258 142
213 259 143
212 259 143
211 260 144
210 260 144
209 259 145
208 259 146
207 260 147
206 259 147
205 260 148
204 260 148
203 260 149
202 261 149
201 260 149
200 261 150
199 261 151
198 262 151
197 263 151
196 263 151
195 262 151
194 262 152
193 263 152
192 262 153
191 262 153
190 262 153
189 262 153
188 262 153
187 263 153
186 263 153
185 264 153
184 264 153
183 265 153
182 265 153
181 265 153
180 266 153
179 266 153
178 266 153
177 266 153
176 266 153
175 266 153
174 267 153
173 267 152
172 268 152
171 267 152
170 267 152
169 267 151
168 267 151
167 268 150
166 268 150
165 269 149
164 269 149
163 269 148
162 269 148
161 270 147
160 270 146
159 271 145
158 271 144
157 272 143
156 273 142
155 273 141
154 274 140
154 274 139
153
281 250 22
267 253 24
267 253 25
267 253 26
267 253 27
266 253 28
266 253 29
266 254 30
266 254 31
265 253 32
265 253 33
264 253 34
263 253 35
262 253 36
263 253 37
262 252 38
263 253 39
263 254 40
262 255 41
261 255 42
262 255 43
263 255 44
264 255 45
264 255 46
264 255 47
265 255 48
265 255 49
265 255 50
265 255 51
265 254 52
265 254 53
264 255 54
264 254 55
265 255 56
264 255 57
264 255 58
264 255 59
263 254 60
263 254 61
263 254 62
263 254 63
263 254 64
262 254 65
262 254 66
262 254 67
262 255 68
262 255 69
261 255 70
261 254 71
261 254 72
260 255 73
260 254 74
260 254 75
260 254 76
259 254 77
258 254 78
257 254 79
256 254 80
256 255 81
256 254 82
255 254 83
255 254 84
255 254 85
254 254 86
254 254 87
253 254 88
253 254 89
252 254 90
252 254 91
252 254 92
251 254 93
251 254 94
250 254 95
249 254 96
249 255 97
249 254 98
248 254 99
248 255 100
247 255 101
246 255 102
245 255 103
245 255 104
244 255 105
244 255 106
243 255 107
242 255 108
242 255 109
241 255 110
241 255 111
240 255 112
240 255 113
239 255 114
239 255 115
239 255 116
238 255 117
237 256 118
236 256 119
235 255 120
234 255 121
234 255 122
233 255 123
232 255 124
231 255 124
230 255 125
230 256 126
229 256 127
228 256 128
227 256 129
226 257 130
225 257 131
224 257 132
223 257 133
222 258 134
221 257 135
220 258 135
219 257 136
218 257 137
217 258 138
216 258 139
216 258 140
215 259 141
214 258 142
213 259 143
212 259 143
211 260 144
210 260 144
209 259 145
208 259 146
207 260 147
206 259 147
205 260 148
204 260 148
203 260 149
202 261 149
201 260 149
200 261 150
199 261 151
198 262 151
197 263 151
196 263 151
195 262 151
194 262 152
193 263 152
192 262 153
191 262 153
190 262 153
189 262 153
188 262 153
187 263 153
186 263 153
185 264 153
185 273 153
183 275 153
152
281 250 22
267 253 24
267 253 25
267 253 26
267 253 27
266 253 28
266 253 29
266 254 30
266 254 31
265 253 32
265 253 33
264 253 34
263 253 35
262 253 36
263 253 37
262 252 38
263 253 39
263 254 40
262 255 41
261 255 42
262 255 43
263 255 44
264 255 45
264 255 46
264 255 47
265 255 48
265 255 49
265 255 50
265 255 51
265 254 52
265 254 53
264 255 54
264 254 55
265 255 56
264 255 57
264 255 58
264 255 59
263 254 60
263 254 61
263 254 62
263 254 63
263 254 64
262 254 65
262 254 66
262 254 67
262 255 68
262 255 69
261 255 70
261 254 71
261 254 72
260 255 73
260 254 74
260 254 75
260 254 76
259 254 77
258 254 78
257 254 79
256 254 80
256 255 81
256 254 82
255 254 83
255 254 84
255 254 85
254 254 86
254 254 87
253 254 88
253 254 89
252 254 90
252 254 91
252 254 92
251 254 93
251 254 94
250 254 95
249 254 96
249 255 97
249 254 98
248 254 99
248 255 100
247 255 101
246 255 102
245 255 103
245 255 104
244 255 105
244 255 106
243 255 107
242 255 108
242 255 109
241 255 110
241 255 111
240 255 112
240 255 113
239 255 114
239 255 115
239 255 116
238 255 117
237 256 118
236 256 119
235 255 120
234 255 121
234 255 122
233 255 123
232 255 124
231 255 124
230 255 125
230 256 126
229 256 127
228 256 128
227 256 129
226 257 130
225 257 131
224 257 132
223 257 133
222 258 134
221 257 135
220 258 135
219 257 136
218 257 137
217 258 138
216 258 139
216 258 140
215 259 141
214 258 142
213 259 143
212 259 143
211 260 144
210 260 144
209 259 145
208 259 146
207 260 147
206 259 147
205 260 148
204 260 148
203 260 149
202 261 149
201 260 149
200 261 150
199 261 151
198 262 151
197 263 151
196 263 151
195 262 151
194 262 152
193 263 152
192 262 153
191 262 153
190 262 153
189 262 153
188 262 153
187 263 153
186 263 153
185 264 153
185 273 153
151
281 250 22
267 253 24
267 253 25
267 253 26
267 253 27
266 253 28
266 253 29
266 254 30
266 254 31
265 253 32
265 253 33
264 253 34
263 253 35
262 253 36
263 253 37
262 252 38
263 253 39
263 254 40
262 255 41
261 255 42
262 255 43
263 255 44
264 255 45
264 255 46
264 255 47
265 255 48
265 255 49
265 255 50
265 255 51
265 254 52
265 254 53
264 255 54
264 254 55
265 255 56
264 255 57
264 255 58
264 255 59
263 254 60
263 254 61
263 254 62
263 254 63
263 254 64
262 254 65
262 254 66
262 254 67
262 255 68
262 255 69
261 255 70
261 254 71
261 254 72
260 255 73
260 254 74
260 254 75
260 254 76
259 254 77
258 254 78
257 254 79
256 254 80
256 255 81
256 254 82
255 254 83
255 254 84
255 254 85
254 254 86
254 254 87
253 254 88
253 254 89
252 254 90
252 254 91
252 254 92
251 254 93
251 254 94
250 254 95
249 254 96
249 255 97
249 254 98
248 254 99
248 255 100
247 255 101
246 255 102
245 255 103
245 255 104
244 255 105
244 255 106
243 255 107
242 255 108
242 255 109
241 255 110
241 255 111
240 255 112
240 255 113
239 255 114
239 255 115
239 255 116
238 255 117
237 256 118
236 256 119
235 255 120
234 255 121
234 255 122
233 255 123
232 255 124
231 255 124
230 255 125
230 256 126
229 256 127
228 256 128
227 256 129
226 257 130
225 257 131
224 257 132
223 257 133
222 258 134
221 257 135
220 258 135
219 257 136
218 257 137
217 258 138
216 258 139
216 258 140
215 259 141
214 258 142
213 259 143
212 259 143
211 260 144
210 260 144
209 259 145
208 259 146
207 260 147
206 259 147
205 260 148
204 260 148
203 260 149
202 261 149
201 260 149
200 261 150
199 261 151
198 262 151
197 263 151
196 263 151
195 262 151
194 262 152
193 263 152
193 264 152
193 265 152
193 266 153
193 267 153
193 268 153
192 269 153
191 270 154
190 270 154
150
281 250 22
267 253 24
267 253 25
267 253 26
267 253 27
266 253 28
266 253 29
266 254 30
266 254 31
265 253 32
265 253 33
264 253 34
263 253 35
262 253 36
263 253 37
262 252 38
263 253 39
263 254 40
262 255 41
261 255 42
262 255 43
263 255 44
264 255 45
264 255 46
264 255 47
265 255 48
265 255 49
265 255 50
265 255 51
265 254 52
265 254 53
264 255 54
264 254 55
265 255 56
264 255 57
264 255 58
264 255 59
263 254 60
263 254 61
263 254 62
263 254 63
263 254 64
262 254 65
262 254 66
262 254 67
262 255 68
262 255 69
261 255 70
261 254 71
261 254 72
260 255 73
260 254 74
260 254 75
260 254 76
259 254 77
258 254 78
257 254 79
256 254 80
256 255 81
256 254 82
255 254 83
255 254 84
255 254 85
254 254 86
254 254 87
253 254 88
253 254 89
252 254 90
252 254 91
252 254 92
251 254 93
251 254 94
250 254 95
249 254 96
249 255 97
249 254 98
248 254 99
248 255 100
247 255 101
246 255 102
245 255 103
245 255 104
244 255 105
244 255 106
243 255 107
242 255 108
242 255 109
241 255 110
241 255 111
240 255 112
240 255 113
239 255 114
239 255 115
239 255 116
238 255 117
237 256 118
236 256 119
235 255 120
234 255 121
234 255 122
233 255 123
232 255 124
231 255 124
230 255 125
230 256 126
229 256 127
228 256 128
227 256 129
226 257 130
225 257 131
224 257 132
223 257 133
222 258 134
221 257 135
220 258 135
219 257 136
218 257 137
217 258 138
216 258 139
216 258 140
215 259 141
214 258 142
213 259 143
212 259 143
211 260 144
210 260 144
209 259 145
208 259 146
207 260 147
206 259 147
205 260 148
204 260 148
203 260 149
202 261 149
201 260 149
200 261 150
199 261 151
198 262 151
197 263 151
196 263 151
195 262 151
194 262 152
193 263 152
193 264 152
193 265 152
193 266 153
193 267 153
193 268 153
192 269 153
193 270 153
148
281 250 22
267 253 24
267 253 25
267 253 26
267 253 27
266 253 28
266 253 29
266 254 30
266 254 31
265 253 32
265 253 33
264 253 34
263 253 35
262 253 36
263 253 37
262 252 38
263 253 39
263 254 40
262 255 41
261 255 42
262 255 43
263 255 44
264 255 45
264 255 46
264 255 47
265 255 48
265 255 49
265 255 50
265 255 51
265 254 52
265 254 53
264 255 54
264 254 55
265 255 56
264 255 57
264 255 58
264 255 59
263 254 60
263 254 61
263 254 62
263 254 63
263 254 64
262 254 65
262 254 66
262 254 67
262 255 68
262 255 69
261 255 70
261 254 71
261 254 72
260 255 73
260 254 74
260 254 75
260 254 76
259 254 77
260 254 78
260 254 79
260 254 80
260 254 81
260 254 82
260 255 83
260 254 84
260 254 85
260 254 86
260 254 87
260 255 88
260 255 89
260 255 90
260 255 91
260 255 92
260 255 93
260 256 94
260 256 95
260 255 96
260 255 97
260 255 98
260 255 99
260 255 100
259 256 101
260 255 102
259 255 103
259 255 104
260 256 105
259 255 106
259 255 107
259 256 108
259 256 109
259 256 110
260 256 111
259 257 112
258 256 113
257 256 114
257 256 115
257 257 116
257 257 117
256 257 118
256 257 119
256 257 120
255 257 121
255 257 122
255 257 123
255 257 124
255 257 125
254 257 126
254 257 127
254 257 128
254 257 129
254 257 130
254 258 131
253 257 132
254 256 132
254 255 133
254 256 134
253 256 135
253 255 136
253 256 137
253 256 138
254 256 139
255 256 140
255 257 141
256 257 142
256 257 143
256 258 144
256 259 145
257 258 146
257 259 147
257 259 148
258 259 149
258 259 150
258 259 151
259 259 152
259 260 153
259 260 154
260 260 155
260 260 156
260 261 157
260 262 158
261 262 159
262 262 160
262 262 161
263 263 162
263 263 163
264 263 164
264 263 165
265 263 166
266 263 167
266 264 168
267 264 169
144
281 250 22
267 253 24
267 253 25
267 253 26
267 253 27
266 253 28
266 253 29
266 254 30
266 254 31
265 253 32
265 253 33
264 253 34
263 253 35
262 253 36
263 253 37
262 252 38
263 253 39
263 254 40
262 255 41
261 255 42
262 255 43
263 255 44
264 255 45
264 255 46
264 255 47
265 255 48
265 255 49
265 255 50
265 255 51
265 254 52
265 254 53
264 255 54
264 254 55
265 255 56
264 255 57
264 255 58
264 255 59
263 254 60
263 254 61
263 254 62
263 254 63
263 254 64
262 254 65
262 254 66
262 254 67
262 255 68
262 255 69
261 255 70
261 254 71
261 254 72
260 255 73
260 254 74
260 254 75
260 254 76
259 254 77
258 254 78
257 254 79
256 254 80
256 255 81
256 254 82
255 254 83
255 254 84
255 254 85
254 254 86
254 254 87
253 254 88
253 254 89
252 254 90
252 254 91
252 254 92
251 254 93
251 254 94
250 254 95
249 254 96
249 255 97
249 254 98
248 254 99
248 255 100
247 255 101
246 255 102
245 255 103
245 255 104
244 255 105
244 255 106
243 255 107
242 255 108
242 255 109
241 255 110
241 255 111
240 255 112
240 255 113
239 255 114
239 255 115
239 255 116
238 255 117
237 256 118
236 256 119
235 255 120
234 255 121
234 255 122
233 255 123
232 255 124
231 255 124
230 255 125
230 256 126
229 256 127
228 256 128
227 256 129
226 257 130
225 257 131
224 257 132
223 257 133
222 258 134
221 257 135
220 258 135
219 257 136
218 257 137
217 258 138
216 258 139
216 258 140
215 259 141
214 258 142
213 259 143
212 259 143
211 260 144
210 260 144
209 259 145
208 259 146
207 260 147
206 259 147
205 260 148
204 260 148
203 260 149
202 261 149
201 260 149
200 261 150
199 261 151
198 262 151
197 263 151
196 264 151
196 265 152
197 266 152
198 267 152
198 268 152
127
281 250 22
267 253 24
267 253 25
267 253 26
267 253 27
266 253 28
266 253 29
266 254 30
266 254 31
265 253 32
265 253 33
264 253 34
263 253 35
262 253 36
263 253 37
262 252 38
263 253 39
263 254 40
262 255 41
261 255 42
262 255 43
263 255 44
264 255 45
264 255 46
264 255 47
265 255 48
265 255 49
265 255 50
265 255 51
265 254 52
265 254 53
264 255 54
264 254 55
265 255 56
264 255 57
264 255 58
264 255 59
263 254 60
263 254 61
263 254 62
263 254 63
263 254 64
262 254 65
262 254 66
262 254 67
262 255 68
262 255 69
261 255 70
261 254 71
261 254 72
260 255 73
260 254 74
260 254 75
260 254 76
259 254 77
260 254 78
260 254 79
260 254 80
260 254 81
260 254 82
260 255 83
260 254 84
260 254 85
260 254 86
260 254 87
260 255 88
260 255 89
260 255 90
260 255 91
260 255 92
260 255 93
260 256 94
260 256 95
260 255 96
260 255 97
260 255 98
260 255 99
260 255 100
259 256 101
260 255 102
259 255 103
259 255 104
260 256 105
259 255 106
259 255 107
259 256 108
259 256 109
259 256 110
260 256 111
259 257 112
258 256 113
257 256 114
257 256 115
257 257 116
257 257 117
256 257 118
256 257 119
256 257 120
255 257 121
255 257 122
255 257 123
255 257 124
255 257 125
254 257 126
254 257 127
254 257 128
254 257 129
254 257 130
254 258 131
253 257 132
254 256 132
254 255 133
254 256 134
253 256 135
253 255 136
253 256 137
253 256 138
252 257 139
251 257 140
250 257 141
249 258 142
248 259 143
249 260 143
249 261 143
249 262 143
249 263 143
249 264 143
127
281 250 22
267 253 24
267 253 25
267 253 26
267 253 27
266 253 28
266 253 29
266 254 30
266 254 31
265 253 32
265 253 33
264 253 34
263 253 35
262 253 36
263 253 37
262 252 38
263 253 39
263 254 40
262 255 41
261 255 42
262 255 43
263 255 44
264 255 45
264 255 46
264 255 47
265 255 48
265 255 49
265 255 50
265 255 51
265 254 52
265 254 53
264 255 54
264 254 55
265 255 56
264 255 57
264 255 58
264 255 59
263 254 60
263 254 61
263 254 62
263 254 63
263 254 64
262 254 65
262 254 66
262 254 67
262 255 68
262 255 69
261 255 70
261 254 71
261 254 72
260 255 73
260 254 74
260 254 75
260 254 76
259 254 77
260 254 78
260 254 79
260 254 80
260 254 81
260 254 82
260 255 83
260 254 84
260 254 85
260 254 86
260 254 87
260 255 88
260 255 89
260 255 90
260 255 91
260 255 92
260 255 93
260 256 94
260 256 95
260 255 96
260 255 97
260 255 98
260 255 99
260 255 100
259 256 101
260 255 102
259 255 103
259 255 104
260 256 105
259 255 106
259 255 107
259 256 108
259 256 109
259 256 110
260 256 111
259 257 112
258 256 113
257 256 114
257 256 115
257 257 116
257 257 117
256 257 118
256 257 119
256 257 120
255 257 121
255 257 122
255 257 123
255 257 124
255 257 125
254 257 126
254 257 127
254 257 128
254 257 129
254 257 130
254 258 131
253 257 132
254 256 132
254 255 133
254 256 134
253 256 135
253 255 136
254 254 137
254 253 138
254 252 137
254 251 137
253 250 138
253 250 139
253 250 140
253 249 141
252 248 142
251 249 143
251 248 144
248 246 148
126
281 250 22
267 253 24
267 253 25
267 253 26
267 253 27
266 253 28
266 253 29
266 254 30
266 254 31
265 253 32
265 253 33
264 253 34
263 253 35
262 253 36
263 253 37
262 252 38
263 253 39
263 254 40
262 255 41
261 255 42
262 255 43
263 255 44
264 255 45
264 255 46
264 255 47
265 255 48
265 255 49
265 255 50
265 255 51
265 254 52
265 254 53
264 255 54
264 254 55
265 255 56
264 255 57
264 255 58
264 255 59
263 254 60
263 254 61
263 254 62
263 254 63
263 254 64
262 254 65
262 254 66
262 254 67
262 255 68
262 255 69
261 255 70
261 254 71
261 254 72
260 255 73
260 254 74
260 254 75
260 254 76
259 254 77
260 254 78
260 254 79
260 254 80
260 254 81
260 254 82
260 255 83
260 254 84
260 254 85
260 254 86
260 254 87
260 255 88
260 255 89
260 255 90
260 255 91
260 255 92
260 255 93
260 256 94
260 256 95
260 255 96
260 255 97
260 255 98
260 255 99
260 255 100
259 256 101
260 255 102
259 255 103
259 255 104
260 256 105
259 255 106
259 255 107
259 256 108
259 256 109
259 256 110
260 256 111
259 257 112
258 256 113
257 256 114
257 256 115
257 257 116
257 257 117
256 257 118
256 257 119
256 257 120
255 257 121
255 257 122
255 257 123
255 257 124
255 257 125
254 257 126
254 257 127
254 257 128
254 257 129
254 257 130
254 258 131
253 257 132
254 256 132
254 255 133
254 256 134
253 256 135
253 255 136
254 254 137
254 253 138
254 252 137
254 251 137
253 250 138
253 250 139
253 250 140
253 249 141
252 248 142
251 249 143
251 248 144
123
281 250 22
267 253 24
267 253 25
267 253 26
267 253 27
266 253 28
266 253 29
266 254 30
266 254 31
265 253 32
265 253 33
264 253 34
263 253 35
262 253 36
263 253 37
262 252 38
263 253 39
263 254 40
262 255 41
261 255 42
262 255 43
263 255 44
264 255 45
264 255 46
264 255 47
265 255 48
265 255 49
265 255 50
265 255 51
265 254 52
265 254 53
264 255 54
264 254 55
265 255 56
264 255 57
264 255 58
264 255 59
263 254 60
263 254 61
263 254 62
263 254 63
263 254 64
262 254 65
262 254 66
262 254 67
262 255 68
262 255 69
261 255 70
261 254 71
261 254 72
260 255 73
260 254 74
260 254 75
260 254 76
259 254 77
260 254 78
260 254 79
260 254 80
260 254 81
260 254 82
260 255 83
260 254 84
260 254 85
260 254 86
260 254 87
260 255 88
260 255 89
260 255 90
260 255 91
260 255 92
260 255 93
260 256 94
260 256 95
260 255 96
260 255 97
260 255 98
260 255 99
260 255 100
259 256 101
260 255 102
259 255 103
259 255 104
260 256 105
259 255 106
259 255 107
259 256 108
259 256 109
259 256 110
260 256 111
259 257 112
258 256 113
257 256 114
257 256 115
257 257 116
257 257 117
256 257 118
256 257 119
256 257 120
255 257 121
255 257 122
255 257 123
255 257 124
255 257 125
254 257 126
254 257 127
254 257 128
254 257 129
254 257 130
254 258 131
253 257 132
254 256 132
254 255 133
254 256 134
253 256 135
253 255 136
254 254 137
254 253 138
254 253 139
254 253 140
254 253 141
255 253 142
255 252 143
255 251 144
122
281 250 22
267 253 24
267 253 25
267 253 26
267 253 27
266 253 28
266 253 29
266 254 30
266 254 31
265 253 32
265 253 33
264 253 34
263 253 35
262 253 36
263 253 37
262 252 38
263 253 39
263 254 40
262 255 41
261 255 42
262 255 43
263 255 44
264 255 45
264 255 46
264 255 47
265 255 48
265 255 49
265 255 50
265 255 51
265 254 52
265 254 53
264 255 54
264 254 55
265 255 56
264 255 57
264 255 58
264 255 59
263 254 60
263 254 61
263 254 62
263 254 63
263 254 64
262 254 65
262 254 66
262 254 67
262 255 68
262 255 69
261 255 70
261 254 71
261 254 72
260 255 73
260 254 74
260 254 75
260 254 76
259 254 77
260 254 78
260 254 79
260 254 80
260 254 81
260 254 82
260 255 83
260 254 84
260 254 85
260 254 86
260 254 87
260 255 88
260 255 89
260 255 90
260 255 91
260 255 92
260 255 93
260 256 94
260 256 95
260 255 96
260 255 97
260 255 98
260 255 99
260 255 100
259 256 101
260 255 102
259 255 103
259 255 104
260 256 105
259 255 106
259 255 107
259 256 108
259 256 109
259 256 110
260 256 111
259 257 112
258 256 113
257 256 114
257 256 115
257 257 116
257 257 117
256 257 118
256 257 119
256 257 120
255 257 121
255 257 122
255 257 123
255 257 124
255 257 125
254 257 126
254 257 127
254 257 128
254 257 129
254 257 130
254 258 131
254 259 131
255 260 131
256 261 131
257 261 132
257 261 133
257 262 134
257 262 135
257 263 136
257 263 137
257 263 138
257 264 139
258 264 140
258 264 141
120
281 250 22
267 253 24
267 253 25
267 253 26
267 253 27
266 253 28
266 253 29
266 254 30
266 254 31
265 253 32
265 253 33
264 253 34
263 253 35
262 253 36
263 253 37
262 252 38
263 253 39
263 254 40
262 255 41
261 255 42
262 255 43
263 255 44
264 255 45
264 255 46
264 255 47
265 255 48
265 255 49
265 255 50
265 255 51
265 254 52
265 254 53
264 255 54
264 254 55
265 255 56
266 254 57
267 254 57
268 254 57
269 254 58
269 254 59
269 254 60
270 255 61
270 254 62
271 255 63
271 255 64
271 255 65
272 255 66
273 255 67
273 255 68
273 255 69
274 255 70
275 256 71
275 256 72
275 257 73
276 257 74
277 257 75
278 257 76
278 257 77
278 257 78
279 257 79
280 257 80
281 258 81
282 257 82
283 258 83
283 258 84
284 259 85
285 259 86
285 259 87
286 259 88
287 259 89
288 259 90
289 260 90
290 259 91
291 260 92
292 260 92
293 260 93
294 260 94
295 261 95
296 261 95
297 260 96
298 261 96
299 261 96
300 262 96
301 261 97
302 261 98
303 261 98
304 261 98
305 262 98
306 262 98
307 263 98
308 263 98
309 264 98
310 264 98
311 264 99
312 264 99
313 264 99
314 265 98
315 265 98
316 265 98
317 265 98
318 265 98
319 266 98
320 266 97
321 265 98
322 265 97
323 266 97
324 266 96
325 266 96
326 267 95
327 267 94
328 268 94
329 268 93
330 268 92
331 267 91
331 268 90
332 268 89
332 268 88
333 269 87
333 269 86
333 269 85
333 269 84
119
281 250 22
267 253 24
267 253 25
267 253 26
267 253 27
266 253 28
266 253 29
266 254 30
266 254 31
265 253 32
265 253 33
264 253 34
263 253 35
262 253 36
263 253 37
262 252 38
263 253 39
263 254 40
262 255 41
261 255 42
262 255 43
263 255 44
264 255 45
264 255 46
264 255 47
265 255 48
265 255 49
265 255 50
265 255 51
265 254 52
265 254 53
264 255 54
264 254 55
265 255 56
264 255 57
264 255 58
264 255 59
263 254 60
263 254 61
263 254 62
263 254 63
263 254 64
262 254 65
262 254 66
262 254 67
262 255 68
262 255 69
261 255 70
261 254 71
261 254 72
260 255 73
260 254 74
260 254 75
260 254 76
259 254 77
260 254 78
260 254 79
260 254 80
260 254 81
260 254 82
260 255 83
260 254 84
260 254 85
260 254 86
260 254 87
260 255 88
260 255 89
260 255 90
260 255 91
260 255 92
260 255 93
260 256 94
260 256 95
260 255 96
260 255 97
260 255 98
260 255 99
260 255 100
259 256 101
260 255 102
259 255 103
259 255 104
260 256 105
259 255 106
259 255 107
259 256 108
259 256 109
259 256 110
260 256 111
259 257 112
258 256 113
257 256 114
257 256 115
257 257 116
257 257 117
256 257 118
256 257 119
256 257 120
255 257 121
255 257 122
255 257 123
255 257 124
255 257 125
254 257 126
254 257 127
254 257 128
254 257 129
254 257 130
254 258 131
253 257 132
254 256 132
254 255 133
254 256 134
253 256 135
253 255 136
253 256 137
254 257 137
255 257 137
256 258 137
118
281 250 22
267 253 24
267 253 25
267 253 26
267 253 27
266 253 28
266 253 29
266 254 30
266 254 31
265 253 32
265 253 33
264 253 34
263 253 35
262 253 36
263 253 37
262 252 38
263 253 39
263 254 40
262 255 41
261 255 42
262 255 43
263 255 44
264 255 45
264 255 46
264 255 47
265 255 48
265 255 49
265 255 50
265 255 51
265 254 52
265 254 53
264 255 54
264 254 55
265 255 56
264 255 57
264 255 58
264 255 59
263 254 60
263 254 61
263 254 62
263 254 63
263 254 64
262 254 65
262 254 66
262 254 67
262 255 68
262 255 69
261 255 70
261 254 71
261 254 72
260 255 73
260 254 74
260 254 75
260 254 76
259 254 77
260 254 78
260 254 79
260 254 80
260 254 81
260 254 82
260 255 83
260 254 84
260 254 85
260 254 86
260 254 87
260 255 88
260 255 89
260 255 90
260 255 91
260 255 92
260 255 93
260 256 94
260 256 95
260 255 96
260 255 97
260 255 98
260 255 99
260 255 100
259 256 101
260 255 102
259 255 103
259 255 104
260 256 105
259 255 106
259 255 107
259 256 108
259 256 109
259 256 110
260 256 111
259 257 112
258 256 113
257 256 114
257 256 115
257 257 116
257 257 117
256 257 118
256 257 119
256 257 120
255 257 121
255 257 122
255 257 123
255 257 124
255 257 125
254 257 126
254 257 127
254 257 128
254 257 129
254 257 130
254 258 131
254 259 131
255 260 131
256 261 131
257 261 132
257 261 133
257 262 134
257 261 135
258 260 136
257 259 137
117
281 250 22
267 253 24
267 253 25
267 253 26
267 253 27
266 253 28
266 253 29
266 254 30
266 254 31
265 253 32
265 253 33
264 253 34
263 253 35
262 253 36
263 253 37
262 252 38
263 253 39
263 254 40
262 255 41
261 255 42
262 255 43
263 255 44
264 255 45
264 255 46
264 255 47
265 255 48
265 255 49
265 255 50
265 255 51
265 254 52
265 254 53
264 255 54
264 254 55
265 255 56
264 255 57
264 255 58
264 255 59
263 254 60
263 254 61
263 254 62
263 254 63
263 254 64
262 254 65
262 254 66
262 254 67
262 255 68
262 255 69
261 255 70
261 254 71
261 254 72
260 255 73
260 254 74
260 254 75
260 254 76
259 254 77
260 254 78
260 254 79
260 254 80
260 254 81
260 254 82
260 255 83
260 254 84
260 254 85
260 254 86
260 254 87
260 255 88
260 255 89
260 255 90
260 255 91
260 255 92
260 255 93
260 256 94
260 256 95
260 255 96
260 255 97
260 255 98
260 255 99
260 255 100
259 256 101
260 255 102
259 255 103
259 255 104
260 256 105
259 255 106
259 255 107
259 256 108
259 256 109
259 256 110
260 256 111
259 257 112
258 256 113
257 256 114
257 256 115
257 257 116
257 257 117
256 257 118
256 257 119
256 257 120
255 257 121
255 257 122
255 257 123
255 257 124
255 257 125
254 257 126
254 257 127
254 257 128
254 257 129
254 257 130
254 258 131
253 257 132
254 256 132
254 255 133
254 254 132
255 253 132
256 252 132
257 251 133
258 251 134
92
281 250 22
267 253 24
267 253 25
267 253 26
267 253 27
266 253 28
266 253 29
266 254 30
266 254 31
265 253 32
265 253 33
264 253 34
263 253 35
262 253 36
263 253 37
262 252 38
263 253 39
263 254 40
262 255 41
261 255 42
262 255 43
263 255 44
264 255 45
264 255 46
264 255 47
265 255 48
265 255 49
265 255 50
265 255 51
265 254 52
265 254 53
264 255 54
264 254 55
265 255 56
266 254 57
267 254 57
268 254 57
269 254 58
269 254 59
269 254 60
270 255 61
270 254 62
271 255 63
271 255 64
271 255 65
272 255 66
273 255 67
273 255 68
273 255 69
274 255 70
275 256 71
275 256 72
275 257 73
276 257 74
277 257 75
278 257 76
278 257 77
278 257 78
279 257 79
280 257 80
281 258 81
282 257 82
283 258 83
283 258 84
284 259 85
285 259 86
285 259 87
286 259 88
287 259 89
288 259 90
289 260 90
290 259 91
291 260 92
292 260 92
293 260 93
294 260 94
295 261 95
296 261 95
297 260 96
298 261 96
299 261 96
300 262 96
301 261 97
302 261 98
303 261 98
304 261 98
305 262 98
306 262 98
307 263 98
306 264 99
306 265 99
306 266 98
92
281 250 22
267 253 24
267 253 25
267 253 26
267 253 27
266 253 28
266 253 29
266 254 30
266 254 31
265 253 32
265 253 33
264 253 34
263 253 35
262 253 36
263 253 37
262 252 38
263 253 39
263 254 40
262 255 41
261 255 42
262 255 43
263 255 44
264 255 45
264 255 46
264 255 47
265 255 48
265 255 49
265 255 50
265 255 51
265 254 52
265 254 53
264 255 54
264 254 55
265 255 56
266 254 57
267 254 57
268 254 57
269 254 58
269 254 59
269 254 60
270 255 61
270 254 62
271 255 63
271 255 64
271 255 65
272 255 66
273 255 67
273 255 68
273 255 69
274 255 70
275 256 71
275 256 72
275 257 73
276 257 74
277 257 75
278 257 76
278 257 77
278 257 78
279 257 79
280 257 80
281 258 81
282 257 82
283 258 83
283 258 84
284 259 85
285 259 86
285 259 87
286 259 88
287 259 89
288 259 90
289 260 90
290 259 91
291 260 92
292 260 92
293 260 93
294 260 94
295 261 95
296 261 95
297 260 96
298 261 96
299 261 96
300 262 96
300 263 96
300 264 97
300 265 97
300 266 97
300 267 97
301 268 97
302 268 97
303 267 97
304 267 97
305 267 98
80
281 250 22
267 253 24
267 253 25
267 253 26
267 253 27
266 253 28
266 253 29
266 254 30
266 254 31
265 253 32
265 253 33
264 253 34
263 253 35
262 253 36
263 253 37
262 252 38
263 253 39
263 254 40
262 255 41
261 255 42
262 255 43
263 255 44
264 255 45
264 255 46
264 255 47
265 255 48
265 255 49
265 255 50
265 255 51
265 254 52
265 254 53
264 255 54
264 254 55
265 255 56
264 255 57
264 255 58
264 255 59
263 254 60
263 254 61
263 254 62
263 254 63
263 254 64
262 254 65
262 254 66
262 254 67
262 255 68
262 255 69
261 255 70
261 254 71
261 254 72
260 255 73
260 254 74
260 254 75
260 254 76
259 254 77
260 254 78
260 254 79
260 254 80
260 254 81
260 254 82
260 255 83
260 254 84
260 254 85
260 254 86
260 254 87
260 255 88
260 255 89
260 255 90
260 255 91
260 255 92
260 255 93
260 256 94
260 257 95
259 258 95
258 259 96
257 260 96
256 259 97
256 259 98
257 258 99
258 257 100
62
281 250 22
267 253 24
267 253 25
267 253 26
267 253 27
266 253 28
266 253 29
266 254 30
266 254 31
265 253 32
265 253 33
264 253 34
263 253 35
262 253 36
263 253 37
262 252 38
263 253 39
263 254 40
262 255 41
261 255 42
262 255 43
263 255 44
264 255 45
264 255 46
264 255 47
265 255 48
265 255 49
265 255 50
265 255 51
265 254 52
265 254 53
264 255 54
264 254 55
265 255 56
264 255 57
264 255 58
264 255 59
263 254 60
263 254 61
263 254 62
263 254 63
263 254 64
262 254 65
262 254 66
262 254 67
262 255 68
262 255 69
261 255 70
261 254 71
261 254 72
260 255 73
260 254 74
260 254 75
260 254 76
259 254 77
258 254 78
257 254 79
256 254 80
256 255 81
257 256 82
258 257 83
259 256 83
47
281 250 22
267 253 24
267 253 25
267 253 26
267 253 27
266 253 28
266 253 29
266 254 30
266 254 31
265 253 32
265 253 33
264 253 34
263 253 35
262 253 36
263 253 37
262 252 38
261 252 38
260 252 38
259 252 39
259 251 40
258 251 41
258 251 42
257 251 43
256 251 44
256 250 45
255 249 46
254 248 47
253 248 48
252 248 49
251 247 50
250 246 51
249 245 52
248 244 52
247 244 52
246 243 53
245 242 53
244 241 53
243 241 54
242 240 54
241 240 53
240 239 53
240 238 53
239 237 52
238 236 52
237 235 51
236 235 51
235 234 50
42
281 250 22
267 253 24
267 253 25
267 253 26
267 253 27
266 253 28
266 253 29
266 254 30
266 254 31
265 253 32
265 253 33
264 253 34
263 253 35
262 253 36
263 253 37
262 252 38
261 252 38
260 252 38
259 252 39
259 251 40
258 251 41
258 251 42
257 251 43
256 251 44
256 250 45
255 249 46
254 248 47
253 248 48
252 248 49
251 247 50
250 246 51
249 245 52
248 244 52
247 244 52
246 243 53
245 242 53
244 241 53
243 241 54
242 240 54
243 239 53
242 238 53
241 237 53
39
281 250 22
267 253 24
267 253 25
267 253 26
267 253 27
266 253 28
266 253 29
266 254 30
266 254 31
265 253 32
265 253 33
264 253 34
263 253 35
262 253 36
263 253 37
262 252 38
261 252 38
260 252 38
259 252 39
259 251 40
258 251 41
258 251 42
257 251 43
256 251 44
256 250 45
255 249 46
254 248 47
253 248 48
252 248 49
251 247 50
250 246 51
249 245 52
248 244 52
247 244 52
246 243 53
245 242 53
244 241 53
245 240 53
244 239 53
22
281 250 22
267 253 24
267 253 25
267 253 26
267 253 27
266 253 28
266 253 29
266 254 30
266 254 31
265 253 32
265 253 33
264 253 34
263 253 35
262 253 36
263 253 37
262 252 38
263 253 39
263 254 40
262 255 41
261 255 40
260 255 40
259 256 39
18
281 250 22
267 253 24
267 253 25
267 253 26
267 253 27
266 253 28
266 253 29
266 254 30
266 254 31
265 253 32
265 253 33
264 253 34
263 253 35
263 254 36
263 256 36
264 256 35
264 257 34
264 257 33
18
281 250 22
267 253 24
267 253 25
267 253 26
267 253 27
266 253 28
266 253 29
266 254 30
266 254 31
265 253 32
265 253 33
264 253 34
263 253 35
263 254 36
263 256 36
263 256 37
263 256 38
263 257 39
11
281 250 22
267 253 24
267 253 25
267 253 26
267 253 27
266 253 28
266 253 29
266 254 30
266 254 31
265 253 32
265 257 32
10
281 250 22
267 253 24
267 253 25
267 253 26
267 253 27
266 253 28
266 253 29
266 254 30
265 257 30
265 257 29
10
281 250 22
267 253 24
267 253 25
267 253 26
267 253 27
266 253 28
266 253 29
266 254 30
266 254 31
265 257 31
5
281 250 22
286 250 26
287 249 27
294 249 29
295 249 29
4
281 250 22
286 250 26
287 249 27
294 249 29
3
281 250 22
286 250 26
287 249 27
2
281 250 22
286 250 26
2
281 250 22
267 253 24
