79
229
242 259 23
241 260 24
241 260 25
241 259 26
241 259 27
240 259 28
240 259 29
240 259 30
240 258 31
240 258 32
239 258 33
239 258 34
239 258 35
239 257 36
239 257 37
239 257 38
238 257 39
238 257 40
238 257 41
238 256 42
237 256 43
237 256 44
237 256 45
236 256 46
236 256 47
236 256 48
236 255 49
236 255 50
236 254 51
236 255 52
236 254 53
236 254 54
236 254 55
235 254 56
235 254 57
234 254 58
234 254 59
234 253 60
234 253 61
233 253 62
233 253 63
234 252 64
233 253 65
233 252 66
233 251 67
232 251 68
231 252 69
230 252 70
230 252 71
229 252 72
229 252 73
229 251 74
228 252 75
227 251 76
227 250 77
228 251 78
229 252 79
230 252 80
229 251 81
228 250 82
227 250 83
228 250 84
228 251 85
229 252 86
228 251 87
227 250 88
226 250 89
226 249 90
225 248 91
225 247 92
226 247 93
227 248 94
228 249 95
227 248 96
228 248 97
228 248 98
227 248 99
227 247 100
227 246 101
227 246 102
227 245 103
226 244 104
225 244 105
225 244 106
225 244 107
225 244 108
225 244 109
225 244 110
225 244 111
225 243 112
224 243 113
224 243 114
224 243 115
225 242 116
224 241 117
223 240 118
222 239 119
222 238 120
221 238 121
220 238 122
219 239 123
220 240 124
221 239 125
221 239 126
221 240 127
222 241 128
221 242 129
220 243 128
219 243 129
219 244 130
218 244 131
217 245 132
216 245 133
215 244 134
215 243 135
214 242 136
213 243 135
212 243 136
212 244 137
213 245 138
212 245 139
211 244 140
210 244 141
209 243 142
209 243 143
208 242 144
208 242 145
207 242 146
207 242 147
207 242 148
207 243 149
207 242 150
206 242 151
206 242 152
206 242 153
206 242 154
206 242 155
205 242 156
204 241 157
204 242 158
203 241 159
202 241 160
202 242 161
202 242 162
201 241 163
201 241 164
200 241 165
199 241 166
199 242 167
198 242 168
198 242 169
197 242 170
196 242 171
196 242 172
195 243 173
195 243 174
195 243 175
194 243 176
194 243 177
193 243 178
193 243 179
192 244 180
192 244 181
192 244 182
191 244 183
190 244 184
190 244 185
190 245 186
189 245 187
188 245 187
187 245 188
186 245 189
186 246 190
185 246 191
184 246 192
183 247 193
182 247 194
181 247 195
181 248 196
180 248 197
179 248 198
178 248 199
178 249 200
177 249 201
177 250 202
176 250 203
175 250 204
174 250 205
173 251 206
173 251 207
172 252 208
172 253 209
171 253 210
170 253 211
169 254 212
168 254 213
168 255 214
167 255 215
167 255 216
166 255 217
165 255 218
165 255 219
164 255 220
163 255 221
163 255 222
162 255 223
162 255 224
162 255 225
162 255 226
161 255 227
160 255 228
160 255 229
160 256 230
159 255 231
159 256 232
159 256 233
158 256 234
158 256 235
157 256 236
157 256 237
156 256 238
156 256 239
155 256 240
155 256 241
154 256 242
154 257 243
154 257 244
153 257 245
152 258 246
208
242 259 23
241 260 24
241 260 25
241 259 26
241 259 27
240 259 28
240 259 29
240 259 30
240 258 31
240 258 32
239 258 33
239 258 34
239 258 35
239 257 36
239 257 37
239 257 38
238 257 39
238 257 40
238 257 41
238 256 42
237 256 43
237 256 44
237 256 45
236 256 46
236 256 47
236 256 48
236 255 49
236 255 50
236 254 51
236 255 52
236 254 53
236 254 54
236 254 55
235 254 56
235 254 57
234 254 58
234 254 59
234 253 60
234 253 61
233 253 62
233 253 63
234 252 64
233 253 65
233 252 66
233 251 67
232 251 68
231 252 69
230 252 70
230 252 71
229 252 72
229 252 73
229 251 74
228 252 75
227 251 76
227 250 77
228 251 78
229 252 79
230 252 80
229 251 81
228 250 82
227 250 83
228 250 84
228 251 85
229 252 86
228 251 87
227 250 88
226 250 89
226 249 90
225 248 91
225 247 92
226 247 93
227 248 94
228 249 95
227 248 96
228 248 97
228 248 98
227 248 99
227 247 100
227 246 101
227 246 102
227 245 103
226 244 104
225 244 105
225 244 106
225 244 107
225 244 108
225 244 109
225 244 110
225 244 111
225 243 112
224 243 113
224 243 114
224 243 115
225 242 116
224 241 117
223 240 118
222 239 119
222 238 120
221 238 121
221 238 122
222 237 123
222 238 124
222 237 125
221 237 126
222 236 127
222 235 128
222 234 129
222 233 130
221 233 131
221 234 132
221 235 133
222 235 134
223 235 135
223 236 136
222 236 137
223 236 138
222 235 139
222 234 140
222 235 141
222 234 142
222 233 143
222 233 144
222 233 145
222 232 146
222 232 147
222 231 148
222 231 149
222 230 150
222 229 151
222 229 152
222 229 153
221 228 154
222 228 155
222 227 156
222 227 157
222 226 158
222 226 159
223 226 160
223 225 161
222 224 161
223 223 162
222 222 163
221 222 164
222 222 165
222 222 166
222 221 167
222 220 168
221 219 169
222 219 170
222 218 171
222 217 172
222 217 173
222 216 174
222 215 175
222 214 176
222 213 177
222 213 178
222 212 179
222 211 180
223 212 181
223 211 182
222 210 183
222 209 184
222 209 185
222 208 186
222 207 187
223 207 188
222 206 189
222 205 190
222 205 191
223 205 192
223 204 193
223 203 194
223 202 195
223 201 196
223 201 197
223 200 198
224 199 199
224 199 200
223 198 201
224 198 202
224 197 203
224 197 204
224 197 205
224 196 206
224 196 207
224 195 208
224 195 209
224 194 210
225 193 211
225 193 212
225 192 213
225 192 214
224 192 215
224 192 216
225 191 217
225 190 218
225 190 219
225 190 220
225 189 221
225 189 222
226 188 223
226 188 224
226 187 225
226 187 226
226 187 227
226 187 228
227 186 229
171
242 259 23
241 260 24
241 260 25
241 259 26
241 259 27
240 259 28
240 259 29
240 259 30
240 258 31
240 258 32
239 258 33
239 258 34
239 258 35
239 257 36
239 257 37
239 257 38
238 257 39
238 257 40
238 257 41
238 256 42
237 256 43
237 256 44
237 256 45
236 256 46
236 256 47
236 256 48
236 255 49
236 255 50
236 254 51
236 255 52
236 254 53
236 254 54
236 254 55
235 254 56
235 254 57
234 254 58
234 254 59
234 253 60
234 253 61
233 253 62
233 253 63
234 252 64
233 253 65
233 252 66
233 251 67
232 251 68
231 252 69
230 252 70
230 252 71
229 252 72
229 252 73
229 251 74
228 252 75
227 251 76
227 250 77
228 251 78
229 252 79
230 252 80
229 251 81
228 250 82
227 250 83
228 250 84
228 251 85
229 252 86
228 251 87
227 250 88
226 250 89
226 249 90
225 248 91
225 247 92
226 247 93
227 248 94
228 249 95
227 248 96
228 248 97
228 248 98
227 248 99
227 247 100
227 246 101
227 246 102
227 245 103
226 244 104
225 244 105
225 244 106
225 244 107
225 244 108
225 244 109
225 244 110
225 244 111
225 243 112
224 243 113
224 243 114
224 243 115
225 242 116
224 241 117
223 240 118
222 239 119
222 238 120
221 238 121
220 238 122
219 239 123
220 240 124
221 239 125
221 239 126
221 240 127
222 241 128
221 242 129
220 243 128
219 243 129
219 244 130
218 244 131
217 245 132
216 245 133
215 244 134
215 243 135
214 242 136
213 243 135
212 243 136
212 244 137
213 245 138
212 245 139
211 244 140
210 244 141
209 243 142
209 243 143
208 242 144
208 242 145
207 242 146
207 242 147
207 242 148
207 243 149
207 242 150
206 242 151
206 242 152
206 242 153
206 242 154
206 242 155
205 242 156
204 241 157
204 242 158
203 241 159
202 241 160
202 242 161
202 242 162
201 241 163
201 241 164
200 241 165
199 241 166
199 242 167
198 242 168
198 242 169
197 242 170
196 242 171
196 242 172
195 243 173
195 243 174
195 243 175
194 243 176
194 243 177
193 243 178
193 243 179
192 244 180
191 243 180
190 243 180
189 242 180
188 243 180
187 243 180
186 243 180
185 243 180
184 242 180
183 243 180
160
242 259 23
241 260 24
241 260 25
241 259 26
241 259 27
240 259 28
240 259 29
240 259 30
240 258 31
240 258 32
239 258 33
239 258 34
239 258 35
239 257 36
239 257 37
239 257 38
238 257 39
238 257 40
238 257 41
238 256 42
237 256 43
237 256 44
237 256 45
236 256 46
236 256 47
236 256 48
236 255 49
236 255 50
236 254 51
236 255 52
236 254 53
236 254 54
236 254 55
235 254 56
235 254 57
234 254 58
234 254 59
234 253 60
234 253 61
233 253 62
233 253 63
234 252 64
233 253 65
233 252 66
233 251 67
232 251 68
231 252 69
230 252 70
230 252 71
229 252 72
229 252 73
229 251 74
228 252 75
227 251 76
227 250 77
228 251 78
229 252 79
230 252 80
229 251 81
228 250 82
227 250 83
228 250 84
228 251 85
229 252 86
228 251 87
227 250 88
226 250 89
226 249 90
225 248 91
225 247 92
226 247 93
227 248 94
228 249 95
227 248 96
228 248 97
228 248 98
227 248 99
227 247 100
227 246 101
227 246 102
227 245 103
226 244 104
225 244 105
225 244 106
225 244 107
225 244 108
225 244 109
225 244 110
225 244 111
225 243 112
224 243 113
224 243 114
224 243 115
225 242 116
224 241 117
223 240 118
222 239 119
222 238 120
221 238 121
221 238 122
222 237 123
222 238 124
222 237 125
222 236 126
223 235 127
223 234 128
223 233 129
224 233 130
225 233 131
226 234 132
227 235 133
227 236 134
228 236 135
229 236 136
230 236 137
230 235 138
231 234 139
232 234 140
232 233 141
232 233 142
232 233 143
232 232 144
232 232 145
232 231 146
233 231 147
233 231 148
233 230 149
234 230 150
234 229 151
235 229 152
235 230 153
236 230 154
236 230 155
237 230 156
237 230 157
237 230 158
238 229 159
238 229 160
238 229 161
239 229 162
239 230 163
240 229 164
241 229 165
242 228 166
242 228 167
243 228 168
244 228 169
244 227 170
245 226 171
246 226 172
246 225 173
247 225 174
248 224 175
249 223 176
250 224 177
250 223 178
250 222 179
251 222 180
251 221 181
252 220 182
157
242 259 23
241 260 24
241 260 25
241 259 26
241 259 27
240 259 28
240 259 29
240 259 30
240 258 31
240 258 32
239 258 33
239 258 34
239 258 35
239 257 36
239 257 37
239 257 38
238 257 39
238 257 40
238 257 41
238 256 42
237 256 43
237 256 44
237 256 45
236 256 46
236 256 47
236 256 48
236 255 49
236 255 50
236 254 51
236 255 52
236 254 53
236 254 54
236 254 55
235 254 56
235 254 57
234 254 58
234 254 59
234 253 60
234 253 61
233 253 62
233 253 63
234 252 64
233 253 65
233 252 66
233 251 67
233 250 68
234 249 68
235 249 69
235 248 70
235 248 71
235 248 72
235 247 73
235 246 74
235 245 75
234 244 76
234 244 77
234 243 78
234 243 79
233 242 80
234 241 81
233 240 82
234 240 83
235 240 84
234 239 85
234 238 86
234 237 87
234 237 88
233 236 89
233 235 90
232 234 91
233 234 92
234 233 93
234 232 94
233 231 95
233 230 96
234 229 97
234 229 98
234 228 99
233 227 100
234 227 101
234 226 102
234 225 103
234 224 104
233 223 105
233 222 106
232 221 107
232 220 108
232 219 109
232 218 110
232 217 111
232 217 112
232 216 113
232 215 114
232 214 114
232 213 115
232 212 116
232 211 117
232 210 118
231 209 118
232 208 119
233 207 120
232 206 120
232 205 120
232 204 121
231 203 121
231 202 121
231 201 122
231 200 122
232 199 123
231 198 123
232 197 124
231 196 124
231 195 124
231 194 124
231 193 125
231 192 125
231 191 124
231 190 125
231 189 125
231 188 125
231 187 125
231 186 125
231 185 126
230 184 126
231 183 126
231 182 126
231 181 127
231 180 127
231 179 127
231 178 128
230 177 128
230 176 127
230 175 127
230 174 127
229 173 126
229 172 126
229 171 126
229 170 126
229 169 126
228 168 126
228 167 126
228 166 125
228 165 125
228 164 124
228 163 123
227 162 123
227 161 122
227 160 121
226 159 121
226 158 120
226 157 119
225 156 118
225 155 117
225 154 116
225 153 115
224 153 114
225 152 113
148
242 259 23
241 260 24
241 260 25
241 259 26
241 259 27
240 259 28
240 259 29
240 259 30
240 258 31
240 258 32
239 258 33
239 258 34
239 258 35
239 257 36
239 257 37
239 257 38
238 257 39
238 257 40
238 257 41
238 256 42
237 256 43
237 256 44
237 256 45
236 256 46
236 256 47
236 256 48
236 255 49
236 255 50
236 254 51
236 255 52
236 254 53
236 254 54
236 254 55
235 254 56
235 254 57
234 254 58
234 254 59
234 253 60
234 253 61
233 253 62
233 253 63
234 252 64
233 253 65
233 252 66
233 251 67
232 251 68
231 252 69
230 252 70
230 252 71
229 252 72
229 252 73
229 251 74
228 252 75
227 251 76
227 250 77
228 251 78
229 252 79
230 252 80
229 251 81
228 250 82
227 250 83
228 250 84
228 251 85
229 252 86
228 251 87
227 250 88
226 250 89
226 249 90
225 248 91
225 247 92
226 247 93
227 248 94
228 249 95
227 248 96
228 248 97
228 248 98
227 248 99
227 247 100
227 246 101
227 246 102
227 245 103
226 244 104
225 244 105
225 244 106
225 244 107
225 244 108
225 244 109
225 244 110
225 244 111
225 243 112
224 243 113
224 243 114
224 243 115
225 242 116
224 241 117
223 240 118
222 239 119
222 238 120
221 238 121
221 238 122
222 237 123
222 238 124
222 237 125
221 237 126
222 236 127
222 235 128
222 234 129
222 233 130
221 233 131
221 234 132
221 235 133
222 235 134
223 235 135
223 236 136
222 236 137
223 236 138
222 235 139
222 234 140
222 235 141
222 234 142
222 233 143
222 233 144
222 233 145
222 232 146
222 232 147
222 231 148
222 231 149
222 230 150
222 229 151
222 229 152
222 229 153
221 228 154
222 228 155
222 227 156
222 227 157
222 226 158
222 226 159
223 226 160
223 225 161
222 224 161
223 223 162
222 222 163
222 221 164
222 220 165
222 219 166
223 218 165
224 217 165
225 217 166
148
242 259 23
241 260 24
241 260 25
241 259 26
241 259 27
240 259 28
240 259 29
240 259 30
240 258 31
240 258 32
239 258 33
239 258 34
239 258 35
239 257 36
239 257 37
239 257 38
238 257 39
238 257 40
238 257 41
238 256 42
237 256 43
237 256 44
237 256 45
236 256 46
236 256 47
236 256 48
236 255 49
236 255 50
236 254 51
236 255 52
236 254 53
236 254 54
236 254 55
235 254 56
235 254 57
234 254 58
234 254 59
234 253 60
234 253 61
233 253 62
233 253 63
234 252 64
233 253 65
233 252 66
233 251 67
232 251 68
231 252 69
230 252 70
230 252 71
229 252 72
229 252 73
229 251 74
228 252 75
227 251 76
227 250 77
228 251 78
229 252 79
230 252 80
229 251 81
228 250 82
227 250 83
228 250 84
228 251 85
229 252 86
228 251 87
227 250 88
226 250 89
226 249 90
225 248 91
225 247 92
226 247 93
227 248 94
228 249 95
227 248 96
228 248 97
228 248 98
227 248 99
227 247 100
227 246 101
227 246 102
227 245 103
226 244 104
225 244 105
225 244 106
225 244 107
225 244 108
225 244 109
225 244 110
225 244 111
225 243 112
224 243 113
224 243 114
224 243 115
225 242 116
224 241 117
223 240 118
222 239 119
222 238 120
221 238 121
221 238 122
222 237 123
222 238 124
222 237 125
221 237 126
222 236 127
222 235 128
222 234 129
222 233 130
221 233 131
221 234 132
221 235 133
222 235 134
223 235 135
223 236 136
222 236 137
223 236 138
222 235 139
222 234 140
222 235 141
222 234 142
222 233 143
222 233 144
222 233 145
222 232 146
222 232 147
222 231 148
222 231 149
222 230 150
222 229 151
222 229 152
222 229 153
221 228 154
222 228 155
222 227 156
222 227 157
222 226 158
222 226 159
223 226 160
223 225 161
222 224 161
223 223 162
222 222 163
222 221 164
222 220 164
221 219 165
222 218 166
223 217 166
224 218 167
139
242 259 23
241 260 24
241 260 25
241 259 26
241 259 27
240 259 28
240 259 29
240 259 30
240 258 31
240 258 32
239 258 33
239 258 34
239 258 35
239 257 36
239 257 37
239 257 38
238 257 39
238 257 40
238 257 41
238 256 42
237 256 43
237 256 44
237 256 45
236 256 46
236 256 47
236 256 48
236 255 49
236 255 50
236 254 51
236 255 52
236 254 53
236 254 54
236 254 55
235 254 56
235 254 57
234 254 58
234 254 59
234 253 60
234 253 61
233 253 62
233 253 63
234 252 64
233 253 65
233 252 66
233 251 67
232 251 68
231 252 69
230 252 70
230 252 71
229 252 72
229 252 73
229 251 74
228 252 75
227 251 76
227 250 77
228 251 78
229 252 79
230 252 80
229 251 81
228 250 82
227 250 83
228 250 84
228 251 85
229 252 86
228 251 87
227 250 88
226 250 89
226 249 90
225 248 91
225 247 92
226 247 93
227 248 94
228 249 95
227 248 96
228 248 97
228 248 98
227 248 99
227 247 100
227 246 101
227 246 102
227 245 103
226 244 104
225 244 105
225 244 106
225 244 107
225 244 108
225 244 109
225 244 110
225 244 111
225 243 112
224 243 113
224 243 114
224 243 115
225 242 116
224 241 117
223 240 118
222 239 119
222 238 120
221 238 121
221 238 122
222 237 123
222 238 124
222 237 125
222 236 126
223 235 127
223 234 128
223 233 129
224 233 130
225 233 131
226 234 132
227 235 133
227 236 134
228 236 135
229 236 136
230 236 137
230 235 138
231 234 139
232 234 140
232 233 141
232 233 142
232 233 143
232 232 144
232 232 145
232 231 146
233 231 147
233 231 148
233 230 149
234 230 150
234 229 151
234 228 151
234 227 151
234 226 151
235 225 151
235 224 151
234 223 151
234 222 152
234 222 153
234 222 154
234 221 155
132
242 259 23
241 260 24
241 260 25
241 259 26
241 259 27
240 259 28
240 259 29
240 259 30
240 258 31
240 258 32
239 258 33
239 258 34
239 258 35
239 257 36
239 257 37
239 257 38
238 257 39
238 257 40
238 257 41
238 256 42
237 256 43
237 256 44
237 256 45
236 256 46
236 256 47
236 256 48
236 255 49
236 255 50
236 254 51
236 255 52
236 254 53
236 254 54
236 254 55
235 254 56
235 254 57
234 254 58
234 254 59
234 253 60
234 253 61
233 253 62
233 253 63
234 252 64
233 253 65
233 252 66
233 251 67
232 251 68
231 252 69
230 252 70
230 252 71
229 252 72
229 252 73
229 251 74
228 252 75
227 251 76
227 250 77
228 251 78
229 252 79
230 252 80
229 251 81
228 250 82
227 250 83
228 250 84
228 251 85
229 252 86
228 251 87
227 250 88
226 250 89
226 249 90
225 248 91
225 247 92
226 247 93
227 248 94
228 249 95
227 248 96
228 248 97
228 248 98
227 248 99
227 247 100
227 246 101
227 246 102
227 245 103
226 244 104
225 244 105
225 244 106
225 244 107
225 244 108
225 244 109
225 244 110
225 244 111
225 243 112
224 243 113
224 243 114
224 243 115
225 242 116
224 241 117
223 240 118
222 239 119
222 238 120
221 238 121
221 238 122
222 237 123
222 238 124
222 237 125
221 237 126
220 238 127
221 238 128
221 239 129
222 240 130
223 241 131
224 242 132
225 242 133
226 242 134
226 243 135
225 243 136
225 243 137
224 243 138
224 243 139
225 244 140
225 245 141
225 244 142
226 244 143
226 244 144
226 244 145
226 243 146
226 243 147
226 243 148
226 243 149
226 242 150
225 242 151
226 242 152
226 242 153
227 242 154
124
242 259 23
241 260 24
241 260 25
241 259 26
241 259 27
240 259 28
240 259 29
240 259 30
240 258 31
240 258 32
239 258 33
239 258 34
239 258 35
239 257 36
239 257 37
239 257 38
238 257 39
238 257 40
238 257 41
238 256 42
237 256 43
237 256 44
237 256 45
236 256 46
236 256 47
236 256 48
236 255 49
236 255 50
236 254 51
236 255 52
236 254 53
236 254 54
236 254 55
235 254 56
235 254 57
234 254 58
234 254 59
234 253 60
234 253 61
233 253 62
233 253 63
234 252 64
233 253 65
233 252 66
233 251 67
232 251 68
231 252 69
230 252 70
230 252 71
229 252 72
229 252 73
229 251 74
228 252 75
227 251 76
227 250 77
228 251 78
229 252 79
230 252 80
229 251 81
228 250 82
227 250 83
228 250 84
228 251 85
229 252 86
228 251 87
227 250 88
226 250 89
226 249 90
225 248 91
225 247 92
226 247 93
227 248 94
228 249 95
227 248 96
228 248 97
228 248 98
227 248 99
227 247 100
227 246 101
227 246 102
227 245 103
226 244 104
225 244 105
225 244 106
225 244 107
225 244 108
225 244 109
225 244 110
225 244 111
225 243 112
224 243 113
224 243 114
224 243 115
225 242 116
224 241 117
223 240 118
222 239 119
222 238 120
221 238 121
220 238 122
219 239 123
220 240 124
221 239 125
221 239 126
221 240 127
222 241 128
221 242 129
220 243 128
219 243 129
219 244 130
218 244 131
217 245 132
216 245 133
215 244 134
215 243 135
214 242 136
213 243 135
212 243 136
212 244 137
213 245 138
213 246 138
214 247 138
215 248 138
216 249 138
124
242 259 23
241 260 24
241 260 25
241 259 26
241 259 27
240 259 28
240 259 29
240 259 30
240 258 31
240 258 32
239 258 33
239 258 34
239 258 35
239 257 36
239 257 37
239 257 38
238 257 39
238 257 40
238 257 41
238 256 42
237 256 43
237 256 44
237 256 45
236 256 46
236 256 47
236 256 48
236 255 49
236 255 50
236 254 51
236 255 52
236 254 53
236 254 54
236 254 55
235 254 56
235 254 57
234 254 58
234 254 59
234 253 60
234 253 61
233 253 62
233 253 63
234 252 64
233 253 65
233 252 66
233 251 67
232 251 68
231 252 69
230 252 70
230 252 71
229 252 72
229 252 73
229 251 74
228 252 75
227 251 76
227 250 77
228 251 78
229 252 79
230 252 80
229 251 81
228 250 82
227 250 83
228 250 84
228 251 85
229 252 86
228 251 87
227 250 88
226 250 89
226 249 90
225 248 91
225 247 92
226 247 93
227 248 94
228 249 95
227 248 96
228 248 97
228 248 98
227 248 99
227 247 100
227 246 101
227 246 102
227 245 103
226 244 104
225 244 105
225 244 106
225 244 107
225 244 108
225 244 109
225 244 110
225 244 111
225 243 112
224 243 113
224 243 114
224 243 115
225 242 116
224 241 117
223 240 118
222 239 119
222 238 120
221 238 121
220 238 122
219 239 123
220 240 124
221 239 125
221 239 126
221 240 127
222 241 128
221 242 129
220 243 128
219 243 129
219 244 130
218 244 131
217 245 132
216 245 133
215 244 134
215 243 135
214 242 136
215 242 137
216 243 138
217 244 138
218 245 139
218 246 139
219 247 139
218 248 140
217 249 139
122
242 259 23
241 260 24
241 260 25
241 259 26
241 259 27
240 259 28
240 259 29
240 259 30
240 258 31
240 258 32
239 258 33
239 258 34
239 258 35
239 257 36
239 257 37
239 257 38
238 257 39
238 257 40
238 257 41
238 256 42
237 256 43
237 256 44
237 256 45
236 256 46
236 256 47
236 256 48
236 255 49
236 255 50
236 254 51
236 255 52
236 254 53
236 254 54
236 254 55
235 254 56
235 254 57
234 254 58
234 254 59
234 253 60
234 253 61
233 253 62
233 253 63
234 252 64
233 253 65
233 252 66
233 251 67
232 251 68
231 252 69
230 252 70
230 252 71
229 252 72
229 252 73
229 251 74
228 252 75
227 251 76
227 250 77
228 251 78
229 252 79
230 252 80
229 251 81
228 250 82
227 250 83
228 250 84
228 251 85
229 252 86
228 251 87
227 250 88
226 250 89
226 249 90
225 248 91
225 247 92
226 247 93
227 248 94
228 249 95
227 248 96
228 248 97
228 248 98
227 248 99
227 247 100
227 246 101
227 246 102
227 245 103
226 244 104
225 244 105
225 244 106
225 244 107
225 244 108
225 244 109
225 244 110
225 244 111
225 243 112
224 243 113
224 243 114
224 243 115
225 242 116
224 241 117
223 240 118
222 239 119
222 238 120
221 238 121
220 238 122
219 239 123
220 240 124
221 239 125
221 239 126
221 240 127
222 241 128
221 242 129
220 243 128
219 243 129
219 244 130
218 244 131
217 245 132
216 245 133
215 244 134
215 243 135
214 242 136
215 242 137
216 243 138
216 243 139
215 244 140
216 243 141
215 243 142
108
242 259 23
241 260 24
241 260 25
241 259 26
241 259 27
240 259 28
240 259 29
240 259 30
240 258 31
240 258 32
239 258 33
239 258 34
239 258 35
239 257 36
239 257 37
239 257 38
238 257 39
238 257 40
238 257 41
238 256 42
237 256 43
237 256 44
237 256 45
236 256 46
236 256 47
236 256 48
236 255 49
236 255 50
236 254 51
236 255 52
236 254 53
236 254 54
236 254 55
235 254 56
235 254 57
234 254 58
234 254 59
234 253 60
234 253 61
233 253 62
233 253 63
234 252 64
233 253 65
233 252 66
233 251 67
232 251 68
231 252 69
230 252 70
230 252 71
229 252 72
229 252 73
229 251 74
228 252 75
227 251 76
227 250 77
228 251 78
229 252 79
230 252 80
229 251 81
228 250 82
227 250 83
228 250 84
228 251 85
229 252 86
228 251 87
227 250 88
226 250 89
226 249 90
225 248 91
225 247 92
226 247 93
227 248 94
228 249 95
227 248 96
228 248 97
228 248 98
227 248 99
227 247 100
227 246 101
227 246 102
227 245 103
226 244 104
225 244 105
225 244 106
225 244 107
225 244 108
225 244 109
225 244 110
225 244 111
225 243 112
224 243 113
224 243 114
224 243 115
225 242 116
224 241 117
223 240 118
222 239 119
221 240 120
220 239 120
219 238 121
218 238 121
217 239 121
216 240 122
215 241 123
214 240 122
213 239 123
212 240 124
212 241 124
108
242 259 23
241 260 24
241 260 25
241 259 26
241 259 27
240 259 28
240 259 29
240 259 30
240 258 31
240 258 32
239 258 33
239 258 34
239 258 35
239 257 36
239 257 37
239 257 38
238 257 39
238 257 40
238 257 41
238 256 42
237 256 43
237 256 44
237 256 45
236 256 46
236 256 47
236 256 48
236 255 49
236 255 50
236 254 51
236 255 52
236 254 53
236 254 54
236 254 55
235 254 56
235 254 57
234 254 58
234 254 59
234 253 60
234 253 61
233 253 62
233 253 63
234 252 64
233 253 65
233 252 66
233 251 67
232 251 68
231 252 69
230 252 70
230 252 71
229 252 72
229 252 73
229 251 74
228 252 75
227 251 76
227 250 77
228 251 78
229 252 79
230 252 80
229 251 81
228 250 82
227 250 83
228 250 84
228 251 85
229 252 86
228 251 87
227 250 88
226 250 89
226 249 90
225 248 91
225 247 92
226 247 93
227 248 94
228 249 95
227 248 96
228 248 97
228 248 98
227 248 99
227 247 100
227 246 101
227 246 102
227 245 103
226 244 104
225 244 105
225 244 106
225 244 107
225 244 108
225 244 109
225 244 110
225 244 111
225 243 112
224 243 113
224 243 114
224 243 115
225 242 116
224 241 117
223 240 118
222 239 119
221 240 120
220 239 120
219 238 121
218 238 121
217 237 122
218 236 123
217 236 124
216 236 125
215 237 124
215 238 124
216 239 125
108
242 259 23
241 260 24
241 260 25
241 259 26
241 259 27
240 259 28
240 259 29
240 259 30
240 258 31
240 258 32
239 258 33
239 258 34
239 258 35
239 257 36
239 257 37
239 257 38
238 257 39
238 257 40
238 257 41
238 256 42
237 256 43
237 256 44
237 256 45
236 256 46
236 256 47
236 256 48
236 255 49
236 255 50
236 254 51
236 255 52
236 254 53
236 254 54
236 254 55
235 254 56
235 254 57
234 254 58
234 254 59
234 253 60
234 253 61
233 253 62
233 253 63
234 252 64
233 253 65
233 252 66
233 251 67
232 251 68
231 252 69
230 252 70
230 252 71
229 252 72
229 252 73
229 251 74
228 252 75
227 251 76
227 250 77
228 251 78
229 252 79
230 252 80
229 251 81
228 250 82
227 250 83
228 250 84
228 251 85
229 252 86
228 251 87
227 250 88
226 250 89
226 249 90
225 248 91
225 247 92
226 247 93
227 248 94
228 249 95
227 248 96
228 248 97
228 248 98
227 248 99
227 247 100
227 246 101
227 246 102
227 245 103
226 244 104
225 244 105
225 244 106
225 244 107
225 244 108
225 244 109
225 244 110
225 244 111
225 243 112
224 243 113
224 243 114
224 243 115
225 242 116
224 241 117
223 240 118
222 239 119
222 238 120
221 238 121
221 238 122
222 237 123
222 238 124
222 237 125
221 237 126
220 238 127
219 239 127
218 239 127
217 239 126
106
242 259 23
241 260 24
241 260 25
241 259 26
241 259 27
240 259 28
240 259 29
240 259 30
240 258 31
240 258 32
239 258 33
239 258 34
239 258 35
239 257 36
239 257 37
239 257 38
238 257 39
238 257 40
238 257 41
238 256 42
237 256 43
237 256 44
237 256 45
236 256 46
236 256 47
236 256 48
236 255 49
236 255 50
236 254 51
236 255 52
236 254 53
236 254 54
236 254 55
235 254 56
235 254 57
234 254 58
234 254 59
234 253 60
234 253 61
233 253 62
233 253 63
234 252 64
233 253 65
233 252 66
233 251 67
232 251 68
231 252 69
230 252 70
230 252 71
229 252 72
229 252 73
229 251 74
228 252 75
227 251 76
227 250 77
228 251 78
229 252 79
230 252 80
229 251 81
228 250 82
227 250 83
228 250 84
228 251 85
229 252 86
228 251 87
227 250 88
226 250 89
226 249 90
225 248 91
225 247 92
226 247 93
227 248 94
228 249 95
227 248 96
228 248 97
228 248 98
227 248 99
227 247 100
227 246 101
227 246 102
227 245 103
226 244 104
225 244 105
225 244 106
225 244 107
225 244 108
225 244 109
225 244 110
225 244 111
225 243 112
224 243 113
224 243 114
224 243 115
225 242 116
224 241 117
223 240 118
222 239 119
221 240 120
220 239 120
219 238 121
218 238 121
217 239 121
216 240 122
215 241 123
214 242 122
215 243 123
106
242 259 23
241 260 24
241 260 25
241 259 26
241 259 27
240 259 28
240 259 29
240 259 30
240 258 31
240 258 32
239 258 33
239 258 34
239 258 35
239 257 36
239 257 37
239 257 38
238 257 39
238 257 40
238 257 41
238 256 42
237 256 43
237 256 44
237 256 45
236 256 46
236 256 47
236 256 48
236 255 49
236 255 50
236 254 51
236 255 52
236 254 53
236 254 54
236 254 55
235 254 56
235 254 57
234 254 58
234 254 59
234 253 60
234 253 61
233 253 62
233 253 63
234 252 64
233 253 65
233 252 66
233 251 67
232 251 68
231 252 69
230 252 70
230 252 71
229 252 72
229 252 73
229 251 74
228 252 75
227 251 76
227 250 77
228 251 78
229 252 79
230 252 80
229 251 81
228 250 82
227 250 83
228 250 84
228 251 85
229 252 86
228 251 87
227 250 88
226 250 89
226 249 90
225 248 91
225 247 92
226 247 93
227 248 94
228 249 95
227 248 96
228 248 97
228 248 98
227 248 99
227 247 100
227 246 101
227 246 102
227 245 103
226 244 104
225 244 105
225 244 106
225 244 107
225 244 108
225 244 109
225 244 110
225 244 111
225 243 112
224 243 113
224 243 114
224 243 115
225 242 116
224 241 117
223 240 118
222 239 119
221 240 120
220 239 120
219 238 121
218 238 121
217 237 122
218 236 123
217 236 124
218 236 125
219 237 126
106
242 259 23
241 260 24
241 260 25
241 259 26
241 259 27
240 259 28
240 259 29
240 259 30
240 258 31
240 258 32
239 258 33
239 258 34
239 258 35
239 257 36
239 257 37
239 257 38
238 257 39
238 257 40
238 257 41
238 256 42
237 256 43
237 256 44
237 256 45
236 256 46
236 256 47
236 256 48
236 255 49
236 255 50
236 254 51
236 255 52
236 254 53
236 254 54
236 254 55
235 254 56
235 254 57
234 254 58
234 254 59
234 253 60
234 253 61
233 253 62
233 253 63
234 252 64
233 253 65
233 252 66
233 251 67
232 251 68
231 252 69
230 252 70
230 252 71
229 252 72
229 252 73
229 251 74
228 252 75
227 251 76
227 250 77
228 251 78
229 252 79
230 252 80
229 251 81
228 250 82
227 250 83
228 250 84
228 251 85
229 252 86
228 251 87
227 250 88
226 250 89
226 249 90
225 248 91
225 247 92
226 247 93
227 248 94
228 249 95
227 248 96
228 248 97
228 248 98
227 248 99
227 247 100
227 246 101
227 246 102
227 245 103
226 244 104
225 244 105
225 244 106
225 244 107
225 244 108
225 244 109
225 244 110
225 244 111
225 243 112
224 243 113
224 243 114
224 243 115
225 242 116
224 241 117
223 240 118
222 239 119
221 240 120
220 239 120
219 238 121
218 238 121
217 237 122
218 236 123
217 236 124
216 236 125
217 237 126
106
242 259 23
241 260 24
241 260 25
241 259 26
241 259 27
240 259 28
240 259 29
240 259 30
240 258 31
240 258 32
239 258 33
239 258 34
239 258 35
239 257 36
239 257 37
239 257 38
238 257 39
238 257 40
238 257 41
238 256 42
237 256 43
237 256 44
237 256 45
236 256 46
236 256 47
236 256 48
236 255 49
236 255 50
236 254 51
236 255 52
236 254 53
236 254 54
236 254 55
235 254 56
235 254 57
234 254 58
234 254 59
234 253 60
234 253 61
233 253 62
233 253 63
234 252 64
233 253 65
233 252 66
233 251 67
232 251 68
231 252 69
230 252 70
230 252 71
229 252 72
229 252 73
229 251 74
228 252 75
227 251 76
227 250 77
228 251 78
229 252 79
230 252 80
229 251 81
228 250 82
227 250 83
228 250 84
228 251 85
229 252 86
228 251 87
227 250 88
226 250 89
226 249 90
225 248 91
225 247 92
226 247 93
227 248 94
228 249 95
227 248 96
228 248 97
228 248 98
227 248 99
227 247 100
227 246 101
227 246 102
227 245 103
226 244 104
225 244 105
225 244 106
225 244 107
225 244 108
225 244 109
225 244 110
225 244 111
225 243 112
224 243 113
224 243 114
224 243 115
225 242 116
224 241 117
223 240 118
222 239 119
221 240 120
220 239 120
219 238 121
218 238 121
217 239 121
216 240 122
215 241 123
216 242 124
217 243 125
106
242 259 23
241 260 24
241 260 25
241 259 26
241 259 27
240 259 28
240 259 29
240 259 30
240 258 31
240 258 32
239 258 33
239 258 34
239 258 35
239 257 36
239 257 37
239 257 38
238 257 39
238 257 40
238 257 41
238 256 42
237 256 43
237 256 44
237 256 45
236 256 46
236 256 47
236 256 48
236 255 49
236 255 50
236 254 51
236 255 52
236 254 53
236 254 54
236 254 55
235 254 56
235 254 57
234 254 58
234 254 59
234 253 60
234 253 61
233 253 62
233 253 63
234 252 64
233 253 65
233 252 66
233 251 67
232 251 68
231 252 69
230 252 70
230 252 71
229 252 72
229 252 73
229 251 74
228 252 75
227 251 76
227 250 77
228 251 78
229 252 79
230 252 80
229 251 81
228 250 82
227 250 83
228 250 84
228 251 85
229 252 86
228 251 87
227 250 88
226 250 89
226 249 90
225 248 91
225 247 92
226 247 93
227 248 94
228 249 95
227 248 96
228 248 97
228 248 98
227 248 99
227 247 100
227 246 101
227 246 102
227 245 103
226 244 104
225 244 105
225 244 106
225 244 107
225 244 108
225 244 109
225 244 110
225 244 111
225 243 112
224 243 113
224 243 114
224 243 115
225 242 116
224 241 117
223 240 118
222 240 119
221 241 120
220 242 121
221 242 122
222 242 123
222 243 124
221 243 125
220 243 125
219 243 125
218 243 125
104
242 259 23
241 260 24
241 260 25
241 259 26
241 259 27
240 259 28
240 259 29
240 259 30
240 258 31
240 258 32
239 258 33
239 258 34
239 258 35
239 257 36
239 257 37
239 257 38
238 257 39
238 257 40
238 257 41
238 256 42
237 256 43
237 256 44
237 256 45
236 256 46
236 256 47
236 256 48
236 255 49
236 255 50
236 254 51
236 255 52
236 254 53
236 254 54
236 254 55
235 254 56
235 254 57
234 254 58
234 254 59
234 253 60
234 253 61
233 253 62
233 253 63
234 252 64
233 253 65
233 252 66
233 251 67
232 251 68
231 252 69
230 252 70
230 252 71
229 252 72
229 252 73
229 251 74
228 252 75
227 251 76
227 250 77
228 251 78
229 252 79
230 252 80
229 251 81
228 250 82
227 250 83
228 250 84
228 251 85
229 252 86
228 251 87
227 250 88
226 250 89
226 249 90
225 248 91
225 247 92
226 247 93
227 248 94
228 249 95
227 248 96
228 248 97
228 248 98
227 248 99
227 247 100
227 246 101
227 246 102
227 245 103
226 244 104
225 244 105
225 244 106
225 244 107
225 244 108
225 244 109
225 244 110
225 244 111
225 243 112
224 243 113
224 243 114
224 243 115
225 242 116
224 241 117
223 240 118
222 239 119
221 240 120
220 239 120
219 238 121
218 238 121
217 237 122
218 236 123
219 236 124
103
242 259 23
241 260 24
241 260 25
241 259 26
241 259 27
240 259 28
240 259 29
240 259 30
240 258 31
240 258 32
239 258 33
239 258 34
239 258 35
239 257 36
239 257 37
239 257 38
238 257 39
238 257 40
238 257 41
238 256 42
237 256 43
237 256 44
237 256 45
236 256 46
236 256 47
236 256 48
236 255 49
236 255 50
236 254 51
236 255 52
236 254 53
236 254 54
236 254 55
235 254 56
235 254 57
234 254 58
234 254 59
234 253 60
234 253 61
233 253 62
233 253 63
234 252 64
233 253 65
233 252 66
233 251 67
232 251 68
231 252 69
230 252 70
230 252 71
229 252 72
229 252 73
229 251 74
228 252 75
227 251 76
227 250 77
228 251 78
229 252 79
230 252 80
229 251 81
228 250 82
227 250 83
228 250 84
228 251 85
229 252 86
228 251 87
227 250 88
226 250 89
226 249 90
225 248 91
224 249 90
223 249 90
222 249 91
222 250 92
222 251 93
221 250 94
221 251 95
220 250 96
220 251 97
220 251 98
220 251 99
219 250 100
218 250 101
218 250 102
217 249 103
217 250 104
218 251 105
217 251 106
217 251 107
217 252 108
218 253 109
217 253 110
216 252 111
216 253 112
215 252 113
215 253 114
215 253 115
215 254 116
215 254 117
214 253 118
214 254 119
214 254 120
214 254 121
213 253 122
98
242 259 23
241 260 24
241 260 25
241 259 26
241 259 27
240 259 28
240 259 29
240 259 30
240 258 31
240 258 32
239 258 33
239 258 34
239 258 35
239 257 36
239 257 37
239 257 38
238 257 39
238 257 40
238 257 41
238 256 42
237 256 43
237 256 44
237 256 45
236 256 46
236 256 47
236 256 48
236 255 49
236 255 50
236 254 51
236 255 52
236 254 53
236 254 54
236 254 55
235 254 56
235 254 57
234 254 58
234 254 59
234 253 60
234 253 61
233 253 62
233 253 63
234 252 64
233 253 65
233 252 66
233 251 67
232 251 68
231 252 69
230 252 70
230 252 71
229 252 72
229 252 73
229 251 74
228 252 75
227 251 76
227 250 77
228 251 78
229 252 79
230 252 80
229 251 81
228 250 82
227 250 83
228 250 84
228 251 85
229 252 86
228 251 87
227 250 88
226 250 89
226 249 90
225 248 91
224 249 90
223 249 90
222 249 91
222 250 92
222 251 93
221 250 94
221 251 95
220 250 96
220 251 97
220 251 98
220 251 99
219 250 100
218 250 101
218 250 102
217 249 103
217 250 104
218 251 105
217 251 106
217 251 107
217 252 108
218 253 109
217 253 110
216 252 111
216 253 112
215 252 113
214 251 114
213 250 114
212 250 115
211 250 116
90
242 259 23
241 260 24
241 260 25
241 259 26
241 259 27
240 259 28
240 259 29
240 259 30
240 258 31
240 258 32
239 258 33
239 258 34
239 258 35
239 257 36
239 257 37
239 257 38
238 257 39
238 257 40
238 257 41
238 256 42
237 256 43
237 256 44
237 256 45
236 256 46
236 256 47
236 256 48
236 255 49
236 255 50
236 254 51
236 255 52
236 254 53
236 254 54
236 254 55
235 254 56
235 254 57
234 254 58
234 254 59
234 253 60
234 253 61
233 253 62
233 253 63
234 252 64
233 253 65
233 252 66
233 251 67
232 251 68
231 252 69
230 252 70
230 252 71
229 252 72
229 252 73
229 251 74
228 252 75
227 251 76
227 250 77
228 251 78
229 252 79
230 252 80
229 251 81
228 250 82
227 250 83
228 250 84
228 251 85
229 252 86
228 251 87
227 250 88
226 250 89
226 249 90
225 248 91
224 249 90
223 249 90
222 249 91
222 250 92
222 251 93
221 250 94
221 251 95
220 250 96
220 251 97
220 251 98
220 251 99
219 250 100
218 250 101
218 250 102
217 249 103
216 248 103
215 247 103
214 247 104
214 246 105
215 245 106
214 244 107
88
242 259 23
241 260 24
241 260 25
241 259 26
241 259 27
240 259 28
240 259 29
240 259 30
240 258 31
240 258 32
239 258 33
239 258 34
239 258 35
239 257 36
239 257 37
239 257 38
238 257 39
238 257 40
238 257 41
238 256 42
237 256 43
237 256 44
237 256 45
236 256 46
236 256 47
236 256 48
236 255 49
236 255 50
236 254 51
236 255 52
236 254 53
236 254 54
236 254 55
235 254 56
235 254 57
234 254 58
234 254 59
234 253 60
234 253 61
233 253 62
233 253 63
234 252 64
233 253 65
233 252 66
233 251 67
232 251 68
231 252 69
230 252 70
230 252 71
229 252 72
229 252 73
229 251 74
228 252 75
227 251 76
227 250 77
228 251 78
229 252 79
230 252 80
229 251 81
228 250 82
227 250 83
228 250 84
228 251 85
229 252 86
228 251 87
227 250 88
226 250 89
226 249 90
225 248 91
225 247 92
226 247 93
227 248 94
228 249 95
227 248 96
228 248 97
228 248 98
227 248 99
227 249 100
227 250 101
226 251 102
227 252 103
227 252 104
227 252 105
227 253 106
227 253 107
226 253 108
226 253 109
225 253 110
85
242 259 23
241 260 24
241 260 25
241 259 26
241 259 27
240 259 28
240 259 29
240 259 30
240 258 31
240 258 32
239 258 33
239 258 34
239 258 35
239 257 36
239 257 37
239 257 38
238 257 39
238 257 40
238 257 41
238 256 42
237 256 43
237 256 44
237 256 45
236 256 46
236 256 47
236 256 48
236 255 49
236 255 50
236 254 51
236 255 52
236 254 53
236 254 54
236 254 55
235 254 56
235 254 57
234 254 58
234 254 59
234 253 60
234 253 61
233 253 62
233 253 63
234 252 64
233 253 65
233 252 66
233 251 67
232 251 68
231 252 69
230 252 70
230 252 71
229 252 72
229 252 73
229 251 74
228 252 75
227 251 76
227 250 77
228 251 78
229 252 79
230 252 80
229 251 81
228 250 82
227 250 83
228 250 84
228 251 85
229 252 86
228 251 87
227 250 88
226 250 89
226 249 90
225 248 91
225 247 92
226 247 93
227 248 94
228 249 95
227 248 96
228 248 97
228 248 98
227 248 99
227 247 100
226 246 100
225 246 101
224 245 100
223 245 100
222 244 100
221 244 100
220 245 100
85
242 259 23
241 260 24
241 260 25
241 259 26
241 259 27
240 259 28
240 259 29
240 259 30
240 258 31
240 258 32
239 258 33
239 258 34
239 258 35
239 257 36
239 257 37
239 257 38
238 257 39
238 257 40
238 257 41
238 256 42
237 256 43
237 256 44
237 256 45
236 256 46
236 256 47
236 256 48
236 255 49
236 255 50
236 254 51
236 255 52
236 254 53
236 254 54
236 254 55
235 254 56
235 254 57
234 254 58
234 254 59
234 253 60
234 253 61
233 253 62
233 253 63
234 252 64
233 253 65
233 252 66
233 251 67
232 251 68
231 252 69
230 252 70
230 252 71
229 252 72
229 252 73
229 251 74
228 252 75
227 251 76
227 250 77
228 251 78
229 252 79
230 252 80
229 251 81
228 250 82
227 250 83
226 249 83
225 249 83
224 248 83
224 247 83
223 246 83
223 245 84
223 245 85
222 245 86
222 244 87
221 244 88
221 244 89
222 243 90
221 242 91
221 242 92
221 241 93
220 240 94
220 239 95
219 239 96
220 238 97
221 237 96
222 237 95
222 237 94
222 237 93
223 238 92
85
242 259 23
241 260 24
241 260 25
241 259 26
241 259 27
240 259 28
240 259 29
240 259 30
240 258 31
240 258 32
239 258 33
239 258 34
239 258 35
239 257 36
239 257 37
239 257 38
238 257 39
238 257 40
238 257 41
238 256 42
237 256 43
237 256 44
237 256 45
236 256 46
236 256 47
236 256 48
236 255 49
236 255 50
236 254 51
236 255 52
236 254 53
236 254 54
236 254 55
235 254 56
235 254 57
234 254 58
234 254 59
234 253 60
234 253 61
233 253 62
233 253 63
234 252 64
233 253 65
233 252 66
233 251 67
232 251 68
231 252 69
230 252 70
230 252 71
229 252 72
229 252 73
229 251 74
228 252 75
227 251 76
227 250 77
228 251 78
229 252 79
230 252 80
229 251 81
228 250 82
227 250 83
228 250 84
228 251 85
229 252 86
228 251 87
227 250 88
226 250 89
226 249 90
225 248 91
224 249 90
223 249 90
222 249 91
222 250 92
222 251 93
221 250 94
221 251 95
220 250 96
220 251 97
220 251 98
220 251 99
219 250 100
218 249 100
217 248 99
218 247 99
219 246 99
84
242 259 23
241 260 24
241 260 25
241 259 26
241 259 27
240 259 28
240 259 29
240 259 30
240 258 31
240 258 32
239 258 33
239 258 34
239 258 35
239 257 36
239 257 37
239 257 38
238 257 39
238 257 40
238 257 41
238 256 42
237 256 43
237 256 44
237 256 45
236 256 46
236 256 47
236 256 48
236 255 49
236 255 50
236 254 51
236 255 52
236 254 53
236 254 54
236 254 55
235 254 56
235 254 57
234 254 58
234 254 59
234 253 60
234 253 61
233 253 62
233 253 63
234 252 64
233 253 65
233 252 66
233 251 67
232 251 68
231 252 69
230 252 70
230 252 71
229 252 72
229 252 73
229 251 74
228 252 75
227 251 76
226 251 76
225 252 76
224 253 77
223 254 78
223 255 79
222 255 80
221 255 81
220 255 82
220 255 83
221 256 84
221 256 85
220 256 86
220 256 87
219 256 88
219 256 89
219 257 90
219 257 91
218 257 92
218 258 93
217 258 94
216 258 94
215 258 95
215 258 96
214 259 97
214 259 98
213 259 99
214 260 100
213 260 101
212 260 102
211 260 102
83
242 259 23
241 260 24
241 260 25
241 259 26
241 259 27
240 259 28
240 259 29
240 259 30
240 258 31
240 258 32
239 258 33
239 258 34
239 258 35
239 257 36
239 257 37
239 257 38
238 257 39
238 257 40
238 257 41
238 256 42
237 256 43
237 256 44
237 256 45
236 256 46
236 256 47
236 256 48
236 255 49
236 255 50
236 254 51
236 255 52
236 254 53
236 254 54
236 254 55
235 254 56
235 254 57
234 254 58
234 254 59
234 253 60
234 253 61
233 253 62
233 253 63
234 252 64
233 253 65
233 252 66
233 251 67
232 251 68
231 252 69
230 252 70
230 252 71
229 252 72
229 252 73
229 251 74
228 252 75
227 251 76
227 250 77
228 251 78
229 252 79
230 252 80
229 251 81
228 250 82
227 250 83
228 250 84
228 251 85
229 252 86
228 251 87
227 250 88
226 250 89
226 249 90
225 248 91
224 249 90
223 249 90
222 249 91
222 250 92
222 251 93
221 250 94
221 251 95
220 250 96
220 251 97
221 252 98
222 253 98
223 254 99
224 253 100
225 254 100
82
242 259 23
241 260 24
241 260 25
241 259 26
241 259 27
240 259 28
240 259 29
240 259 30
240 258 31
240 258 32
239 258 33
239 258 34
239 258 35
239 257 36
239 257 37
239 257 38
238 257 39
238 257 40
238 257 41
238 256 42
237 256 43
237 256 44
237 256 45
236 256 46
236 256 47
236 256 48
236 255 49
236 255 50
236 254 51
236 255 52
236 254 53
236 254 54
236 254 55
235 254 56
235 254 57
234 254 58
234 254 59
234 253 60
234 253 61
233 253 62
233 253 63
234 252 64
233 253 65
233 252 66
233 251 67
232 251 68
231 252 69
230 252 70
230 252 71
229 252 72
229 252 73
229 251 74
228 252 75
227 251 76
227 250 77
228 251 78
229 252 79
230 252 80
229 251 81
228 250 82
227 250 83
228 250 84
228 251 85
229 252 86
228 251 87
227 250 88
226 250 89
226 249 90
225 248 91
225 247 92
226 247 93
227 248 94
228 249 95
227 248 96
228 248 97
228 248 98
227 248 99
227 249 100
227 250 101
226 251 102
225 252 101
226 253 101
81
242 259 23
241 260 24
241 260 25
241 259 26
241 259 27
240 259 28
240 259 29
240 259 30
240 258 31
240 258 32
239 258 33
239 258 34
239 258 35
239 257 36
239 257 37
239 257 38
238 257 39
238 257 40
238 257 41
238 256 42
237 256 43
237 256 44
237 256 45
236 256 46
236 256 47
236 256 48
236 255 49
236 255 50
236 254 51
236 255 52
236 254 53
236 254 54
236 254 55
235 254 56
235 254 57
234 254 58
234 254 59
234 253 60
234 253 61
233 253 62
233 253 63
234 252 64
233 253 65
233 252 66
233 251 67
232 251 68
231 252 69
230 252 70
230 252 71
229 252 72
229 252 73
229 251 74
228 252 75
227 251 76
227 250 77
228 251 78
229 252 79
230 252 80
229 251 81
228 250 82
227 250 83
228 250 84
228 251 85
229 252 86
228 251 87
227 250 88
226 250 89
226 249 90
225 248 91
225 247 92
226 247 93
227 248 94
228 249 95
227 248 96
228 248 97
228 248 98
227 248 99
227 247 100
226 246 100
225 246 101
224 247 100
81
242 259 23
241 260 24
241 260 25
241 259 26
241 259 27
240 259 28
240 259 29
240 259 30
240 258 31
240 258 32
239 258 33
239 258 34
239 258 35
239 257 36
239 257 37
239 257 38
238 257 39
238 257 40
238 257 41
238 256 42
237 256 43
237 256 44
237 256 45
236 256 46
236 256 47
236 256 48
236 255 49
236 255 50
236 254 51
236 255 52
236 254 53
236 254 54
236 254 55
235 254 56
235 254 57
234 254 58
234 254 59
234 253 60
234 253 61
233 253 62
233 253 63
234 252 64
233 253 65
233 252 66
233 251 67
232 251 68
231 252 69
230 252 70
230 252 71
229 252 72
229 252 73
229 251 74
228 252 75
227 251 76
227 250 77
228 251 78
229 252 79
230 252 80
229 251 81
228 250 82
227 250 83
228 250 84
228 251 85
229 252 86
228 251 87
227 250 88
226 250 89
226 249 90
225 248 91
224 249 90
223 249 90
222 249 91
222 250 92
222 251 93
221 250 94
221 251 95
220 250 96
220 251 97
221 252 98
222 253 98
223 254 97
80
242 259 23
241 260 24
241 260 25
241 259 26
241 259 27
240 259 28
240 259 29
240 259 30
240 258 31
240 258 32
239 258 33
239 258 34
239 258 35
239 257 36
239 257 37
239 257 38
238 257 39
238 257 40
238 257 41
238 256 42
237 256 43
237 256 44
237 256 45
236 256 46
236 256 47
236 256 48
236 255 49
236 255 50
236 254 51
236 255 52
236 254 53
236 254 54
236 254 55
235 254 56
235 254 57
234 254 58
234 254 59
234 253 60
234 253 61
233 253 62
233 253 63
234 252 64
233 253 65
233 252 66
233 251 67
232 251 68
231 252 69
230 252 70
230 252 71
229 252 72
229 252 73
229 251 74
228 252 75
227 251 76
227 250 77
228 251 78
229 252 79
230 252 80
229 251 81
228 250 82
227 250 83
228 250 84
228 251 85
229 252 86
229 253 86
229 254 86
228 255 87
227 256 88
226 256 89
226 257 90
227 257 91
228 256 92
228 255 93
228 255 94
229 256 95
228 257 96
227 257 97
226 256 97
225 255 97
224 254 97
78
242 259 23
241 260 24
241 260 25
241 259 26
241 259 27
240 259 28
240 259 29
240 259 30
240 258 31
240 258 32
239 258 33
239 258 34
239 258 35
239 257 36
239 257 37
239 257 38
238 257 39
238 257 40
238 257 41
238 256 42
237 256 43
237 256 44
237 256 45
236 256 46
236 256 47
236 256 48
236 255 49
236 255 50
236 254 51
236 255 52
236 254 53
236 254 54
236 254 55
235 254 56
235 254 57
234 254 58
234 254 59
234 253 60
234 253 61
233 253 62
233 253 63
234 252 64
233 253 65
233 252 66
233 251 67
232 251 68
231 252 69
230 252 70
230 252 71
229 252 72
229 252 73
229 251 74
228 252 75
227 251 76
226 250 76
225 249 77
224 249 77
223 249 78
222 250 79
221 251 80
220 251 81
219 251 82
219 251 83
218 250 84
218 250 85
218 251 86
217 250 87
216 251 88
217 251 89
216 250 90
215 250 91
215 251 92
215 251 93
214 251 94
214 251 95
213 250 96
213 251 97
212 252 98
78
242 259 23
241 260 24
241 260 25
241 259 26
241 259 27
240 259 28
240 259 29
240 259 30
240 258 31
240 258 32
239 258 33
239 258 34
239 258 35
239 257 36
239 257 37
239 257 38
238 257 39
238 257 40
238 257 41
238 256 42
237 256 43
237 256 44
237 256 45
236 256 46
236 256 47
236 256 48
236 255 49
236 255 50
236 254 51
236 255 52
236 254 53
236 254 54
236 254 55
235 254 56
235 254 57
234 254 58
234 254 59
234 253 60
234 253 61
233 253 62
233 253 63
234 252 64
233 253 65
233 252 66
233 251 67
232 251 68
231 252 69
230 252 70
230 252 71
229 252 72
229 252 73
229 251 74
228 252 75
227 251 76
226 250 76
225 249 77
224 249 77
223 249 78
222 250 79
221 251 80
220 251 81
219 251 82
219 251 83
218 250 84
218 250 85
218 251 86
217 250 87
216 251 88
217 251 89
216 250 90
215 250 91
215 251 92
215 251 93
214 251 94
214 251 95
213 250 96
212 249 97
211 250 98
78
242 259 23
241 260 24
241 260 25
241 259 26
241 259 27
240 259 28
240 259 29
240 259 30
240 258 31
240 258 32
239 258 33
239 258 34
239 258 35
239 257 36
239 257 37
239 257 38
238 257 39
238 257 40
238 257 41
238 256 42
237 256 43
237 256 44
237 256 45
236 256 46
236 256 47
236 256 48
236 255 49
236 255 50
236 254 51
236 255 52
236 254 53
236 254 54
236 254 55
235 254 56
235 254 57
234 254 58
234 254 59
234 253 60
234 253 61
233 253 62
233 253 63
234 252 64
233 253 65
233 252 66
233 251 67
232 251 68
231 252 69
230 252 70
230 252 71
229 252 72
229 252 73
229 251 74
228 252 75
227 251 76
227 250 77
228 251 78
229 252 79
230 252 80
229 251 81
228 250 82
227 250 83
228 250 84
228 251 85
229 252 86
228 251 87
227 250 88
226 250 89
226 249 90
225 248 91
225 247 92
224 246 91
223 247 92
222 246 93
221 245 94
220 244 95
219 245 94
219 246 94
219 247 94
77
242 259 23
241 260 24
241 260 25
241 259 26
241 259 27
240 259 28
240 259 29
240 259 30
240 258 31
240 258 32
239 258 33
239 258 34
239 258 35
239 257 36
239 257 37
239 257 38
238 257 39
238 257 40
238 257 41
238 256 42
237 256 43
237 256 44
237 256 45
236 256 46
236 256 47
236 256 48
236 255 49
236 255 50
236 254 51
236 255 52
236 254 53
236 254 54
236 254 55
235 254 56
235 254 57
234 254 58
234 254 59
234 253 60
234 253 61
233 253 62
233 253 63
234 252 64
233 253 65
233 252 66
233 251 67
232 251 68
231 252 69
230 252 70
230 252 71
229 252 72
229 252 73
229 251 74
228 252 75
227 251 76
227 250 77
228 251 78
229 252 79
230 252 80
229 251 81
228 250 82
227 250 83
226 249 83
225 249 83
224 248 83
224 247 83
223 246 83
223 245 84
223 245 85
222 245 86
222 244 87
221 244 88
221 244 89
222 243 90
223 242 91
223 238 91
224 238 90
224 239 89
77
242 259 23
241 260 24
241 260 25
241 259 26
241 259 27
240 259 28
240 259 29
240 259 30
240 258 31
240 258 32
239 258 33
239 258 34
239 258 35
239 257 36
239 257 37
239 257 38
238 257 39
238 257 40
238 257 41
238 256 42
237 256 43
237 256 44
237 256 45
236 256 46
236 256 47
236 256 48
236 255 49
236 255 50
236 254 51
236 255 52
236 254 53
236 254 54
236 254 55
235 254 56
235 254 57
234 254 58
234 254 59
234 253 60
234 253 61
233 253 62
233 253 63
234 252 64
233 253 65
233 252 66
233 251 67
232 251 68
231 252 69
230 252 70
230 252 71
229 252 72
229 252 73
229 251 74
228 252 75
227 251 76
227 250 77
228 251 78
229 252 79
230 252 80
229 251 81
228 250 82
227 250 83
226 249 83
225 249 83
224 248 83
224 247 83
223 246 83
223 245 84
223 245 85
222 245 86
222 244 87
221 244 88
221 244 89
222 243 90
221 242 91
220 243 91
219 243 91
218 244 92
77
242 259 23
241 260 24
241 260 25
241 259 26
241 259 27
240 259 28
240 259 29
240 259 30
240 258 31
240 258 32
239 258 33
239 258 34
239 258 35
239 257 36
239 257 37
239 257 38
238 257 39
238 257 40
238 257 41
238 256 42
237 256 43
237 256 44
237 256 45
236 256 46
236 256 47
236 256 48
236 255 49
236 255 50
236 254 51
236 255 52
236 254 53
236 254 54
236 254 55
235 254 56
235 254 57
234 254 58
234 254 59
234 253 60
234 253 61
233 253 62
233 253 63
234 252 64
233 253 65
233 252 66
233 251 67
232 251 68
231 252 69
230 252 70
230 252 71
229 252 72
229 252 73
229 251 74
228 252 75
227 251 76
227 250 77
228 251 78
229 252 79
230 252 80
229 251 81
228 250 82
227 250 83
228 250 84
228 251 85
229 252 86
228 251 87
227 250 88
226 250 89
226 249 90
225 248 91
224 249 90
223 249 90
222 249 91
222 250 92
222 251 93
221 250 94
220 249 94
219 248 94
76
242 259 23
241 260 24
241 260 25
241 259 26
241 259 27
240 259 28
240 259 29
240 259 30
240 258 31
240 258 32
239 258 33
239 258 34
239 258 35
239 257 36
239 257 37
239 257 38
238 257 39
238 257 40
238 257 41
238 256 42
237 256 43
237 256 44
237 256 45
236 256 46
236 256 47
236 256 48
236 255 49
236 255 50
236 254 51
236 255 52
236 254 53
236 254 54
236 254 55
235 254 56
235 254 57
234 254 58
234 254 59
234 253 60
234 253 61
233 253 62
233 253 63
234 252 64
233 253 65
233 252 66
233 251 67
232 251 68
231 252 69
230 252 70
230 252 71
229 252 72
229 252 73
229 251 74
228 252 75
227 251 76
226 251 76
225 252 76
224 253 77
223 254 78
223 255 79
222 255 80
221 255 81
220 255 82
220 255 83
221 256 84
221 256 85
220 256 86
220 256 87
219 256 88
219 256 89
219 257 90
219 257 91
218 257 92
218 258 93
217 258 94
216 257 93
216 256 92
76
242 259 23
241 260 24
241 260 25
241 259 26
241 259 27
240 259 28
240 259 29
240 259 30
240 258 31
240 258 32
239 258 33
239 258 34
239 258 35
239 257 36
239 257 37
239 257 38
238 257 39
238 257 40
238 257 41
238 256 42
237 256 43
237 256 44
237 256 45
236 256 46
236 256 47
236 256 48
236 255 49
236 255 50
236 254 51
236 255 52
236 254 53
236 254 54
236 254 55
235 254 56
235 254 57
234 254 58
234 254 59
234 253 60
234 253 61
233 253 62
233 253 63
234 252 64
233 253 65
233 252 66
233 251 67
233 250 68
234 249 68
235 249 69
235 248 70
235 248 71
235 248 72
235 247 73
235 246 74
235 245 75
234 244 76
234 244 77
234 243 78
234 243 79
233 242 80
234 241 81
233 240 82
234 240 83
234 241 84
234 242 85
235 242 86
234 242 87
235 243 88
236 242 89
235 242 90
235 242 91
236 242 92
236 241 93
236 241 94
236 245 94
235 244 95
234 243 96
76
242 259 23
241 260 24
241 260 25
241 259 26
241 259 27
240 259 28
240 259 29
240 259 30
240 258 31
240 258 32
239 258 33
239 258 34
239 258 35
239 257 36
239 257 37
239 257 38
238 257 39
238 257 40
238 257 41
238 256 42
237 256 43
237 256 44
237 256 45
236 256 46
236 256 47
236 256 48
236 255 49
236 255 50
236 254 51
236 255 52
236 254 53
236 254 54
236 254 55
235 254 56
235 254 57
234 254 58
234 254 59
234 253 60
234 253 61
233 253 62
233 253 63
234 252 64
233 253 65
233 252 66
233 251 67
232 251 68
231 252 69
230 252 70
230 252 71
229 252 72
229 252 73
229 251 74
228 252 75
227 251 76
226 250 76
225 249 77
224 249 77
223 249 78
222 250 79
221 251 80
220 251 81
219 251 82
219 251 83
218 250 84
218 250 85
218 251 86
217 250 87
216 251 88
217 251 89
216 250 90
215 250 91
215 251 92
216 252 92
215 253 91
216 254 92
215 255 91
76
242 259 23
241 260 24
241 260 25
241 259 26
241 259 27
240 259 28
240 259 29
240 259 30
240 258 31
240 258 32
239 258 33
239 258 34
239 258 35
239 257 36
239 257 37
239 257 38
238 257 39
238 257 40
238 257 41
238 256 42
237 256 43
237 256 44
237 256 45
236 256 46
236 256 47
236 256 48
236 255 49
236 255 50
236 254 51
236 255 52
236 254 53
236 254 54
236 254 55
235 254 56
235 254 57
234 254 58
234 254 59
234 253 60
234 253 61
233 253 62
233 253 63
234 252 64
233 253 65
233 252 66
233 251 67
232 251 68
231 252 69
230 252 70
230 252 71
229 252 72
229 252 73
229 251 74
228 252 75
227 251 76
227 250 77
228 251 78
229 252 79
230 252 80
229 251 81
228 250 82
227 250 83
228 250 84
228 251 85
229 252 86
229 253 86
229 254 86
228 255 87
227 256 88
226 256 89
226 257 90
227 257 91
228 256 92
228 255 93
228 254 94
228 253 94
229 252 94
75
242 259 23
241 260 24
241 260 25
241 259 26
241 259 27
240 259 28
240 259 29
240 259 30
240 258 31
240 258 32
239 258 33
239 258 34
239 258 35
239 257 36
239 257 37
239 257 38
238 257 39
238 257 40
238 257 41
238 256 42
237 256 43
237 256 44
237 256 45
236 256 46
236 256 47
236 256 48
236 255 49
236 255 50
236 254 51
236 255 52
236 254 53
236 254 54
236 254 55
235 254 56
235 254 57
234 254 58
234 254 59
234 253 60
234 253 61
233 253 62
233 253 63
234 252 64
233 253 65
233 252 66
233 251 67
233 250 68
234 249 68
235 249 69
235 248 70
235 248 71
235 248 72
235 247 73
235 246 74
235 245 75
234 244 76
234 244 77
234 243 78
234 243 79
233 242 80
234 241 81
233 240 82
234 240 83
235 240 84
234 239 85
234 238 86
234 237 87
234 237 88
233 236 89
233 235 90
232 234 91
231 235 91
230 234 91
229 234 91
228 233 92
228 233 93
75
242 259 23
241 260 24
241 260 25
241 259 26
241 259 27
240 259 28
240 259 29
240 259 30
240 258 31
240 258 32
239 258 33
239 258 34
239 258 35
239 257 36
239 257 37
239 257 38
238 257 39
238 257 40
238 257 41
238 256 42
237 256 43
237 256 44
237 256 45
236 256 46
236 256 47
236 256 48
236 255 49
236 255 50
236 254 51
236 255 52
236 254 53
236 254 54
236 254 55
235 254 56
235 254 57
234 254 58
234 254 59
234 253 60
234 253 61
233 253 62
233 253 63
234 252 64
233 253 65
233 252 66
233 251 67
232 251 68
231 252 69
230 252 70
230 252 71
229 252 72
229 252 73
229 251 74
228 252 75
227 251 76
227 250 77
228 251 78
229 252 79
230 252 80
229 251 81
228 250 82
227 250 83
228 250 84
228 251 85
229 252 86
228 251 87
227 250 88
226 250 89
226 249 90
225 248 91
225 247 92
226 247 93
227 248 94
228 249 95
229 250 94
229 251 94
74
242 259 23
241 260 24
241 260 25
241 259 26
241 259 27
240 259 28
240 259 29
240 259 30
240 258 31
240 258 32
239 258 33
239 258 34
239 258 35
239 257 36
239 257 37
239 257 38
238 257 39
238 257 40
238 257 41
238 256 42
237 256 43
237 256 44
237 256 45
236 256 46
236 256 47
236 256 48
236 255 49
236 255 50
236 254 51
236 255 52
236 254 53
236 254 54
236 254 55
235 254 56
235 254 57
234 254 58
234 254 59
234 253 60
234 253 61
233 253 62
233 253 63
234 252 64
233 253 65
233 252 66
233 251 67
232 251 68
231 252 69
230 252 70
230 252 71
229 252 72
229 252 73
229 251 74
228 252 75
227 251 76
226 250 76
225 249 77
224 249 77
223 249 78
222 250 79
221 251 80
220 251 81
219 251 82
219 251 83
218 250 84
218 250 85
218 251 86
217 250 87
216 251 88
217 251 89
216 250 90
215 250 91
215 251 92
216 252 92
217 253 93
74
242 259 23
241 260 24
241 260 25
241 259 26
241 259 27
240 259 28
240 259 29
240 259 30
240 258 31
240 258 32
239 258 33
239 258 34
239 258 35
239 257 36
239 257 37
239 257 38
238 257 39
238 257 40
238 257 41
238 256 42
237 256 43
237 256 44
237 256 45
236 256 46
236 256 47
236 256 48
236 255 49
236 255 50
236 254 51
236 255 52
236 254 53
236 254 54
236 254 55
235 254 56
235 254 57
234 254 58
234 254 59
234 253 60
234 253 61
233 253 62
233 253 63
234 252 64
233 253 65
233 252 66
233 251 67
232 251 68
231 252 69
230 252 70
230 252 71
229 252 72
229 252 73
229 251 74
228 252 75
227 251 76
227 250 77
228 251 78
229 252 79
230 252 80
229 251 81
228 250 82
227 250 83
226 249 83
225 249 83
224 248 83
224 247 83
223 246 83
223 245 84
223 245 85
222 245 86
222 244 87
221 244 88
220 245 88
220 246 87
221 247 88
74
242 259 23
241 260 24
241 260 25
241 259 26
241 259 27
240 259 28
240 259 29
240 259 30
240 258 31
240 258 32
239 258 33
239 258 34
239 258 35
239 257 36
239 257 37
239 257 38
238 257 39
238 257 40
238 257 41
238 256 42
237 256 43
237 256 44
237 256 45
236 256 46
236 256 47
236 256 48
236 255 49
236 255 50
236 254 51
236 255 52
236 254 53
236 254 54
236 254 55
235 254 56
235 254 57
234 254 58
234 254 59
234 253 60
234 253 61
233 253 62
233 253 63
234 252 64
233 253 65
233 252 66
233 251 67
233 250 68
234 249 68
235 249 69
235 248 70
235 248 71
235 248 72
235 247 73
235 246 74
235 245 75
234 244 76
234 244 77
234 243 78
234 243 79
233 242 80
234 241 81
233 240 82
234 240 83
234 241 84
234 242 85
235 242 86
234 242 87
235 243 88
236 242 89
235 242 90
235 242 91
236 242 92
236 241 93
236 241 94
236 245 94
74
242 259 23
241 260 24
241 260 25
241 259 26
241 259 27
240 259 28
240 259 29
240 259 30
240 258 31
240 258 32
239 258 33
239 258 34
239 258 35
239 257 36
239 257 37
239 257 38
238 257 39
238 257 40
238 257 41
238 256 42
237 256 43
237 256 44
237 256 45
236 256 46
236 256 47
236 256 48
236 255 49
236 255 50
236 254 51
236 255 52
236 254 53
236 254 54
236 254 55
235 254 56
235 254 57
234 254 58
234 254 59
234 253 60
234 253 61
233 253 62
233 253 63
234 252 64
233 253 65
233 252 66
233 251 67
232 251 68
231 252 69
230 252 70
230 252 71
229 252 72
229 252 73
229 251 74
228 252 75
227 251 76
227 250 77
228 251 78
229 252 79
230 252 80
229 251 81
228 250 82
227 250 83
226 249 83
225 249 83
224 248 83
224 247 83
223 246 83
223 245 84
223 245 85
222 245 86
222 244 87
221 244 88
220 245 88
219 246 88
219 247 89
74
242 259 23
241 260 24
241 260 25
241 259 26
241 259 27
240 259 28
240 259 29
240 259 30
240 258 31
240 258 32
239 258 33
239 258 34
239 258 35
239 257 36
239 257 37
239 257 38
238 257 39
238 257 40
238 257 41
238 256 42
237 256 43
237 256 44
237 256 45
236 256 46
236 256 47
236 256 48
236 255 49
236 255 50
236 254 51
236 255 52
236 254 53
236 254 54
236 254 55
235 254 56
235 254 57
234 254 58
234 254 59
234 253 60
234 253 61
233 253 62
233 253 63
234 252 64
233 253 65
233 252 66
233 251 67
232 251 68
231 252 69
230 252 70
230 252 71
229 252 72
229 252 73
229 251 74
228 252 75
227 251 76
227 250 77
228 251 78
229 252 79
230 252 80
229 251 81
228 250 82
227 250 83
228 250 84
228 251 85
229 252 86
228 251 87
227 250 88
226 250 89
226 249 90
225 248 91
225 247 92
224 246 91
225 245 91
225 244 91
224 243 90
73
242 259 23
241 260 24
241 260 25
241 259 26
241 259 27
240 259 28
240 259 29
240 259 30
240 258 31
240 258 32
239 258 33
239 258 34
239 258 35
239 257 36
239 257 37
239 257 38
238 257 39
238 257 40
238 257 41
238 256 42
237 256 43
237 256 44
237 256 45
236 256 46
236 256 47
236 256 48
236 255 49
236 255 50
236 254 51
236 255 52
236 254 53
236 254 54
236 254 55
235 254 56
235 254 57
234 254 58
234 254 59
234 253 60
234 253 61
233 253 62
233 253 63
234 252 64
233 253 65
233 252 66
233 251 67
233 250 68
234 249 68
235 249 69
235 248 70
235 248 71
235 248 72
235 247 73
235 246 74
235 245 75
234 244 76
234 244 77
234 243 78
234 243 79
233 242 80
234 241 81
233 240 82
234 240 83
234 241 84
234 242 85
235 242 86
234 242 87
235 243 88
236 242 89
235 242 90
235 242 91
234 242 92
233 241 93
233 241 94
73
242 259 23
241 260 24
241 260 25
241 259 26
241 259 27
240 259 28
240 259 29
240 259 30
240 258 31
240 258 32
239 258 33
239 258 34
239 258 35
239 257 36
239 257 37
239 257 38
238 257 39
238 257 40
238 257 41
238 256 42
237 256 43
237 256 44
237 256 45
236 256 46
236 256 47
236 256 48
236 255 49
236 255 50
236 254 51
236 255 52
236 254 53
236 254 54
236 254 55
235 254 56
235 254 57
234 254 58
234 254 59
234 253 60
234 253 61
233 253 62
233 253 63
234 252 64
233 253 65
233 252 66
233 251 67
232 251 68
231 252 69
230 252 70
230 252 71
229 252 72
229 252 73
229 251 74
228 252 75
227 251 76
227 250 77
228 251 78
229 252 79
230 252 80
229 251 81
228 250 82
227 250 83
226 249 83
225 249 83
224 248 83
224 247 83
223 246 83
223 245 84
223 245 85
222 245 86
223 245 87
224 244 87
225 244 88
226 245 89
73
242 259 23
241 260 24
241 260 25
241 259 26
241 259 27
240 259 28
240 259 29
240 259 30
240 258 31
240 258 32
239 258 33
239 258 34
239 258 35
239 257 36
239 257 37
239 257 38
238 257 39
238 257 40
238 257 41
238 256 42
237 256 43
237 256 44
237 256 45
236 256 46
236 256 47
236 256 48
236 255 49
236 255 50
236 254 51
236 255 52
236 254 53
236 254 54
236 254 55
235 254 56
235 254 57
234 254 58
234 254 59
234 253 60
234 253 61
233 253 62
233 253 63
234 252 64
233 253 65
233 252 66
233 251 67
232 251 68
231 252 69
230 252 70
230 252 71
229 252 72
229 252 73
229 251 74
228 252 75
227 251 76
227 250 77
228 251 78
229 252 79
230 252 80
229 251 81
228 250 82
227 250 83
228 250 84
228 251 85
229 252 86
228 251 87
227 250 88
226 250 89
226 249 90
225 248 91
224 249 90
223 249 90
222 249 91
221 248 91
73
242 259 23
241 260 24
241 260 25
241 259 26
241 259 27
240 259 28
240 259 29
240 259 30
240 258 31
240 258 32
239 258 33
239 258 34
239 258 35
239 257 36
239 257 37
239 257 38
238 257 39
238 257 40
238 257 41
238 256 42
237 256 43
237 256 44
237 256 45
236 256 46
236 256 47
236 256 48
236 255 49
236 255 50
236 254 51
236 255 52
236 254 53
236 254 54
236 254 55
235 254 56
235 254 57
234 254 58
234 254 59
234 253 60
234 253 61
233 253 62
233 253 63
234 252 64
233 253 65
233 252 66
233 251 67
233 250 68
234 249 68
235 249 69
235 248 70
235 248 71
235 248 72
235 247 73
235 246 74
235 245 75
234 244 76
234 244 77
234 243 78
234 243 79
233 242 80
234 241 81
233 240 82
234 240 83
234 241 84
234 242 85
235 242 86
234 242 87
235 243 88
236 242 89
235 242 90
235 242 91
236 242 92
236 241 93
236 241 94
73
242 259 23
241 260 24
241 260 25
241 259 26
241 259 27
240 259 28
240 259 29
240 259 30
240 258 31
240 258 32
239 258 33
239 258 34
239 258 35
239 257 36
239 257 37
239 257 38
238 257 39
238 257 40
238 257 41
238 256 42
237 256 43
237 256 44
237 256 45
236 256 46
236 256 47
236 256 48
236 255 49
236 255 50
236 254 51
236 255 52
236 254 53
236 254 54
236 254 55
235 254 56
235 254 57
234 254 58
234 254 59
234 253 60
234 253 61
233 253 62
233 253 63
234 252 64
233 253 65
233 252 66
233 251 67
232 251 68
231 252 69
230 252 70
230 252 71
229 252 72
229 252 73
229 251 74
228 252 75
227 251 76
227 250 77
228 251 78
229 252 79
230 252 80
229 251 81
228 250 82
227 250 83
228 250 84
228 251 85
229 252 86
228 251 87
227 250 88
226 250 89
226 249 90
225 248 91
225 247 92
224 246 91
225 245 91
226 246 90
73
242 259 23
241 260 24
241 260 25
241 259 26
241 259 27
240 259 28
240 259 29
240 259 30
240 258 31
240 258 32
239 258 33
239 258 34
239 258 35
239 257 36
239 257 37
239 257 38
238 257 39
238 257 40
238 257 41
238 256 42
237 256 43
237 256 44
237 256 45
236 256 46
236 256 47
236 256 48
236 255 49
236 255 50
236 254 51
236 255 52
236 254 53
236 254 54
236 254 55
235 254 56
235 254 57
234 254 58
234 254 59
234 253 60
234 253 61
233 253 62
233 253 63
234 252 64
233 253 65
233 252 66
233 251 67
232 251 68
231 252 69
230 252 70
230 252 71
229 252 72
229 252 73
229 251 74
228 252 75
227 251 76
227 250 77
228 251 78
229 252 79
230 252 80
229 251 81
228 250 82
227 250 83
228 250 84
228 251 85
229 252 86
229 253 86
229 254 86
228 255 87
227 256 88
226 256 89
226 257 90
227 257 91
226 258 92
226 259 93
72
242 259 23
241 260 24
241 260 25
241 259 26
241 259 27
240 259 28
240 259 29
240 259 30
240 258 31
240 258 32
239 258 33
239 258 34
239 258 35
239 257 36
239 257 37
239 257 38
238 257 39
238 257 40
238 257 41
238 256 42
237 256 43
237 256 44
237 256 45
236 256 46
236 256 47
236 256 48
236 255 49
236 255 50
236 254 51
236 255 52
236 254 53
236 254 54
236 254 55
235 254 56
235 254 57
234 254 58
234 254 59
234 253 60
234 253 61
233 253 62
233 253 63
234 252 64
233 253 65
233 252 66
233 251 67
232 251 68
231 252 69
230 252 70
230 252 71
229 252 72
229 252 73
229 251 74
228 252 75
227 251 76
227 250 77
228 251 78
229 252 79
230 252 80
229 251 81
228 250 82
227 250 83
228 250 84
228 251 85
229 252 86
229 253 86
229 254 86
228 255 87
227 256 88
226 256 89
225 256 90
224 256 91
225 255 92
72
242 259 23
241 260 24
241 260 25
241 259 26
241 259 27
240 259 28
240 259 29
240 259 30
240 258 31
240 258 32
239 258 33
239 258 34
239 258 35
239 257 36
239 257 37
239 257 38
238 257 39
238 257 40
238 257 41
238 256 42
237 256 43
237 256 44
237 256 45
236 256 46
236 256 47
236 256 48
236 255 49
236 255 50
236 254 51
236 255 52
236 254 53
236 254 54
236 254 55
235 254 56
235 254 57
234 254 58
234 254 59
234 253 60
234 253 61
233 253 62
233 253 63
234 252 64
233 253 65
233 252 66
233 251 67
232 251 68
231 252 69
230 252 70
230 252 71
229 252 72
229 252 73
229 251 74
228 252 75
227 251 76
227 250 77
228 251 78
229 252 79
230 252 80
229 251 81
228 250 82
227 250 83
228 250 84
228 251 85
229 252 86
228 251 87
227 250 88
226 250 89
226 249 90
225 248 91
225 247 92
224 246 91
223 245 90
71
242 259 23
241 260 24
241 260 25
241 259 26
241 259 27
240 259 28
240 259 29
240 259 30
240 258 31
240 258 32
239 258 33
239 258 34
239 258 35
239 257 36
239 257 37
239 257 38
238 257 39
238 257 40
238 257 41
238 256 42
237 256 43
237 256 44
237 256 45
236 256 46
236 256 47
236 256 48
236 255 49
236 255 50
236 254 51
236 255 52
236 254 53
236 254 54
236 254 55
235 254 56
235 254 57
234 254 58
234 254 59
234 253 60
234 253 61
233 253 62
233 253 63
234 252 64
233 253 65
233 252 66
233 251 67
232 251 68
231 252 69
230 252 70
230 252 71
229 252 72
229 252 73
229 251 74
228 252 75
227 251 76
227 250 77
228 251 78
229 252 79
230 252 80
229 251 81
228 250 82
227 250 83
226 249 83
225 249 83
224 248 83
224 247 83
223 246 83
223 245 84
223 245 85
222 245 86
223 245 87
224 246 88
71
242 259 23
241 260 24
241 260 25
241 259 26
241 259 27
240 259 28
240 259 29
240 259 30
240 258 31
240 258 32
239 258 33
239 258 34
239 258 35
239 257 36
239 257 37
239 257 38
238 257 39
238 257 40
238 257 41
238 256 42
237 256 43
237 256 44
237 256 45
236 256 46
236 256 47
236 256 48
236 255 49
236 255 50
236 254 51
236 255 52
236 254 53
236 254 54
236 254 55
235 254 56
235 254 57
234 254 58
234 254 59
234 253 60
234 253 61
233 253 62
233 253 63
234 252 64
233 253 65
233 252 66
233 251 67
232 251 68
231 252 69
230 252 70
230 252 71
229 252 72
229 252 73
229 251 74
228 252 75
227 251 76
227 250 77
228 251 78
229 252 79
230 252 80
229 251 81
228 250 82
227 250 83
228 250 84
228 251 85
229 252 86
228 251 87
227 250 88
226 250 89
225 250 88
224 249 88
224 248 88
224 247 88
71
242 259 23
241 260 24
241 260 25
241 259 26
241 259 27
240 259 28
240 259 29
240 259 30
240 258 31
240 258 32
239 258 33
239 258 34
239 258 35
239 257 36
239 257 37
239 257 38
238 257 39
238 257 40
238 257 41
238 256 42
237 256 43
237 256 44
237 256 45
236 256 46
236 256 47
236 256 48
236 255 49
236 255 50
236 254 51
236 255 52
236 254 53
236 254 54
236 254 55
235 254 56
235 254 57
234 254 58
234 254 59
234 253 60
234 253 61
233 253 62
233 253 63
234 252 64
233 253 65
233 252 66
233 251 67
232 251 68
231 252 69
230 252 70
230 252 71
229 252 72
229 252 73
229 251 74
228 252 75
227 251 76
226 250 76
225 249 77
224 249 77
223 249 78
222 250 79
221 251 80
220 251 81
219 251 82
219 251 83
218 250 84
218 250 85
218 251 86
219 252 86
218 253 86
217 254 87
217 254 88
218 253 89
71
242 259 23
241 260 24
241 260 25
241 259 26
241 259 27
240 259 28
240 259 29
240 259 30
240 258 31
240 258 32
239 258 33
239 258 34
239 258 35
239 257 36
239 257 37
239 257 38
238 257 39
238 257 40
238 257 41
238 256 42
237 256 43
237 256 44
237 256 45
236 256 46
236 256 47
236 256 48
236 255 49
236 255 50
236 254 51
236 255 52
236 254 53
236 254 54
236 254 55
235 254 56
235 254 57
234 254 58
234 254 59
234 253 60
234 253 61
233 253 62
233 253 63
234 252 64
233 253 65
233 252 66
233 251 67
232 251 68
231 252 69
230 252 70
230 252 71
229 252 72
229 252 73
229 251 74
228 252 75
227 251 76
227 250 77
228 251 78
229 252 79
230 252 80
229 251 81
228 250 82
227 250 83
228 250 84
228 251 85
229 252 86
228 251 87
227 250 88
226 250 89
226 251 90
226 252 91
226 253 92
226 254 93
70
242 259 23
241 260 24
241 260 25
241 259 26
241 259 27
240 259 28
240 259 29
240 259 30
240 258 31
240 258 32
239 258 33
239 258 34
239 258 35
239 257 36
239 257 37
239 257 38
238 257 39
238 257 40
238 257 41
238 256 42
237 256 43
237 256 44
237 256 45
236 256 46
236 256 47
236 256 48
236 255 49
236 255 50
236 254 51
236 255 52
236 254 53
236 254 54
236 254 55
235 254 56
235 254 57
234 254 58
234 254 59
234 253 60
234 253 61
233 253 62
233 253 63
234 252 64
233 253 65
233 252 66
233 251 67
232 251 68
231 252 69
230 252 70
230 252 71
229 252 72
229 252 73
229 251 74
228 252 75
227 251 76
227 250 77
228 251 78
229 252 79
230 252 80
229 251 81
228 250 82
227 250 83
228 250 84
228 251 85
229 252 86
229 253 86
229 254 86
228 255 87
227 256 88
226 256 89
225 255 88
70
242 259 23
241 260 24
241 260 25
241 259 26
241 259 27
240 259 28
240 259 29
240 259 30
240 258 31
240 258 32
239 258 33
239 258 34
239 258 35
239 257 36
239 257 37
239 257 38
238 257 39
238 257 40
238 257 41
238 256 42
237 256 43
237 256 44
237 256 45
236 256 46
236 256 47
236 256 48
236 255 49
236 255 50
236 254 51
236 255 52
236 254 53
236 254 54
236 254 55
235 254 56
235 254 57
234 254 58
234 254 59
234 253 60
234 253 61
233 253 62
233 253 63
234 252 64
233 253 65
233 252 66
233 251 67
232 251 68
231 252 69
230 252 70
230 252 71
229 252 72
229 252 73
229 251 74
228 252 75
227 251 76
226 250 76
225 249 77
224 249 77
223 249 78
222 250 79
221 251 80
220 251 81
219 251 82
219 251 83
218 250 84
218 250 85
218 251 86
217 250 87
216 251 88
217 251 89
218 252 90
70
242 259 23
241 260 24
241 260 25
241 259 26
241 259 27
240 259 28
240 259 29
240 259 30
240 258 31
240 258 32
239 258 33
239 258 34
239 258 35
239 257 36
239 257 37
239 257 38
238 257 39
238 257 40
238 257 41
238 256 42
237 256 43
237 256 44
237 256 45
236 256 46
236 256 47
236 256 48
236 255 49
236 255 50
236 254 51
236 255 52
236 254 53
236 254 54
236 254 55
235 254 56
235 254 57
234 254 58
234 254 59
234 253 60
234 253 61
233 253 62
233 253 63
234 252 64
233 253 65
233 252 66
233 251 67
232 251 68
231 252 69
230 252 70
230 252 71
229 252 72
229 252 73
229 251 74
228 252 75
227 251 76
227 250 77
228 251 78
229 252 79
230 252 80
229 251 81
228 250 82
227 250 83
228 250 84
228 251 85
229 252 86
228 251 87
227 250 88
226 251 88
226 252 88
226 253 88
225 254 88
70
242 259 23
241 260 24
241 260 25
241 259 26
241 259 27
240 259 28
240 259 29
240 259 30
240 258 31
240 258 32
239 258 33
239 258 34
239 258 35
239 257 36
239 257 37
239 257 38
238 257 39
238 257 40
238 257 41
238 256 42
237 256 43
237 256 44
237 256 45
236 256 46
236 256 47
236 256 48
236 255 49
236 255 50
236 254 51
236 255 52
236 254 53
236 254 54
236 254 55
235 254 56
235 254 57
234 254 58
234 254 59
234 253 60
234 253 61
233 253 62
233 253 63
234 252 64
233 253 65
233 252 66
233 251 67
233 250 68
234 249 68
235 249 69
235 248 70
235 248 71
235 248 72
235 247 73
235 246 74
235 245 75
234 244 76
234 244 77
234 243 78
234 243 79
233 242 80
234 241 81
233 240 82
234 240 83
234 241 84
234 242 85
235 242 86
234 242 87
235 243 88
236 242 89
235 242 90
234 242 90
68
242 259 23
241 260 24
241 260 25
241 259 26
241 259 27
240 259 28
240 259 29
240 259 30
240 258 31
240 258 32
239 258 33
239 258 34
239 258 35
239 257 36
239 257 37
239 257 38
238 257 39
238 257 40
238 257 41
238 256 42
237 256 43
237 256 44
237 256 45
236 256 46
236 256 47
236 256 48
236 255 49
236 255 50
236 254 51
236 255 52
236 254 53
236 254 54
236 254 55
235 254 56
235 254 57
234 254 58
234 254 59
234 253 60
234 253 61
233 253 62
233 253 63
234 252 64
233 253 65
233 252 66
233 251 67
232 251 68
231 252 69
230 252 70
230 252 71
229 252 72
229 252 73
229 251 74
228 252 75
227 251 76
227 250 77
228 251 78
229 252 79
230 252 80
229 251 81
228 250 82
227 250 83
228 250 84
228 251 85
229 252 86
229 253 86
229 254 86
230 255 85
231 256 85
67
242 259 23
241 260 24
241 260 25
241 259 26
241 259 27
240 259 28
240 259 29
240 259 30
240 258 31
240 258 32
239 258 33
239 258 34
239 258 35
239 257 36
239 257 37
239 257 38
238 257 39
238 257 40
238 257 41
238 256 42
237 256 43
237 256 44
237 256 45
236 256 46
236 256 47
236 256 48
236 255 49
236 255 50
236 254 51
236 255 52
236 254 53
236 254 54
236 254 55
235 254 56
235 254 57
234 254 58
234 254 59
234 253 60
234 253 61
233 253 62
233 253 63
234 252 64
233 253 65
233 252 66
233 251 67
233 250 68
234 249 68
235 249 69
235 248 70
235 248 71
235 248 72
235 247 73
235 246 74
235 245 75
234 244 76
234 244 77
234 243 78
234 243 79
233 242 80
234 241 81
233 240 82
234 240 83
234 241 84
234 242 85
235 242 86
236 243 85
235 244 86
65
242 259 23
241 260 24
241 260 25
241 259 26
241 259 27
240 259 28
240 259 29
240 259 30
240 258 31
240 258 32
239 258 33
239 258 34
239 258 35
239 257 36
239 257 37
239 257 38
238 257 39
238 257 40
238 257 41
238 256 42
237 256 43
237 256 44
237 256 45
236 256 46
236 256 47
236 256 48
236 255 49
236 255 50
236 254 51
236 255 52
236 254 53
236 254 54
236 254 55
235 254 56
235 254 57
234 254 58
234 254 59
234 253 60
234 253 61
233 253 62
233 253 63
234 252 64
233 253 65
233 252 66
233 251 67
233 250 68
234 249 68
235 249 69
235 248 70
235 248 71
235 248 72
235 247 73
235 246 74
235 245 75
234 244 76
234 244 77
234 243 78
234 243 79
233 242 80
234 241 81
233 240 82
234 240 83
235 240 84
236 241 84
236 242 84
64
242 259 23
241 260 24
241 260 25
241 259 26
241 259 27
240 259 28
240 259 29
240 259 30
240 258 31
240 258 32
239 258 33
239 258 34
239 258 35
239 257 36
239 257 37
239 257 38
238 257 39
238 257 40
238 257 41
238 256 42
237 256 43
237 256 44
237 256 45
236 256 46
236 256 47
236 256 48
236 255 49
236 255 50
236 254 51
236 255 52
236 254 53
236 254 54
236 254 55
235 254 56
235 254 57
234 254 58
234 254 59
234 253 60
234 253 61
233 253 62
233 253 63
234 252 64
233 253 65
233 252 66
233 251 67
232 251 68
231 252 69
230 252 70
230 252 71
229 252 72
229 252 73
229 251 74
228 252 75
227 251 76
227 250 77
228 251 78
229 252 79
230 252 80
229 251 81
228 250 82
229 251 83
230 252 83
230 253 83
230 254 83
63
242 259 23
241 260 24
241 260 25
241 259 26
241 259 27
240 259 28
240 259 29
240 259 30
240 258 31
240 258 32
239 258 33
239 258 34
239 258 35
239 257 36
239 257 37
239 257 38
238 257 39
238 257 40
238 257 41
238 256 42
237 256 43
237 256 44
237 256 45
236 256 46
236 256 47
236 256 48
236 255 49
236 255 50
236 254 51
236 255 52
236 254 53
236 254 54
236 254 55
235 254 56
235 254 57
234 254 58
234 254 59
234 253 60
234 253 61
233 253 62
233 253 63
234 252 64
233 253 65
233 252 66
233 251 67
232 251 68
231 252 69
230 252 70
230 252 71
229 252 72
229 252 73
229 251 74
228 250 74
228 249 74
228 248 74
227 247 75
228 246 75
228 245 75
228 244 76
227 244 77
227 243 78
227 243 79
226 243 80
62
242 259 23
241 260 24
241 260 25
241 259 26
241 259 27
240 259 28
240 259 29
240 259 30
240 258 31
240 258 32
239 258 33
239 258 34
239 258 35
239 257 36
239 257 37
239 257 38
238 257 39
238 257 40
238 257 41
238 256 42
237 256 43
237 256 44
237 256 45
236 256 46
236 256 47
236 256 48
236 255 49
236 255 50
236 254 51
236 255 52
236 254 53
236 254 54
236 254 55
235 254 56
235 254 57
234 254 58
234 254 59
234 253 60
234 253 61
233 253 62
233 253 63
234 252 64
233 253 65
233 252 66
233 251 67
232 251 68
231 252 69
230 252 70
230 252 71
229 252 72
229 252 73
229 251 74
228 252 75
227 251 76
226 251 76
225 252 76
224 253 77
223 254 78
223 255 79
224 254 80
225 253 81
226 252 82
62
242 259 23
241 260 24
241 260 25
241 259 26
241 259 27
240 259 28
240 259 29
240 259 30
240 258 31
240 258 32
239 258 33
239 258 34
239 258 35
239 257 36
239 257 37
239 257 38
238 257 39
238 257 40
238 257 41
238 256 42
237 256 43
237 256 44
237 256 45
236 256 46
236 256 47
236 256 48
236 255 49
236 255 50
236 254 51
236 255 52
236 254 53
236 254 54
236 254 55
235 254 56
235 254 57
234 254 58
234 254 59
234 253 60
234 253 61
233 253 62
233 253 63
234 252 64
233 253 65
233 252 66
233 251 67
232 251 68
231 252 69
230 252 70
230 252 71
229 252 72
229 252 73
229 251 74
228 252 75
228 253 76
228 253 77
229 254 78
229 255 79
230 255 80
229 256 81
228 256 83
229 257 84
230 257 84
60
242 259 23
241 260 24
241 260 25
241 259 26
241 259 27
240 259 28
240 259 29
240 259 30
240 258 31
240 258 32
239 258 33
239 258 34
239 258 35
239 257 36
239 257 37
239 257 38
238 257 39
238 257 40
238 257 41
238 256 42
237 256 43
237 256 44
237 256 45
236 256 46
236 256 47
236 256 48
236 255 49
236 255 50
236 254 51
236 255 52
236 254 53
236 254 54
236 254 55
235 254 56
235 254 57
234 254 58
234 254 59
234 253 60
234 253 61
233 253 62
233 253 63
234 252 64
233 253 65
233 252 66
233 251 67
232 251 68
231 252 69
230 252 70
230 252 71
229 252 72
229 252 73
229 251 74
228 250 74
228 249 74
228 248 74
227 247 75
228 246 75
228 245 75
228 244 76
229 245 77
60
242 259 23
241 260 24
241 260 25
241 259 26
241 259 27
240 259 28
240 259 29
240 259 30
240 258 31
240 258 32
239 258 33
239 258 34
239 258 35
239 257 36
239 257 37
239 257 38
238 257 39
238 257 40
238 257 41
238 256 42
237 256 43
237 256 44
237 256 45
236 256 46
236 256 47
236 256 48
236 255 49
236 255 50
236 254 51
236 255 52
236 254 53
236 254 54
236 254 55
235 254 56
235 254 57
234 254 58
234 254 59
234 253 60
234 253 61
233 253 62
233 253 63
234 252 64
233 253 65
233 252 66
233 251 67
232 251 68
231 252 69
230 252 70
230 252 71
229 252 72
229 252 73
229 251 74
228 252 75
228 253 76
228 253 77
229 254 78
229 255 79
230 255 80
229 256 81
229 255 83
60
242 259 23
241 260 24
241 260 25
241 259 26
241 259 27
240 259 28
240 259 29
240 259 30
240 258 31
240 258 32
239 258 33
239 258 34
239 258 35
239 257 36
239 257 37
239 257 38
238 257 39
238 257 40
238 257 41
238 256 42
237 256 43
237 256 44
237 256 45
236 256 46
236 256 47
236 256 48
236 255 49
236 255 50
236 254 51
236 255 52
236 254 53
236 254 54
236 254 55
235 254 56
235 254 57
234 254 58
234 254 59
234 253 60
234 253 61
233 253 62
233 253 63
234 252 64
233 253 65
233 252 66
233 251 67
232 251 68
231 252 69
230 252 70
230 252 71
229 252 72
229 252 73
229 251 74
228 252 75
227 253 75
227 254 76
226 255 77
227 256 78
226 257 79
227 258 80
228 257 81
59
242 259 23
241 260 24
241 260 25
241 259 26
241 259 27
240 259 28
240 259 29
240 259 30
240 258 31
240 258 32
239 258 33
239 258 34
239 258 35
239 257 36
239 257 37
239 257 38
238 257 39
238 257 40
238 257 41
238 256 42
237 256 43
237 256 44
237 256 45
236 256 46
236 256 47
236 256 48
236 255 49
236 255 50
236 254 51
236 255 52
236 254 53
236 254 54
236 254 55
235 254 56
235 254 57
234 254 58
234 254 59
234 253 60
234 253 61
233 253 62
233 253 63
234 252 64
233 253 65
233 252 66
233 251 67
233 250 68
234 249 68
235 249 69
235 248 70
235 248 71
235 248 72
235 247 73
236 248 74
236 249 75
235 249 76
236 249 77
236 249 78
236 249 79
236 249 80
59
242 259 23
241 260 24
241 260 25
241 259 26
241 259 27
240 259 28
240 259 29
240 259 30
240 258 31
240 258 32
239 258 33
239 258 34
239 258 35
239 257 36
239 257 37
239 257 38
238 257 39
238 257 40
238 257 41
238 256 42
237 256 43
237 256 44
237 256 45
236 256 46
236 256 47
236 256 48
236 255 49
236 255 50
236 254 51
236 255 52
236 254 53
236 254 54
236 254 55
235 254 56
235 254 57
234 254 58
234 254 59
234 253 60
234 253 61
233 253 62
233 253 63
234 252 64
233 253 65
233 252 66
233 251 67
232 251 68
231 252 69
230 252 70
230 252 71
229 252 72
229 252 73
229 251 74
228 252 75
227 251 76
227 250 77
226 249 78
227 248 79
227 247 79
228 246 78
