60
254
270 250 25
270 250 26
270 249 27
270 249 28
270 249 29
270 249 30
271 250 31
271 250 32
271 250 33
271 249 34
271 249 35
271 249 36
271 248 37
271 248 38
271 248 39
271 248 40
271 248 41
271 248 42
271 247 43
271 247 44
270 247 45
270 246 46
271 247 47
271 247 48
271 248 49
270 249 50
270 248 51
271 247 52
271 246 53
271 246 54
270 245 55
269 245 56
269 245 57
270 246 58
270 245 59
271 246 60
272 245 61
271 245 62
271 246 63
271 247 64
271 248 65
271 248 66
270 248 67
271 248 68
271 248 69
271 248 70
271 248 71
271 248 72
271 248 73
271 248 74
271 248 75
271 248 76
270 248 77
270 248 78
270 248 79
270 248 80
271 248 81
270 248 82
270 248 83
269 248 84
270 248 85
271 248 86
272 247 87
271 248 88
272 249 89
271 249 90
271 248 91
271 248 92
271 247 93
271 246 94
271 247 95
271 247 96
271 247 97
271 246 98
271 246 99
271 246 100
271 246 101
271 245 102
271 245 103
271 245 104
272 245 105
272 245 106
272 245 107
272 245 108
272 245 109
272 245 110
272 245 111
272 245 112
272 245 113
272 245 114
272 245 115
273 245 116
273 244 117
273 244 118
273 244 119
273 244 120
273 244 121
273 244 122
272 244 123
272 244 124
272 244 125
272 243 126
272 244 127
272 244 128
272 244 129
272 244 130
272 243 131
272 243 132
272 243 133
272 243 134
272 243 135
272 243 136
272 243 137
272 243 138
271 242 139
272 241 139
272 240 139
272 239 140
272 238 141
272 238 142
272 237 143
273 237 144
273 236 145
273 236 146
273 235 147
273 234 148
273 234 149
273 234 150
273 233 151
274 232 152
274 232 153
273 231 154
273 231 155
273 231 156
274 231 157
275 231 158
274 230 159
275 230 160
275 230 161
275 230 162
274 229 163
274 229 164
275 229 165
275 228 166
275 228 167
275 228 168
274 227 169
274 227 170
274 227 171
274 226 172
274 226 173
274 226 174
275 226 175
275 226 176
275 226 177
275 225 178
275 225 179
275 225 180
276 225 181
276 225 182
277 225 183
277 224 184
277 224 185
277 223 186
277 222 187
277 222 188
277 221 189
278 220 190
278 220 191
278 220 192
279 219 193
278 219 194
278 218 195
278 218 196
279 217 197
279 216 198
279 215 199
279 215 200
280 214 201
280 213 202
280 213 203
280 213 204
280 212 205
280 211 206
281 211 207
280 210 208
281 209 209
281 208 210
281 208 211
281 207 212
281 206 213
282 206 214
282 205 215
282 205 216
282 204 217
282 203 218
283 202 219
284 201 220
284 200 221
285 200 222
286 199 223
286 198 224
286 197 225
287 197 226
287 197 227
287 196 228
287 195 229
287 194 230
288 194 231
288 193 232
289 192 233
290 191 234
291 191 235
292 190 236
293 189 237
293 188 237
294 187 238
295 186 238
296 185 239
297 184 239
298 183 240
299 182 241
300 181 242
301 180 242
302 179 243
303 178 243
304 177 244
305 176 245
306 175 246
307 174 246
308 173 246
309 172 246
310 172 246
311 171 245
312 170 244
313 169 243
314 169 242
315 168 241
315 167 240
316 167 239
316 167 238
317 166 237
317 166 236
318 166 235
319 166 234
319 165 233
320 165 232
321 165 231
321 165 230
322 165 229
323 164 228
324 164 227
325 163 226
331 161 220
253
270 250 25
270 250 26
270 249 27
270 249 28
270 249 29
270 249 30
271 250 31
271 250 32
271 250 33
271 249 34
271 249 35
271 249 36
271 248 37
271 248 38
271 248 39
271 248 40
271 248 41
271 248 42
271 247 43
271 247 44
270 247 45
270 246 46
271 247 47
271 247 48
271 248 49
270 249 50
270 248 51
271 247 52
271 246 53
271 246 54
270 245 55
269 245 56
269 245 57
270 246 58
270 245 59
271 246 60
272 245 61
271 245 62
271 246 63
271 247 64
271 248 65
271 248 66
270 248 67
271 248 68
271 248 69
271 248 70
271 248 71
271 248 72
271 248 73
271 248 74
271 248 75
271 248 76
270 248 77
270 248 78
270 248 79
270 248 80
271 248 81
270 248 82
270 248 83
269 248 84
270 248 85
271 248 86
272 247 87
271 248 88
272 249 89
271 249 90
271 248 91
271 248 92
271 247 93
271 246 94
271 247 95
271 247 96
271 247 97
271 246 98
271 246 99
271 246 100
271 246 101
271 245 102
271 245 103
271 245 104
272 245 105
272 245 106
272 245 107
272 245 108
272 245 109
272 245 110
272 245 111
272 245 112
272 245 113
272 245 114
272 245 115
273 245 116
273 244 117
273 244 118
273 244 119
273 244 120
273 244 121
273 244 122
272 244 123
272 244 124
272 244 125
272 243 126
272 244 127
272 244 128
272 244 129
272 244 130
272 243 131
272 243 132
272 243 133
272 243 134
272 243 135
272 243 136
272 243 137
272 243 138
271 242 139
272 241 139
272 240 139
272 239 140
272 238 141
272 238 142
272 237 143
273 237 144
273 236 145
273 236 146
273 235 147
273 234 148
273 234 149
273 234 150
273 233 151
274 232 152
274 232 153
273 231 154
273 231 155
273 231 156
274 231 157
275 231 158
274 230 159
275 230 160
275 230 161
275 230 162
274 229 163
274 229 164
275 229 165
275 228 166
275 228 167
275 228 168
274 227 169
274 227 170
274 227 171
274 226 172
274 226 173
274 226 174
275 226 175
275 226 176
275 226 177
275 225 178
275 225 179
275 225 180
276 225 181
276 225 182
277 225 183
277 224 184
277 224 185
277 223 186
277 222 187
277 222 188
277 221 189
278 220 190
278 220 191
278 220 192
279 219 193
278 219 194
278 218 195
278 218 196
279 217 197
279 216 198
279 215 199
279 215 200
280 214 201
280 213 202
280 213 203
280 213 204
280 212 205
280 211 206
281 211 207
280 210 208
281 209 209
281 208 210
281 208 211
281 207 212
281 206 213
282 206 214
282 205 215
282 205 216
282 204 217
282 203 218
283 202 219
284 201 220
284 200 221
285 200 222
286 199 223
286 198 224
286 197 225
287 197 226
287 197 227
287 196 228
287 195 229
287 194 230
288 194 231
288 193 232
289 192 233
290 191 234
291 191 235
292 190 236
293 189 237
293 188 237
294 187 238
295 186 238
296 185 239
297 184 239
298 183 240
299 182 241
300 181 242
301 180 242
302 179 243
303 178 243
304 177 244
305 176 245
306 175 246
307 174 246
308 173 246
309 172 246
310 172 246
311 171 245
312 170 244
313 169 243
314 169 242
315 168 241
315 167 240
316 167 239
316 167 238
317 166 237
317 166 236
318 166 235
319 166 234
319 165 233
320 165 232
321 165 231
321 165 230
322 165 229
323 164 228
324 164 227
325 163 226
235
270 250 25
270 250 26
270 249 27
270 249 28
270 249 29
270 249 30
271 250 31
271 250 32
271 250 33
271 249 34
271 249 35
271 249 36
271 248 37
271 248 38
271 248 39
271 248 40
271 248 41
271 248 42
271 247 43
271 247 44
270 247 45
270 246 46
271 247 47
271 247 48
271 248 49
270 249 50
270 248 51
271 247 52
271 246 53
271 246 54
270 245 55
269 245 56
269 245 57
270 246 58
270 245 59
271 246 60
272 245 61
271 245 62
271 246 63
271 247 64
271 248 65
271 248 66
270 248 67
271 248 68
271 248 69
271 248 70
271 248 71
271 248 72
271 248 73
271 248 74
271 248 75
271 248 76
270 248 77
270 248 78
270 248 79
270 248 80
271 248 81
270 248 82
270 248 83
269 248 84
270 248 85
271 248 86
272 247 87
271 248 88
272 249 89
271 249 90
271 248 91
271 248 92
271 247 93
271 246 94
271 247 95
271 247 96
271 247 97
271 246 98
271 246 99
271 246 100
271 246 101
271 245 102
271 245 103
271 245 104
272 245 105
272 245 106
272 245 107
272 245 108
272 245 109
272 245 110
272 245 111
272 245 112
272 245 113
272 245 114
272 245 115
273 245 116
273 244 117
273 244 118
273 244 119
273 244 120
273 244 121
273 244 122
272 244 123
272 244 124
272 244 125
272 243 126
272 244 127
272 244 128
272 244 129
272 244 130
272 243 131
272 243 132
272 243 133
272 243 134
272 243 135
272 243 136
272 243 137
272 243 138
271 242 139
271 243 140
272 244 141
271 244 142
270 244 143
271 245 144
272 246 145
272 246 146
272 246 147
272 246 148
272 247 149
272 247 150
271 247 151
272 247 152
272 248 153
272 248 154
272 248 155
272 249 156
272 249 157
271 249 158
271 249 159
272 250 160
271 250 161
271 250 162
272 251 163
271 251 164
272 252 165
271 252 166
270 252 167
271 253 168
271 253 169
270 253 170
270 254 171
270 254 172
270 255 173
270 255 174
270 255 175
270 256 176
270 256 177
270 256 178
270 257 179
270 257 180
270 258 181
270 258 182
270 258 183
270 259 184
271 260 185
271 260 186
270 261 187
270 261 188
270 261 189
270 262 190
270 262 191
271 262 192
270 263 193
271 263 194
270 264 195
271 265 196
271 266 197
271 267 198
270 268 199
270 269 200
269 270 201
269 271 202
268 272 202
268 273 202
269 274 203
269 275 203
270 276 203
270 277 203
271 278 203
271 279 203
272 280 203
272 281 203
272 282 202
273 283 202
273 284 201
273 285 200
273 285 199
273 286 198
273 287 197
274 288 196
274 288 195
273 289 194
273 289 193
274 290 192
273 290 191
272 290 190
273 291 189
273 291 188
274 292 187
274 292 186
274 292 185
274 293 184
275 294 183
276 294 182
275 295 181
275 295 180
275 295 179
276 295 178
275 295 177
275 295 176
275 295 175
275 295 174
275 296 173
275 296 172
275 296 171
275 296 170
275 296 169
275 296 168
275 296 167
275 297 166
275 297 165
275 297 164
275 297 163
275 297 162
275 297 161
275 297 160
275 297 159
274 299 153
274 301 146
234
270 250 25
270 250 26
270 249 27
270 249 28
270 249 29
270 249 30
271 250 31
271 250 32
271 250 33
271 249 34
271 249 35
271 249 36
271 248 37
271 248 38
271 248 39
271 248 40
271 248 41
271 248 42
271 247 43
271 247 44
270 247 45
270 246 46
271 247 47
271 247 48
271 248 49
270 249 50
270 248 51
271 247 52
271 246 53
271 246 54
270 245 55
269 245 56
269 245 57
270 246 58
270 245 59
271 246 60
272 245 61
271 245 62
271 246 63
271 247 64
271 248 65
271 248 66
270 248 67
271 248 68
271 248 69
271 248 70
271 248 71
271 248 72
271 248 73
271 248 74
271 248 75
271 248 76
270 248 77
270 248 78
270 248 79
270 248 80
271 248 81
270 248 82
270 248 83
269 248 84
270 248 85
271 248 86
272 247 87
271 248 88
272 249 89
271 249 90
271 248 91
271 248 92
271 247 93
271 246 94
271 247 95
271 247 96
271 247 97
271 246 98
271 246 99
271 246 100
271 246 101
271 245 102
271 245 103
271 245 104
272 245 105
272 245 106
272 245 107
272 245 108
272 245 109
272 245 110
272 245 111
272 245 112
272 245 113
272 245 114
272 245 115
273 245 116
273 244 117
273 244 118
273 244 119
273 244 120
273 244 121
273 244 122
272 244 123
272 244 124
272 244 125
272 243 126
272 244 127
272 244 128
272 244 129
272 244 130
272 243 131
272 243 132
272 243 133
272 243 134
272 243 135
272 243 136
272 243 137
272 243 138
271 242 139
271 243 140
272 244 141
271 244 142
270 244 143
271 245 144
272 246 145
272 246 146
272 246 147
272 246 148
272 247 149
272 247 150
271 247 151
272 247 152
272 248 153
272 248 154
272 248 155
272 249 156
272 249 157
271 249 158
271 249 159
272 250 160
271 250 161
271 250 162
272 251 163
271 251 164
272 252 165
271 252 166
270 252 167
271 253 168
271 253 169
270 253 170
270 254 171
270 254 172
270 255 173
270 255 174
270 255 175
270 256 176
270 256 177
270 256 178
270 257 179
270 257 180
270 258 181
270 258 182
270 258 183
270 259 184
271 260 185
271 260 186
270 261 187
270 261 188
270 261 189
270 262 190
270 262 191
271 262 192
270 263 193
271 263 194
270 264 195
271 265 196
271 266 197
271 267 198
270 268 199
270 269 200
269 270 201
269 271 202
268 272 202
268 273 202
269 274 203
269 275 203
270 276 203
270 277 203
271 278 203
271 279 203
272 280 203
272 281 203
272 282 202
273 283 202
273 284 201
273 285 200
273 285 199
273 286 198
273 287 197
274 288 196
274 288 195
273 289 194
273 289 193
274 290 192
273 290 191
272 290 190
273 291 189
273 291 188
274 292 187
274 292 186
274 292 185
274 293 184
275 294 183
276 294 182
275 295 181
275 295 180
275 295 179
276 295 178
275 295 177
275 295 176
275 295 175
275 295 174
275 296 173
275 296 172
275 296 171
275 296 170
275 296 169
275 296 168
275 296 167
275 297 166
275 297 165
275 297 164
275 297 163
275 297 162
275 297 161
275 297 160
275 297 159
274 299 153
233
270 250 25
270 250 26
270 249 27
270 249 28
270 249 29
270 249 30
271 250 31
271 250 32
271 250 33
271 249 34
271 249 35
271 249 36
271 248 37
271 248 38
271 248 39
271 248 40
271 248 41
271 248 42
271 247 43
271 247 44
270 247 45
270 246 46
271 247 47
271 247 48
271 248 49
270 249 50
270 248 51
271 247 52
271 246 53
271 246 54
270 245 55
269 245 56
269 245 57
270 246 58
270 245 59
271 246 60
272 245 61
271 245 62
271 246 63
271 247 64
271 248 65
271 248 66
270 248 67
271 248 68
271 248 69
271 248 70
271 248 71
271 248 72
271 248 73
271 248 74
271 248 75
271 248 76
270 248 77
270 248 78
270 248 79
270 248 80
271 248 81
270 248 82
270 248 83
269 248 84
270 248 85
271 248 86
272 247 87
271 248 88
272 249 89
271 249 90
271 248 91
271 248 92
271 247 93
271 246 94
271 247 95
271 247 96
271 247 97
271 246 98
271 246 99
271 246 100
271 246 101
271 245 102
271 245 103
271 245 104
272 245 105
272 245 106
272 245 107
272 245 108
272 245 109
272 245 110
272 245 111
272 245 112
272 245 113
272 245 114
272 245 115
273 245 116
273 244 117
273 244 118
273 244 119
273 244 120
273 244 121
273 244 122
272 244 123
272 244 124
272 244 125
272 243 126
272 244 127
272 244 128
272 244 129
272 244 130
272 243 131
272 243 132
272 243 133
272 243 134
272 243 135
272 243 136
272 243 137
272 243 138
271 242 139
271 243 140
272 244 141
271 244 142
270 244 143
271 245 144
272 246 145
272 246 146
272 246 147
272 246 148
272 247 149
272 247 150
271 247 151
272 247 152
272 248 153
272 248 154
272 248 155
272 249 156
272 249 157
271 249 158
271 249 159
272 250 160
271 250 161
271 250 162
272 251 163
271 251 164
272 252 165
271 252 166
270 252 167
271 253 168
271 253 169
270 253 170
270 254 171
270 254 172
270 255 173
270 255 174
270 255 175
270 256 176
270 256 177
270 256 178
270 257 179
270 257 180
270 258 181
270 258 182
270 258 183
270 259 184
271 260 185
271 260 186
270 261 187
270 261 188
270 261 189
270 262 190
270 262 191
271 262 192
270 263 193
271 263 194
270 264 195
271 265 196
271 266 197
271 267 198
270 268 199
270 269 200
269 270 201
269 271 202
268 272 202
268 273 202
269 274 203
269 275 203
270 276 203
270 277 203
271 278 203
271 279 203
272 280 203
272 281 203
272 282 202
273 283 202
273 284 201
273 285 200
273 285 199
273 286 198
273 287 197
274 288 196
274 288 195
273 289 194
273 289 193
274 290 192
273 290 191
272 290 190
273 291 189
273 291 188
274 292 187
274 292 186
274 292 185
274 293 184
275 294 183
276 294 182
275 295 181
275 295 180
275 295 179
276 295 178
275 295 177
275 295 176
275 295 175
275 295 174
275 296 173
275 296 172
275 296 171
275 296 170
275 296 169
275 296 168
275 296 167
275 297 166
275 297 165
275 297 164
275 297 163
275 297 162
275 297 161
275 297 160
275 297 159
218
270 250 25
270 250 26
270 249 27
270 249 28
270 249 29
270 249 30
271 250 31
271 250 32
271 250 33
271 249 34
271 249 35
271 249 36
271 248 37
271 248 38
271 248 39
271 248 40
271 248 41
271 248 42
271 247 43
271 247 44
270 247 45
270 246 46
271 247 47
271 247 48
271 248 49
270 249 50
270 248 51
271 247 52
271 246 53
271 246 54
270 245 55
269 245 56
269 245 57
270 246 58
270 245 59
271 246 60
272 245 61
271 245 62
271 246 63
271 247 64
271 248 65
271 248 66
270 248 67
271 248 68
271 248 69
271 248 70
271 248 71
271 248 72
271 248 73
271 248 74
271 248 75
271 248 76
270 248 77
270 248 78
270 248 79
270 248 80
271 248 81
270 248 82
270 248 83
269 248 84
270 248 85
271 248 86
272 247 87
271 248 88
272 249 89
271 249 90
271 248 91
270 249 92
269 249 93
269 249 94
270 250 95
270 250 96
270 251 97
270 251 98
271 251 99
271 252 100
271 252 101
271 252 102
270 252 103
270 252 104
271 253 105
270 253 106
270 253 107
271 254 108
270 253 109
270 254 110
269 254 111
269 254 112
269 254 113
269 255 114
269 255 115
269 255 116
269 255 117
269 256 118
269 256 119
268 256 120
268 256 121
269 257 122
269 257 123
269 257 124
269 257 125
269 258 126
269 258 127
269 258 128
269 258 129
268 259 130
268 259 131
268 259 132
268 260 133
267 260 134
268 261 135
267 261 136
267 262 137
267 262 138
266 262 139
266 262 140
266 263 141
266 263 142
266 264 143
266 265 144
266 265 145
266 266 146
266 267 147
265 267 148
266 268 149
265 268 150
265 269 151
265 269 152
264 269 153
265 270 154
264 270 155
263 271 156
262 271 157
262 272 158
262 273 159
262 274 160
262 274 161
262 275 162
261 275 163
261 276 164
261 276 165
261 277 166
261 277 167
261 277 168
261 277 169
261 278 170
260 279 171
260 280 171
259 281 172
258 281 173
258 282 174
258 283 175
257 284 176
257 285 177
256 286 178
256 287 179
255 288 180
254 289 181
253 290 181
252 291 182
251 292 183
251 293 184
250 294 185
250 295 185
249 296 186
249 297 187
248 298 188
247 299 189
248 300 189
247 301 190
246 302 191
246 303 191
245 304 192
245 305 192
244 306 193
244 307 193
243 308 194
243 309 194
243 310 194
242 311 194
242 312 194
241 313 194
241 314 194
240 315 194
240 316 195
239 317 195
239 326 195
240 327 194
240 328 194
239 329 194
238 330 194
238 331 194
229 332 194
229 333 193
228 334 193
228 335 193
228 336 193
228 337 193
228 338 192
228 339 192
227 340 191
227 341 191
227 342 190
227 343 190
226 344 189
226 345 189
226 346 188
226 347 188
225 348 187
225 349 186
225 350 185
225 351 185
224 352 184
224 353 183
224 354 182
224 355 181
224 356 180
224 357 179
210
270 250 25
270 250 26
270 249 27
270 249 28
270 249 29
270 249 30
271 250 31
271 250 32
271 250 33
271 249 34
271 249 35
271 249 36
271 248 37
271 248 38
271 248 39
271 248 40
271 248 41
271 248 42
271 247 43
271 247 44
270 247 45
270 246 46
271 247 47
271 247 48
271 248 49
270 249 50
270 248 51
271 247 52
271 246 53
271 246 54
270 245 55
269 245 56
269 245 57
270 246 58
270 245 59
271 246 60
272 245 61
271 245 62
271 246 63
271 247 64
271 248 65
271 248 66
270 248 67
271 248 68
271 248 69
271 248 70
271 248 71
271 248 72
271 248 73
271 248 74
271 248 75
271 248 76
270 248 77
270 248 78
270 248 79
270 248 80
271 248 81
270 248 82
270 248 83
269 248 84
270 248 85
271 248 86
272 247 87
271 248 88
272 249 89
271 249 90
271 248 91
271 248 92
271 247 93
271 246 94
271 247 95
271 247 96
271 247 97
271 246 98
271 246 99
271 246 100
271 246 101
271 245 102
271 245 103
271 245 104
272 245 105
272 245 106
272 245 107
272 245 108
272 245 109
272 245 110
272 245 111
272 245 112
272 245 113
272 245 114
272 245 115
273 245 116
273 244 117
273 244 118
273 244 119
273 244 120
273 244 121
273 244 122
272 244 123
272 244 124
272 244 125
272 243 126
272 244 127
272 244 128
272 244 129
272 244 130
272 243 131
272 243 132
272 243 133
272 243 134
272 243 135
272 243 136
272 243 137
272 243 138
271 242 139
271 243 140
272 244 141
271 244 142
270 244 143
271 245 144
272 246 145
272 246 146
272 246 147
272 246 148
272 247 149
272 247 150
271 247 151
272 247 152
272 248 153
272 248 154
272 248 155
272 249 156
272 249 157
271 249 158
271 249 159
272 250 160
271 250 161
271 250 162
272 251 163
271 251 164
272 252 165
271 252 166
270 252 167
271 253 168
271 253 169
270 253 170
270 254 171
270 254 172
270 255 173
270 255 174
270 255 175
270 256 176
270 256 177
270 256 178
270 257 179
270 257 180
270 258 181
270 258 182
270 258 183
270 259 184
271 260 185
271 260 186
270 261 187
270 261 188
270 261 189
270 262 190
270 262 191
271 262 192
270 263 193
271 263 194
270 264 195
271 265 196
271 266 197
271 267 198
270 268 199
270 269 200
269 270 201
269 271 202
268 272 202
268 273 202
269 274 203
269 275 203
270 276 203
270 277 203
271 278 203
271 279 203
272 280 203
272 281 203
272 282 202
273 283 202
273 284 201
273 285 200
273 285 199
273 286 198
273 287 197
274 288 196
274 288 195
273 289 194
273 289 193
274 290 192
273 290 191
272 290 190
273 291 189
273 291 188
274 292 187
274 292 186
274 292 185
274 293 184
273 292 183
272 292 182
194
270 250 25
270 250 26
270 249 27
270 249 28
270 249 29
270 249 30
271 250 31
271 250 32
271 250 33
271 249 34
271 249 35
271 249 36
271 248 37
271 248 38
271 248 39
271 248 40
271 248 41
271 248 42
271 247 43
271 247 44
270 247 45
270 246 46
271 247 47
271 247 48
271 248 49
270 249 50
270 248 51
271 247 52
271 246 53
271 246 54
270 245 55
269 245 56
269 245 57
270 246 58
270 245 59
271 246 60
272 245 61
271 245 62
271 246 63
271 247 64
271 248 65
271 248 66
270 248 67
271 248 68
271 248 69
271 248 70
271 248 71
271 248 72
271 248 73
271 248 74
271 248 75
271 248 76
270 248 77
270 248 78
270 248 79
270 248 80
271 248 81
270 248 82
270 248 83
269 248 84
270 248 85
271 248 86
272 247 87
271 248 88
272 249 89
271 249 90
271 248 91
270 249 92
269 249 93
269 249 94
270 250 95
270 250 96
270 251 97
270 251 98
271 251 99
271 252 100
271 252 101
271 252 102
270 252 103
270 252 104
271 253 105
270 253 106
270 253 107
271 254 108
270 253 109
270 254 110
269 254 111
269 254 112
269 254 113
269 255 114
269 255 115
269 255 116
269 255 117
269 256 118
269 256 119
268 256 120
268 256 121
269 257 122
269 257 123
269 257 124
269 257 125
269 258 126
269 258 127
269 258 128
269 258 129
268 259 130
268 259 131
268 259 132
268 260 133
267 260 134
268 261 135
267 261 136
267 262 137
267 262 138
266 262 139
266 262 140
266 263 141
266 263 142
266 264 143
266 265 144
266 265 145
266 266 146
266 267 147
265 267 148
266 268 149
265 268 150
265 269 151
265 269 152
264 269 153
265 270 154
264 270 155
263 271 156
262 271 157
262 272 158
262 273 159
262 274 160
262 274 161
262 275 162
261 275 163
261 276 164
261 276 165
261 277 166
261 277 167
261 277 168
261 277 169
261 278 170
260 279 171
260 280 171
259 281 172
258 281 173
258 282 174
258 283 175
257 284 176
257 285 177
256 286 178
256 287 179
255 288 180
254 289 181
253 290 181
252 291 182
251 292 183
251 293 184
250 294 185
250 295 185
249 296 186
249 297 187
248 298 188
247 299 189
248 300 189
247 301 190
246 302 191
246 303 191
245 304 192
245 305 192
244 306 193
244 307 193
243 308 194
243 309 194
243 310 194
242 311 194
242 312 194
241 313 194
241 314 194
240 315 194
240 316 195
239 317 195
239 326 195
240 327 194
241 326 195
242 325 195
243 325 195
244 326 195
245 326 195
246 325 195
193
270 250 25
270 250 26
270 249 27
270 249 28
270 249 29
270 249 30
271 250 31
271 250 32
271 250 33
271 249 34
271 249 35
271 249 36
271 248 37
271 248 38
271 248 39
271 248 40
271 248 41
271 248 42
271 247 43
271 247 44
270 247 45
270 246 46
271 247 47
271 247 48
271 248 49
270 249 50
270 248 51
271 247 52
271 246 53
271 246 54
270 245 55
269 245 56
269 245 57
270 246 58
270 245 59
271 246 60
272 245 61
271 245 62
271 246 63
271 247 64
271 248 65
271 248 66
270 248 67
271 248 68
271 248 69
271 248 70
271 248 71
271 248 72
271 248 73
271 248 74
271 248 75
271 248 76
270 248 77
270 248 78
270 248 79
270 248 80
271 248 81
270 248 82
270 248 83
269 248 84
270 248 85
271 248 86
272 247 87
271 248 88
272 249 89
271 249 90
271 248 91
270 249 92
269 249 93
269 249 94
270 250 95
270 250 96
270 251 97
270 251 98
271 251 99
271 252 100
271 252 101
271 252 102
270 252 103
270 252 104
271 253 105
270 253 106
270 253 107
271 254 108
270 253 109
270 254 110
269 254 111
269 254 112
269 254 113
269 255 114
269 255 115
269 255 116
269 255 117
269 256 118
269 256 119
268 256 120
268 256 121
269 257 122
269 257 123
269 257 124
269 257 125
269 258 126
269 258 127
269 258 128
269 258 129
268 259 130
268 259 131
268 259 132
268 260 133
267 260 134
268 261 135
267 261 136
267 262 137
267 262 138
266 262 139
266 262 140
266 263 141
266 263 142
266 264 143
266 265 144
266 265 145
266 266 146
266 267 147
265 267 148
266 268 149
265 268 150
265 269 151
265 269 152
264 269 153
265 270 154
264 270 155
263 271 156
262 271 157
262 272 158
262 273 159
262 274 160
262 274 161
262 275 162
261 275 163
261 276 164
261 276 165
261 277 166
261 277 167
261 277 168
261 277 169
261 278 170
260 279 171
260 280 171
259 281 172
258 281 173
258 282 174
258 283 175
257 284 176
257 285 177
256 286 178
256 287 179
255 288 180
254 289 181
253 290 181
252 291 182
251 292 183
251 293 184
250 294 185
250 295 185
249 296 186
249 297 187
248 298 188
247 299 189
248 300 189
247 301 190
246 302 191
246 303 191
245 304 192
245 305 192
244 306 193
244 307 193
243 308 194
243 309 194
243 310 194
242 311 194
242 312 194
241 313 194
241 314 194
240 315 194
240 316 195
239 317 195
239 326 195
240 327 194
240 328 194
239 329 194
238 330 194
238 331 194
229 332 194
193
270 250 25
270 250 26
270 249 27
270 249 28
270 249 29
270 249 30
271 250 31
271 250 32
271 250 33
271 249 34
271 249 35
271 249 36
271 248 37
271 248 38
271 248 39
271 248 40
271 248 41
271 248 42
271 247 43
271 247 44
270 247 45
270 246 46
271 247 47
271 247 48
271 248 49
270 249 50
270 248 51
271 247 52
271 246 53
271 246 54
270 245 55
269 245 56
269 245 57
270 246 58
270 245 59
271 246 60
272 245 61
271 245 62
271 246 63
271 247 64
271 248 65
271 248 66
270 248 67
271 248 68
271 248 69
271 248 70
271 248 71
271 248 72
271 248 73
271 248 74
271 248 75
271 248 76
270 248 77
270 248 78
270 248 79
270 248 80
271 248 81
270 248 82
270 248 83
269 248 84
270 248 85
271 248 86
272 247 87
271 248 88
272 249 89
271 249 90
271 248 91
270 249 92
269 249 93
269 249 94
270 250 95
270 250 96
270 251 97
270 251 98
271 251 99
271 252 100
271 252 101
271 252 102
270 252 103
270 252 104
271 253 105
270 253 106
270 253 107
271 254 108
270 253 109
270 254 110
269 254 111
269 254 112
269 254 113
269 255 114
269 255 115
269 255 116
269 255 117
269 256 118
269 256 119
268 256 120
268 256 121
269 257 122
269 257 123
269 257 124
269 257 125
269 258 126
269 258 127
269 258 128
269 258 129
268 259 130
268 259 131
268 259 132
268 260 133
267 260 134
268 261 135
267 261 136
267 262 137
267 262 138
266 262 139
266 262 140
266 263 141
266 263 142
266 264 143
266 265 144
266 265 145
266 266 146
266 267 147
265 267 148
266 268 149
265 268 150
265 269 151
265 269 152
264 269 153
265 270 154
264 270 155
263 271 156
262 271 157
262 272 158
262 273 159
262 274 160
262 274 161
262 275 162
261 275 163
261 276 164
261 276 165
261 277 166
261 277 167
261 277 168
261 277 169
261 278 170
260 279 171
260 280 171
259 281 172
258 281 173
258 282 174
258 283 175
257 284 176
257 285 177
256 286 178
256 287 179
255 288 180
254 289 181
253 290 181
252 291 182
251 292 183
251 293 184
250 294 185
250 295 185
249 296 186
249 297 187
248 298 188
247 299 189
248 300 189
247 301 190
246 302 191
246 303 191
245 304 192
245 305 192
244 306 193
244 307 193
243 308 194
243 309 194
243 310 194
242 311 194
242 312 194
241 313 194
241 314 194
240 315 194
240 316 195
239 317 195
239 326 195
240 327 194
240 328 194
239 329 194
238 330 194
238 331 194
236 337 194
192
270 250 25
270 250 26
270 249 27
270 249 28
270 249 29
270 249 30
271 250 31
271 250 32
271 250 33
271 249 34
271 249 35
271 249 36
271 248 37
271 248 38
271 248 39
271 248 40
271 248 41
271 248 42
271 247 43
271 247 44
270 247 45
270 246 46
271 247 47
271 247 48
271 248 49
270 249 50
270 248 51
271 247 52
271 246 53
271 246 54
270 245 55
269 245 56
269 245 57
270 246 58
270 245 59
271 246 60
272 245 61
271 245 62
271 246 63
271 247 64
271 248 65
271 248 66
270 248 67
271 248 68
271 248 69
271 248 70
271 248 71
271 248 72
271 248 73
271 248 74
271 248 75
271 248 76
270 248 77
270 248 78
270 248 79
270 248 80
271 248 81
270 248 82
270 248 83
269 248 84
270 248 85
271 248 86
272 247 87
271 248 88
272 249 89
271 249 90
271 248 91
270 249 92
269 249 93
269 249 94
270 250 95
270 250 96
270 251 97
270 251 98
271 251 99
271 252 100
271 252 101
271 252 102
270 252 103
270 252 104
271 253 105
270 253 106
270 253 107
271 254 108
270 253 109
270 254 110
269 254 111
269 254 112
269 254 113
269 255 114
269 255 115
269 255 116
269 255 117
269 256 118
269 256 119
268 256 120
268 256 121
269 257 122
269 257 123
269 257 124
269 257 125
269 258 126
269 258 127
269 258 128
269 258 129
268 259 130
268 259 131
268 259 132
268 260 133
267 260 134
268 261 135
267 261 136
267 262 137
267 262 138
266 262 139
266 262 140
266 263 141
266 263 142
266 264 143
266 265 144
266 265 145
266 266 146
266 267 147
265 267 148
266 268 149
265 268 150
265 269 151
265 269 152
264 269 153
265 270 154
264 270 155
263 271 156
262 271 157
262 272 158
262 273 159
262 274 160
262 274 161
262 275 162
261 275 163
261 276 164
261 276 165
261 277 166
261 277 167
261 277 168
261 277 169
261 278 170
260 279 171
260 280 171
259 281 172
258 281 173
258 282 174
258 283 175
257 284 176
257 285 177
256 286 178
256 287 179
255 288 180
254 289 181
253 290 181
252 291 182
251 292 183
251 293 184
250 294 185
250 295 185
249 296 186
249 297 187
248 298 188
247 299 189
248 300 189
247 301 190
246 302 191
246 303 191
245 304 192
245 305 192
244 306 193
244 307 193
243 308 194
243 309 194
243 310 194
242 311 194
242 312 194
241 313 194
241 314 194
240 315 194
240 316 195
239 317 195
239 326 195
240 327 194
240 328 194
239 329 194
238 330 194
238 331 194
190
270 250 25
270 250 26
270 249 27
270 249 28
270 249 29
270 249 30
271 250 31
271 250 32
271 250 33
271 249 34
271 249 35
271 249 36
271 248 37
271 248 38
271 248 39
271 248 40
271 248 41
271 248 42
271 247 43
271 247 44
270 247 45
270 246 46
271 247 47
271 247 48
271 248 49
270 249 50
270 248 51
271 247 52
271 246 53
271 246 54
270 245 55
269 245 56
269 245 57
270 246 58
270 245 59
271 246 60
272 245 61
271 245 62
271 246 63
271 247 64
271 248 65
271 248 66
270 248 67
271 248 68
271 248 69
271 248 70
271 248 71
271 248 72
271 248 73
271 248 74
271 248 75
271 248 76
270 248 77
270 248 78
270 248 79
270 248 80
271 248 81
270 248 82
270 248 83
269 248 84
270 248 85
271 248 86
272 247 87
271 248 88
272 249 89
271 249 90
271 248 91
270 249 92
269 249 93
269 249 94
270 250 95
270 250 96
270 251 97
270 251 98
271 251 99
271 252 100
271 252 101
271 252 102
270 252 103
270 252 104
271 253 105
270 253 106
270 253 107
271 254 108
270 253 109
270 254 110
269 254 111
269 254 112
269 254 113
269 255 114
269 255 115
269 255 116
269 255 117
269 256 118
269 256 119
268 256 120
268 256 121
269 257 122
269 257 123
269 257 124
269 257 125
269 258 126
269 258 127
269 258 128
269 258 129
268 259 130
268 259 131
268 259 132
268 260 133
267 260 134
268 261 135
267 261 136
267 262 137
267 262 138
266 262 139
266 262 140
266 263 141
266 263 142
266 264 143
266 265 144
266 265 145
266 266 146
266 267 147
265 267 148
266 268 149
265 268 150
265 269 151
265 269 152
264 269 153
265 270 154
264 270 155
263 271 156
262 271 157
262 272 158
262 273 159
262 274 160
262 274 161
262 275 162
261 275 163
261 276 164
261 276 165
261 277 166
261 277 167
261 277 168
261 277 169
261 278 170
260 279 171
260 280 171
259 281 172
258 281 173
258 282 174
258 283 175
257 284 176
257 285 177
256 286 178
256 287 179
255 288 180
254 289 181
253 290 181
252 291 182
251 292 183
251 293 184
250 294 185
250 295 185
249 296 186
249 297 187
248 298 188
247 299 189
248 300 189
247 301 190
246 302 191
246 303 191
245 304 192
245 305 192
244 306 193
244 307 193
243 308 194
243 309 194
243 310 194
242 311 194
242 312 194
241 313 194
241 314 194
240 315 194
240 316 195
239 317 195
232 318 195
232 319 195
232 320 195
232 321 195
189
270 250 25
270 250 26
270 249 27
270 249 28
270 249 29
270 249 30
271 250 31
271 250 32
271 250 33
271 249 34
271 249 35
271 249 36
271 248 37
271 248 38
271 248 39
271 248 40
271 248 41
271 248 42
271 247 43
271 247 44
270 247 45
270 246 46
271 247 47
271 247 48
271 248 49
270 249 50
270 248 51
271 247 52
271 246 53
271 246 54
270 245 55
269 245 56
269 245 57
270 246 58
270 245 59
271 246 60
272 245 61
271 245 62
271 246 63
271 247 64
271 248 65
271 248 66
270 248 67
271 248 68
271 248 69
271 248 70
271 248 71
271 248 72
271 248 73
271 248 74
271 248 75
271 248 76
270 248 77
270 248 78
270 248 79
270 248 80
271 248 81
270 248 82
270 248 83
269 248 84
270 248 85
271 248 86
272 247 87
271 248 88
272 249 89
271 249 90
271 248 91
270 249 92
269 249 93
269 249 94
270 250 95
270 250 96
270 251 97
270 251 98
271 251 99
271 252 100
271 252 101
271 252 102
270 252 103
270 252 104
271 253 105
270 253 106
270 253 107
271 254 108
270 253 109
270 254 110
269 254 111
269 254 112
269 254 113
269 255 114
269 255 115
269 255 116
269 255 117
269 256 118
269 256 119
268 256 120
268 256 121
269 257 122
269 257 123
269 257 124
269 257 125
269 258 126
269 258 127
269 258 128
269 258 129
268 259 130
268 259 131
268 259 132
268 260 133
267 260 134
268 261 135
267 261 136
267 262 137
267 262 138
266 262 139
266 262 140
266 263 141
266 263 142
266 264 143
266 265 144
266 265 145
266 266 146
266 267 147
265 267 148
266 268 149
265 268 150
265 269 151
265 269 152
264 269 153
265 270 154
264 270 155
263 271 156
262 271 157
262 272 158
262 273 159
262 274 160
262 274 161
262 275 162
261 275 163
261 276 164
261 276 165
261 277 166
261 277 167
261 277 168
261 277 169
261 278 170
260 279 171
260 280 171
259 281 172
258 281 173
258 282 174
258 283 175
257 284 176
257 285 177
256 286 178
256 287 179
255 288 180
254 289 181
253 290 181
252 291 182
251 292 183
251 293 184
250 294 185
250 295 185
249 296 186
249 297 187
248 298 188
247 299 189
248 300 189
247 301 190
246 302 191
246 303 191
245 304 192
245 305 192
244 306 193
244 307 193
243 308 194
243 309 194
243 310 194
242 311 194
242 312 194
241 313 194
241 314 194
240 315 194
240 316 195
239 317 195
239 326 195
240 327 194
241 328 194
187
270 250 25
270 250 26
270 249 27
270 249 28
270 249 29
270 249 30
271 250 31
271 250 32
271 250 33
271 249 34
271 249 35
271 249 36
271 248 37
271 248 38
271 248 39
271 248 40
271 248 41
271 248 42
271 247 43
271 247 44
270 247 45
270 246 46
271 247 47
271 247 48
271 248 49
270 249 50
270 248 51
271 247 52
271 246 53
271 246 54
270 245 55
269 245 56
269 245 57
270 246 58
270 245 59
271 246 60
272 245 61
271 245 62
271 246 63
271 247 64
271 248 65
271 248 66
270 248 67
271 248 68
271 248 69
271 248 70
271 248 71
271 248 72
271 248 73
271 248 74
271 248 75
271 248 76
270 248 77
270 248 78
270 248 79
270 248 80
271 248 81
270 248 82
270 248 83
269 248 84
270 248 85
271 248 86
272 247 87
271 248 88
272 249 89
271 249 90
271 248 91
270 249 92
269 249 93
269 249 94
270 250 95
270 250 96
270 251 97
270 251 98
271 251 99
271 252 100
271 252 101
271 252 102
270 252 103
270 252 104
271 253 105
270 253 106
270 253 107
271 254 108
270 253 109
270 254 110
269 254 111
269 254 112
269 254 113
269 255 114
269 255 115
269 255 116
269 255 117
269 256 118
269 256 119
268 256 120
268 256 121
269 257 122
269 257 123
269 257 124
269 257 125
269 258 126
269 258 127
269 258 128
269 258 129
268 259 130
268 259 131
268 259 132
268 260 133
267 260 134
268 261 135
267 261 136
267 262 137
267 262 138
266 262 139
266 262 140
266 263 141
266 263 142
266 264 143
266 265 144
266 265 145
266 266 146
266 267 147
265 267 148
266 268 149
265 268 150
265 269 151
265 269 152
264 269 153
265 270 154
264 270 155
263 271 156
262 271 157
262 272 158
262 273 159
262 274 160
262 274 161
262 275 162
261 275 163
261 276 164
261 276 165
261 277 166
261 277 167
261 277 168
261 277 169
261 278 170
260 279 171
260 280 171
259 281 172
258 281 173
258 282 174
258 283 175
257 284 176
257 285 177
256 286 178
256 287 179
255 288 180
254 289 181
253 290 181
252 291 182
251 292 183
251 293 184
250 294 185
250 295 185
249 296 186
249 297 187
248 298 188
247 299 189
248 300 189
247 301 190
246 302 191
246 303 191
245 304 192
245 305 192
244 306 193
244 307 193
243 308 194
243 309 194
243 310 194
242 311 194
242 312 194
241 313 194
241 314 194
240 315 194
240 316 195
239 317 195
232 318 195
187
270 250 25
270 250 26
270 249 27
270 249 28
270 249 29
270 249 30
271 250 31
271 250 32
271 250 33
271 249 34
271 249 35
271 249 36
271 248 37
271 248 38
271 248 39
271 248 40
271 248 41
271 248 42
271 247 43
271 247 44
270 247 45
270 246 46
271 247 47
271 247 48
271 248 49
270 249 50
270 248 51
271 247 52
271 246 53
271 246 54
270 245 55
269 245 56
269 245 57
270 246 58
270 245 59
271 246 60
272 245 61
271 245 62
271 246 63
271 247 64
271 248 65
271 248 66
270 248 67
271 248 68
271 248 69
271 248 70
271 248 71
271 248 72
271 248 73
271 248 74
271 248 75
271 248 76
270 248 77
270 248 78
270 248 79
270 248 80
271 248 81
270 248 82
270 248 83
269 248 84
270 248 85
271 248 86
272 247 87
271 248 88
272 249 89
271 249 90
271 248 91
270 249 92
269 249 93
269 249 94
270 250 95
270 250 96
270 251 97
270 251 98
271 251 99
271 252 100
271 252 101
271 252 102
270 252 103
270 252 104
271 253 105
270 253 106
270 253 107
271 254 108
270 253 109
270 254 110
269 254 111
269 254 112
269 254 113
269 255 114
269 255 115
269 255 116
269 255 117
269 256 118
269 256 119
268 256 120
268 256 121
269 257 122
269 257 123
269 257 124
269 257 125
269 258 126
269 258 127
269 258 128
269 258 129
268 259 130
268 259 131
268 259 132
268 260 133
267 260 134
268 261 135
267 261 136
267 262 137
267 262 138
266 262 139
266 262 140
266 263 141
266 263 142
266 264 143
266 265 144
266 265 145
266 266 146
266 267 147
265 267 148
266 268 149
265 268 150
265 269 151
265 269 152
264 269 153
265 270 154
264 270 155
263 271 156
262 271 157
262 272 158
262 273 159
262 274 160
262 274 161
262 275 162
261 275 163
261 276 164
261 276 165
261 277 166
261 277 167
261 277 168
261 277 169
261 278 170
260 279 171
260 280 171
259 281 172
258 281 173
258 282 174
258 283 175
257 284 176
257 285 177
256 286 178
256 287 179
255 288 180
254 289 181
253 290 181
252 291 182
251 292 183
251 293 184
250 294 185
250 295 185
249 296 186
249 297 187
248 298 188
247 299 189
248 300 189
247 301 190
246 302 191
246 303 191
245 304 192
245 305 192
244 306 193
244 307 193
243 308 194
243 309 194
243 310 194
242 311 194
242 312 194
241 313 194
241 314 194
240 315 194
240 316 195
239 317 195
239 326 195
186
270 250 25
270 250 26
270 249 27
270 249 28
270 249 29
270 249 30
271 250 31
271 250 32
271 250 33
271 249 34
271 249 35
271 249 36
271 248 37
271 248 38
271 248 39
271 248 40
271 248 41
271 248 42
271 247 43
271 247 44
270 247 45
270 246 46
271 247 47
271 247 48
271 248 49
270 249 50
270 248 51
271 247 52
271 246 53
271 246 54
270 245 55
269 245 56
269 245 57
270 246 58
270 245 59
271 246 60
272 245 61
271 245 62
271 246 63
271 247 64
271 248 65
271 248 66
270 248 67
271 248 68
271 248 69
271 248 70
271 248 71
271 248 72
271 248 73
271 248 74
271 248 75
271 248 76
270 248 77
270 248 78
270 248 79
270 248 80
271 248 81
270 248 82
270 248 83
269 248 84
270 248 85
271 248 86
272 247 87
271 248 88
272 249 89
271 249 90
271 248 91
270 249 92
269 249 93
269 249 94
270 250 95
270 250 96
270 251 97
270 251 98
271 251 99
271 252 100
271 252 101
271 252 102
270 252 103
270 252 104
271 253 105
270 253 106
270 253 107
271 254 108
270 253 109
270 254 110
269 254 111
269 254 112
269 254 113
269 255 114
269 255 115
269 255 116
269 255 117
269 256 118
269 256 119
268 256 120
268 256 121
269 257 122
269 257 123
269 257 124
269 257 125
269 258 126
269 258 127
269 258 128
269 258 129
268 259 130
268 259 131
268 259 132
268 260 133
267 260 134
268 261 135
267 261 136
267 262 137
267 262 138
266 262 139
266 262 140
266 263 141
266 263 142
266 264 143
266 265 144
266 265 145
266 266 146
266 267 147
265 267 148
266 268 149
265 268 150
265 269 151
265 269 152
264 269 153
265 270 154
264 270 155
263 271 156
262 271 157
262 272 158
262 273 159
262 274 160
262 274 161
262 275 162
261 275 163
261 276 164
261 276 165
261 277 166
261 277 167
261 277 168
261 277 169
261 278 170
260 279 171
260 280 171
259 281 172
258 281 173
258 282 174
258 283 175
257 284 176
257 285 177
256 286 178
256 287 179
255 288 180
254 289 181
253 290 181
252 291 182
251 292 183
251 293 184
250 294 185
250 295 185
249 296 186
249 297 187
248 298 188
247 299 189
248 300 189
247 301 190
246 302 191
246 303 191
245 304 192
245 305 192
244 306 193
244 307 193
243 308 194
243 309 194
243 310 194
242 311 194
242 312 194
241 313 194
241 314 194
240 315 194
240 316 195
239 317 195
178
270 250 25
270 250 26
270 249 27
270 249 28
270 249 29
270 249 30
271 250 31
271 250 32
271 250 33
271 249 34
271 249 35
271 249 36
271 248 37
271 248 38
271 248 39
271 248 40
271 248 41
271 248 42
271 247 43
271 247 44
270 247 45
270 246 46
271 247 47
271 247 48
271 248 49
270 249 50
270 248 51
271 247 52
271 246 53
271 246 54
270 245 55
269 245 56
269 245 57
270 246 58
270 245 59
271 246 60
272 245 61
271 245 62
271 246 63
271 247 64
271 248 65
271 248 66
270 248 67
271 248 68
271 248 69
271 248 70
271 248 71
271 248 72
271 248 73
271 248 74
271 248 75
271 248 76
270 248 77
270 248 78
270 248 79
270 248 80
271 248 81
270 248 82
270 248 83
269 248 84
270 248 85
271 248 86
272 247 87
271 248 88
272 249 89
271 249 90
271 248 91
270 249 92
269 249 93
269 249 94
270 250 95
270 250 96
270 251 97
270 251 98
271 251 99
271 252 100
271 252 101
271 252 102
270 252 103
270 252 104
271 253 105
270 253 106
270 253 107
271 254 108
270 253 109
270 254 110
269 254 111
269 254 112
269 254 113
269 255 114
269 255 115
269 255 116
269 255 117
269 256 118
269 256 119
268 256 120
268 256 121
269 257 122
269 257 123
269 257 124
269 257 125
269 258 126
269 258 127
269 258 128
269 258 129
268 259 130
268 259 131
268 259 132
268 260 133
267 260 134
268 261 135
267 261 136
267 262 137
267 262 138
266 262 139
266 262 140
266 263 141
266 263 142
266 264 143
266 265 144
266 265 145
266 266 146
266 267 147
265 267 148
266 268 149
265 268 150
265 269 151
265 269 152
264 269 153
265 270 154
264 270 155
263 271 156
262 271 157
262 272 158
262 273 159
262 274 160
262 274 161
262 275 162
261 275 163
261 276 164
261 276 165
261 277 166
261 277 167
261 277 168
261 277 169
261 278 170
260 279 171
260 280 171
259 281 172
258 281 173
258 282 174
258 283 175
257 284 176
257 285 177
256 286 178
256 287 179
255 288 180
254 289 181
253 290 181
252 291 182
251 292 183
251 293 184
250 294 185
250 295 185
249 296 186
249 297 187
248 298 188
247 299 189
248 300 189
247 301 190
246 302 191
246 303 191
245 304 192
245 305 192
244 306 193
244 307 193
243 308 194
231 308 195
167
270 250 25
270 250 26
270 249 27
270 249 28
270 249 29
270 249 30
271 250 31
271 250 32
271 250 33
271 249 34
271 249 35
271 249 36
271 248 37
271 248 38
271 248 39
271 248 40
271 248 41
271 248 42
271 247 43
271 247 44
270 247 45
270 246 46
271 247 47
271 247 48
271 248 49
270 249 50
270 248 51
271 247 52
271 246 53
271 246 54
270 245 55
269 245 56
269 245 57
270 246 58
270 245 59
271 246 60
272 245 61
271 245 62
271 246 63
271 247 64
271 246 65
270 245 66
270 244 67
270 244 68
271 243 69
271 243 70
271 243 71
272 242 72
272 242 73
272 241 74
271 241 75
271 241 76
271 240 77
271 240 78
271 239 79
272 239 80
272 239 81
271 238 82
271 238 83
271 238 84
270 237 85
271 236 86
272 236 87
271 235 88
271 235 89
271 234 90
271 234 91
271 233 92
271 233 93
271 232 94
272 232 95
271 231 96
271 231 97
271 230 98
271 230 99
271 229 100
270 229 101
271 228 102
271 228 103
271 227 104
271 227 105
271 226 106
270 226 107
271 225 108
271 224 109
272 223 110
272 222 111
272 221 112
271 220 113
271 219 114
271 218 115
271 218 116
271 217 117
271 216 118
271 216 119
271 215 120
271 214 121
271 214 122
271 213 123
271 212 124
271 211 125
271 210 126
271 209 127
271 208 128
271 207 129
271 206 130
271 205 131
271 204 131
271 203 131
271 202 132
272 201 132
271 200 132
271 199 133
270 198 134
270 197 134
269 196 134
269 195 135
270 194 135
270 193 136
269 192 137
269 191 138
269 190 138
270 189 138
270 188 139
271 187 138
270 186 139
269 185 139
269 184 139
269 183 139
270 182 139
270 181 139
270 180 139
270 179 139
270 178 139
270 177 139
270 176 139
270 175 140
270 174 140
270 173 140
270 172 140
271 171 141
271 170 141
271 169 140
271 168 140
272 167 141
272 166 141
273 165 141
273 164 140
273 163 140
272 162 140
272 161 139
271 160 140
272 159 139
272 158 139
272 157 139
272 156 138
273 155 138
273 154 137
273 153 137
273 152 136
273 151 136
274 150 135
274 149 135
274 148 134
275 147 134
275 146 133
276 140 128
166
270 250 25
270 250 26
270 249 27
270 249 28
270 249 29
270 249 30
271 250 31
271 250 32
271 250 33
271 249 34
271 249 35
271 249 36
271 248 37
271 248 38
271 248 39
271 248 40
271 248 41
271 248 42
271 247 43
271 247 44
270 247 45
270 246 46
271 247 47
271 247 48
271 248 49
270 249 50
270 248 51
271 247 52
271 246 53
271 246 54
270 245 55
269 245 56
269 245 57
270 246 58
270 245 59
271 246 60
272 245 61
271 245 62
271 246 63
271 247 64
271 246 65
270 245 66
270 244 67
270 244 68
271 243 69
271 243 70
271 243 71
272 242 72
272 242 73
272 241 74
271 241 75
271 241 76
271 240 77
271 240 78
271 239 79
272 239 80
272 239 81
271 238 82
271 238 83
271 238 84
270 237 85
271 236 86
272 236 87
271 235 88
271 235 89
271 234 90
271 234 91
271 233 92
271 233 93
271 232 94
272 232 95
271 231 96
271 231 97
271 230 98
271 230 99
271 229 100
270 229 101
271 228 102
271 228 103
271 227 104
271 227 105
271 226 106
270 226 107
271 225 108
271 224 109
272 223 110
272 222 111
272 221 112
271 220 113
271 219 114
271 218 115
271 218 116
271 217 117
271 216 118
271 216 119
271 215 120
271 214 121
271 214 122
271 213 123
271 212 124
271 211 125
271 210 126
271 209 127
271 208 128
271 207 129
271 206 130
271 205 131
271 204 131
271 203 131
271 202 132
272 201 132
271 200 132
271 199 133
270 198 134
270 197 134
269 196 134
269 195 135
270 194 135
270 193 136
269 192 137
269 191 138
269 190 138
270 189 138
270 188 139
271 187 138
270 186 139
269 185 139
269 184 139
269 183 139
270 182 139
270 181 139
270 180 139
270 179 139
270 178 139
270 177 139
270 176 139
270 175 140
270 174 140
270 173 140
270 172 140
271 171 141
271 170 141
271 169 140
271 168 140
272 167 141
272 166 141
273 165 141
273 164 140
273 163 140
272 162 140
272 161 139
271 160 140
272 159 139
272 158 139
272 157 139
272 156 138
273 155 138
273 154 137
273 153 137
273 152 136
273 151 136
274 150 135
274 149 135
274 148 134
275 147 134
275 146 133
163
270 250 25
270 250 26
270 249 27
270 249 28
270 249 29
270 249 30
271 250 31
271 250 32
271 250 33
271 249 34
271 249 35
271 249 36
271 248 37
271 248 38
271 248 39
271 248 40
271 248 41
271 248 42
271 247 43
271 247 44
270 247 45
270 246 46
271 247 47
271 247 48
271 248 49
270 249 50
270 248 51
271 247 52
271 246 53
271 246 54
270 245 55
269 245 56
269 245 57
270 246 58
270 245 59
271 246 60
272 245 61
271 245 62
271 246 63
271 247 64
271 248 65
271 248 66
270 248 67
271 248 68
271 248 69
271 248 70
271 248 71
271 248 72
271 248 73
271 248 74
271 248 75
271 248 76
270 248 77
270 248 78
270 248 79
270 248 80
271 248 81
270 248 82
270 248 83
269 248 84
270 248 85
271 248 86
272 247 87
271 248 88
272 249 89
271 249 90
271 248 91
270 249 92
269 249 93
269 249 94
270 250 95
270 250 96
270 251 97
270 251 98
271 251 99
271 252 100
271 252 101
271 252 102
270 252 103
270 252 104
271 253 105
270 253 106
270 253 107
271 254 108
270 253 109
270 254 110
269 254 111
269 254 112
269 254 113
269 255 114
269 255 115
269 255 116
269 255 117
269 256 118
269 256 119
268 256 120
268 256 121
269 257 122
269 257 123
269 257 124
269 257 125
269 258 126
269 258 127
269 258 128
269 258 129
268 259 130
268 259 131
268 259 132
268 260 133
267 260 134
268 261 135
267 261 136
267 262 137
267 262 138
266 262 139
266 262 140
266 263 141
266 263 142
266 264 143
266 265 144
266 265 145
266 266 146
266 267 147
265 267 148
266 268 149
265 268 150
265 269 151
265 269 152
264 269 153
265 270 154
264 270 155
263 271 156
262 271 157
262 272 158
262 273 159
262 274 160
262 274 161
262 275 162
261 275 163
261 276 164
261 276 165
261 277 166
261 277 167
261 277 168
261 277 169
261 278 170
260 279 171
260 280 171
259 281 172
258 281 173
258 282 174
258 283 175
257 284 176
257 285 177
256 286 178
256 287 179
255 288 180
254 289 181
255 290 180
255 291 180
256 292 180
257 293 179
258 294 179
159
270 250 25
270 250 26
270 249 27
270 249 28
270 249 29
270 249 30
271 250 31
271 250 32
271 250 33
271 249 34
271 249 35
271 249 36
271 248 37
271 248 38
271 248 39
271 248 40
271 248 41
271 248 42
271 247 43
271 247 44
270 247 45
270 246 46
271 247 47
271 247 48
271 248 49
270 249 50
270 248 51
271 247 52
271 246 53
271 246 54
270 245 55
269 245 56
269 245 57
270 246 58
270 245 59
271 246 60
272 245 61
271 245 62
271 246 63
271 247 64
271 248 65
271 248 66
270 248 67
271 248 68
271 248 69
271 248 70
271 248 71
271 248 72
271 248 73
271 248 74
271 248 75
271 248 76
270 248 77
270 248 78
270 248 79
270 248 80
271 248 81
270 248 82
270 248 83
269 248 84
270 248 85
271 248 86
272 247 87
271 248 88
272 249 89
271 249 90
271 248 91
270 249 92
269 249 93
269 249 94
270 250 95
270 250 96
270 251 97
270 251 98
271 251 99
271 252 100
271 252 101
271 252 102
270 252 103
270 252 104
271 253 105
270 253 106
270 253 107
271 254 108
270 253 109
270 254 110
269 254 111
269 254 112
269 254 113
269 255 114
269 255 115
269 255 116
269 255 117
269 256 118
269 256 119
268 256 120
268 256 121
269 257 122
269 257 123
269 257 124
269 257 125
269 258 126
269 258 127
269 258 128
269 258 129
268 259 130
268 259 131
268 259 132
268 260 133
267 260 134
268 261 135
267 261 136
267 262 137
267 262 138
266 262 139
266 262 140
266 263 141
266 263 142
266 264 143
266 265 144
266 265 145
266 266 146
266 267 147
265 267 148
266 268 149
265 268 150
265 269 151
265 269 152
264 269 153
265 270 154
264 270 155
263 271 156
262 271 157
262 272 158
262 273 159
262 274 160
262 274 161
262 275 162
261 275 163
261 276 164
261 276 165
261 277 166
261 277 167
261 277 168
261 277 169
261 278 170
260 279 171
260 280 171
259 281 172
258 281 173
258 282 174
258 283 175
257 284 176
257 285 177
256 286 178
257 287 178
258 287 177
259 288 176
260 288 176
154
270 250 25
270 250 26
270 249 27
270 249 28
270 249 29
270 249 30
271 250 31
271 250 32
271 250 33
271 249 34
271 249 35
271 249 36
271 248 37
271 248 38
271 248 39
271 248 40
271 248 41
271 248 42
271 247 43
271 247 44
270 247 45
270 246 46
271 247 47
271 247 48
271 248 49
270 249 50
270 248 51
271 247 52
271 246 53
271 246 54
270 245 55
269 245 56
269 245 57
270 246 58
270 245 59
271 246 60
272 245 61
271 245 62
271 246 63
271 247 64
271 248 65
271 248 66
270 248 67
271 248 68
271 248 69
271 248 70
271 248 71
271 248 72
271 248 73
271 248 74
271 248 75
271 248 76
270 248 77
270 248 78
270 248 79
270 248 80
271 248 81
270 248 82
270 248 83
269 248 84
270 248 85
271 248 86
272 247 87
271 248 88
272 249 89
271 249 90
271 248 91
270 249 92
269 249 93
269 249 94
270 250 95
270 250 96
270 251 97
270 251 98
271 251 99
271 252 100
271 252 101
271 252 102
270 252 103
270 252 104
271 253 105
270 253 106
270 253 107
271 254 108
270 253 109
270 254 110
269 254 111
269 254 112
269 254 113
269 255 114
269 255 115
269 255 116
269 255 117
269 256 118
269 256 119
268 256 120
268 256 121
269 257 122
269 257 123
269 257 124
269 257 125
269 258 126
269 258 127
269 258 128
269 258 129
268 259 130
268 259 131
268 259 132
268 260 133
267 260 134
268 261 135
267 261 136
267 262 137
267 262 138
266 262 139
266 262 140
266 263 141
266 263 142
266 264 143
266 265 144
266 265 145
266 266 146
266 267 147
265 267 148
266 268 149
265 268 150
265 269 151
265 269 152
264 269 153
265 270 154
264 270 155
263 271 156
262 271 157
262 272 158
262 273 159
262 274 160
262 274 161
262 275 162
261 275 163
261 276 164
261 276 165
261 277 166
261 277 167
261 277 168
261 277 169
261 278 170
260 279 171
260 280 171
261 281 172
262 281 171
263 281 172
264 281 173
264 281 174
265 282 175
123
270 250 25
270 250 26
270 249 27
270 249 28
270 249 29
270 249 30
271 250 31
271 250 32
271 250 33
271 249 34
271 249 35
271 249 36
271 248 37
271 248 38
271 248 39
271 248 40
271 248 41
271 248 42
271 247 43
271 247 44
270 247 45
270 246 46
271 247 47
271 247 48
271 248 49
270 249 50
270 248 51
271 247 52
271 246 53
271 246 54
270 245 55
269 245 56
269 245 57
270 246 58
270 245 59
271 246 60
272 245 61
271 245 62
271 246 63
271 247 64
271 248 65
271 248 66
270 248 67
271 248 68
271 248 69
271 248 70
271 248 71
271 248 72
271 248 73
271 248 74
271 248 75
271 248 76
270 248 77
270 248 78
270 248 79
270 248 80
271 248 81
270 248 82
270 248 83
269 248 84
270 248 85
271 248 86
272 247 87
271 248 88
272 249 89
271 249 90
271 248 91
271 248 92
271 247 93
271 246 94
271 247 95
271 247 96
271 247 97
271 246 98
271 246 99
271 246 100
271 246 101
271 245 102
271 245 103
271 245 104
272 245 105
272 245 106
272 245 107
272 245 108
272 245 109
272 245 110
272 245 111
272 245 112
272 245 113
272 245 114
272 245 115
273 245 116
273 244 117
273 244 118
273 244 119
273 244 120
273 244 121
273 244 122
272 244 123
272 244 124
272 244 125
272 243 126
272 244 127
272 244 128
272 244 129
272 244 130
272 243 131
272 243 132
272 243 133
272 243 134
272 243 135
272 243 136
272 243 137
272 243 138
271 242 139
271 243 140
272 244 141
271 244 142
270 244 143
269 243 144
268 242 144
268 241 145
267 240 146
114
270 250 25
270 250 26
270 249 27
270 249 28
270 249 29
270 249 30
271 250 31
271 250 32
271 250 33
271 249 34
271 249 35
271 249 36
271 248 37
271 248 38
271 248 39
271 248 40
271 248 41
271 248 42
271 247 43
271 247 44
270 247 45
270 246 46
271 247 47
271 247 48
271 248 49
270 249 50
271 250 50
271 251 49
271 252 50
271 252 51
271 252 52
270 253 53
271 254 53
272 254 54
272 254 55
271 255 56
271 256 57
270 256 58
270 256 59
271 257 60
270 257 61
270 258 62
270 258 63
270 258 64
270 258 65
269 259 66
270 260 67
269 260 68
269 260 69
269 260 70
269 261 71
269 261 72
268 261 73
269 262 74
269 263 75
269 263 76
269 263 77
269 264 78
268 265 79
268 265 80
268 266 81
268 267 82
267 267 83
267 268 84
267 269 85
266 270 86
266 271 87
266 272 88
266 272 89
266 273 90
266 274 91
266 275 92
266 276 93
266 276 94
265 277 95
265 278 96
264 279 96
264 280 97
263 281 98
262 282 99
262 283 99
262 284 99
262 285 100
261 286 101
261 287 101
260 288 102
260 289 102
260 290 102
259 291 103
259 292 103
259 293 104
258 294 104
258 295 105
258 296 105
257 297 105
256 298 105
256 299 105
255 300 105
254 301 105
253 301 105
252 302 105
251 303 105
251 304 105
250 305 105
250 306 105
250 311 104
249 312 103
250 313 103
250 319 102
249 320 101
246 326 96
246 327 95
247 328 94
242 333 86
113
270 250 25
270 250 26
270 249 27
270 249 28
270 249 29
270 249 30
271 250 31
271 250 32
271 250 33
271 249 34
271 249 35
271 249 36
271 248 37
271 248 38
271 248 39
271 248 40
271 248 41
271 248 42
271 247 43
271 247 44
270 247 45
270 246 46
271 247 47
271 247 48
271 248 49
270 249 50
271 250 50
271 251 49
271 252 50
271 252 51
271 252 52
270 253 53
271 254 53
272 254 54
272 254 55
271 255 56
271 256 57
270 256 58
270 256 59
271 257 60
270 257 61
270 258 62
270 258 63
270 258 64
270 258 65
269 259 66
270 260 67
269 260 68
269 260 69
269 260 70
269 261 71
269 261 72
268 261 73
269 262 74
269 263 75
269 263 76
269 263 77
269 264 78
268 265 79
268 265 80
268 266 81
268 267 82
267 267 83
267 268 84
267 269 85
266 270 86
266 271 87
266 272 88
266 272 89
266 273 90
266 274 91
266 275 92
266 276 93
266 276 94
265 277 95
265 278 96
264 279 96
264 280 97
263 281 98
262 282 99
262 283 99
262 284 99
262 285 100
261 286 101
261 287 101
260 288 102
260 289 102
260 290 102
259 291 103
259 292 103
259 293 104
258 294 104
258 295 105
258 296 105
257 297 105
256 298 105
256 299 105
255 300 105
254 301 105
253 301 105
252 302 105
251 303 105
251 304 105
250 305 105
250 306 105
250 311 104
249 312 103
250 313 103
250 319 102
249 320 101
246 326 96
246 327 95
247 328 94
111
270 250 25
270 250 26
270 249 27
270 249 28
270 249 29
270 249 30
271 250 31
271 250 32
271 250 33
271 249 34
271 249 35
271 249 36
271 248 37
271 248 38
271 248 39
271 248 40
271 248 41
271 248 42
271 247 43
271 247 44
270 247 45
270 246 46
271 247 47
271 247 48
271 248 49
270 249 50
271 250 50
271 251 49
271 252 50
271 252 51
271 252 52
270 253 53
271 254 53
272 254 54
272 254 55
271 255 56
271 256 57
270 256 58
270 256 59
271 257 60
270 257 61
270 258 62
270 258 63
270 258 64
270 258 65
269 259 66
270 260 67
269 260 68
269 260 69
269 260 70
269 261 71
269 261 72
268 261 73
269 262 74
269 263 75
269 263 76
269 263 77
269 264 78
268 265 79
268 265 80
268 266 81
268 267 82
267 267 83
267 268 84
267 269 85
266 270 86
266 271 87
266 272 88
266 272 89
266 273 90
266 274 91
266 275 92
266 276 93
266 276 94
265 277 95
265 278 96
264 279 96
264 280 97
263 281 98
262 282 99
262 283 99
262 284 99
262 285 100
261 286 101
261 287 101
260 288 102
260 289 102
260 290 102
259 291 103
259 292 103
259 293 104
258 294 104
258 295 105
258 296 105
257 297 105
256 298 105
256 299 105
255 300 105
254 301 105
253 301 105
252 302 105
251 303 105
251 304 105
250 305 105
250 306 105
250 311 104
249 312 103
250 313 103
250 319 102
249 320 101
246 326 96
111
270 250 25
270 250 26
270 249 27
270 249 28
270 249 29
270 249 30
271 250 31
271 250 32
271 250 33
271 249 34
271 249 35
271 249 36
271 248 37
271 248 38
271 248 39
271 248 40
271 248 41
271 248 42
271 247 43
271 247 44
270 247 45
270 246 46
271 247 47
271 247 48
271 248 49
270 249 50
271 250 50
271 251 49
271 252 50
271 252 51
271 252 52
270 253 53
271 254 53
272 254 54
272 254 55
271 255 56
271 256 57
270 256 58
270 256 59
271 257 60
270 257 61
270 258 62
270 258 63
270 258 64
270 258 65
269 259 66
270 260 67
269 260 68
269 260 69
269 260 70
269 261 71
269 261 72
268 261 73
269 262 74
269 263 75
269 263 76
269 263 77
269 264 78
268 265 79
268 265 80
268 266 81
268 267 82
267 267 83
267 268 84
267 269 85
266 270 86
266 271 87
266 272 88
266 272 89
266 273 90
266 274 91
266 275 92
266 276 93
266 276 94
265 277 95
265 278 96
264 279 96
264 280 97
263 281 98
262 282 99
262 283 99
262 284 99
262 285 100
261 286 101
261 287 101
260 288 102
260 289 102
260 290 102
259 291 103
259 292 103
259 293 104
258 294 104
258 295 105
258 296 105
257 297 105
256 298 105
256 299 105
255 300 105
254 301 105
253 301 105
252 302 105
251 303 105
251 304 105
250 305 105
250 306 105
251 310 104
252 310 104
253 311 105
254 310 105
255 309 105
256 308 105
110
270 250 25
270 250 26
270 249 27
270 249 28
270 249 29
270 249 30
271 250 31
271 250 32
271 250 33
271 249 34
271 249 35
271 249 36
271 248 37
271 248 38
271 248 39
271 248 40
271 248 41
271 248 42
271 247 43
271 247 44
270 247 45
270 246 46
271 247 47
271 247 48
271 248 49
270 249 50
271 250 50
271 251 49
271 252 50
271 252 51
271 252 52
270 253 53
271 254 53
272 254 54
272 254 55
271 255 56
271 256 57
270 256 58
270 256 59
271 257 60
270 257 61
270 258 62
270 258 63
270 258 64
270 258 65
269 259 66
270 260 67
269 260 68
269 260 69
269 260 70
269 261 71
269 261 72
268 261 73
269 262 74
269 263 75
269 263 76
269 263 77
269 264 78
268 265 79
268 265 80
268 266 81
268 267 82
267 267 83
267 268 84
267 269 85
266 270 86
266 271 87
266 272 88
266 272 89
266 273 90
266 274 91
266 275 92
266 276 93
266 276 94
265 277 95
265 278 96
264 279 96
264 280 97
263 281 98
262 282 99
262 283 99
262 284 99
262 285 100
261 286 101
261 287 101
260 288 102
260 289 102
260 290 102
259 291 103
259 292 103
259 293 104
258 294 104
258 295 105
258 296 105
257 297 105
256 298 105
256 299 105
255 300 105
254 301 105
253 301 105
252 302 105
251 303 105
251 304 105
250 305 105
250 306 105
250 311 104
249 312 103
250 313 103
250 319 102
249 320 101
109
270 250 25
270 250 26
270 249 27
270 249 28
270 249 29
270 249 30
271 250 31
271 250 32
271 250 33
271 249 34
271 249 35
271 249 36
271 248 37
271 248 38
271 248 39
271 248 40
271 248 41
271 248 42
271 247 43
271 247 44
270 247 45
270 246 46
271 247 47
271 247 48
271 248 49
270 249 50
271 250 50
271 251 49
271 252 50
271 252 51
271 252 52
270 253 53
271 254 53
272 254 54
272 254 55
271 255 56
271 256 57
270 256 58
270 256 59
271 257 60
270 257 61
270 258 62
270 258 63
270 258 64
270 258 65
269 259 66
270 260 67
269 260 68
269 260 69
269 260 70
269 261 71
269 261 72
268 261 73
269 262 74
269 263 75
269 263 76
269 263 77
269 264 78
268 265 79
268 265 80
268 266 81
268 267 82
267 267 83
267 268 84
267 269 85
266 270 86
266 271 87
266 272 88
266 272 89
266 273 90
266 274 91
266 275 92
266 276 93
266 276 94
265 277 95
265 278 96
264 279 96
264 280 97
263 281 98
262 282 99
262 283 99
262 284 99
262 285 100
261 286 101
261 287 101
260 288 102
260 289 102
260 290 102
259 291 103
259 292 103
259 293 104
258 294 104
258 295 105
258 296 105
257 297 105
256 298 105
256 299 105
255 300 105
254 301 105
253 301 105
252 302 105
251 303 105
251 304 105
250 305 105
250 306 105
251 310 104
252 310 104
253 311 105
252 312 105
109
270 250 25
270 250 26
270 249 27
270 249 28
270 249 29
270 249 30
271 250 31
271 250 32
271 250 33
271 249 34
271 249 35
271 249 36
271 248 37
271 248 38
271 248 39
271 248 40
271 248 41
271 248 42
271 247 43
271 247 44
270 247 45
270 246 46
271 247 47
271 247 48
271 248 49
270 249 50
271 250 50
271 251 49
271 252 50
271 252 51
271 252 52
270 253 53
271 254 53
272 254 54
272 254 55
271 255 56
271 256 57
270 256 58
270 256 59
271 257 60
270 257 61
270 258 62
270 258 63
270 258 64
270 258 65
269 259 66
270 260 67
269 260 68
269 260 69
269 260 70
269 261 71
269 261 72
268 261 73
269 262 74
269 263 75
269 263 76
269 263 77
269 264 78
268 265 79
268 265 80
268 266 81
268 267 82
267 267 83
267 268 84
267 269 85
266 270 86
266 271 87
266 272 88
266 272 89
266 273 90
266 274 91
266 275 92
266 276 93
266 276 94
265 277 95
265 278 96
264 279 96
264 280 97
263 281 98
262 282 99
262 283 99
262 284 99
262 285 100
261 286 101
261 287 101
260 288 102
260 289 102
260 290 102
259 291 103
259 292 103
259 293 104
258 294 104
258 295 105
258 296 105
257 297 105
256 298 105
256 299 105
255 300 105
254 301 105
253 301 105
252 302 105
251 303 105
251 304 105
250 305 105
250 306 105
250 311 104
249 312 103
250 313 103
251 313 104
108
270 250 25
270 250 26
270 249 27
270 249 28
270 249 29
270 249 30
271 250 31
271 250 32
271 250 33
271 249 34
271 249 35
271 249 36
271 248 37
271 248 38
271 248 39
271 248 40
271 248 41
271 248 42
271 247 43
271 247 44
270 247 45
270 246 46
271 247 47
271 247 48
271 248 49
270 249 50
271 250 50
271 251 49
271 252 50
271 252 51
271 252 52
270 253 53
271 254 53
272 254 54
272 254 55
271 255 56
271 256 57
270 256 58
270 256 59
271 257 60
270 257 61
270 258 62
270 258 63
270 258 64
270 258 65
269 259 66
270 260 67
269 260 68
269 260 69
269 260 70
269 261 71
269 261 72
268 261 73
269 262 74
269 263 75
269 263 76
269 263 77
269 264 78
268 265 79
268 265 80
268 266 81
268 267 82
267 267 83
267 268 84
267 269 85
266 270 86
266 271 87
266 272 88
266 272 89
266 273 90
266 274 91
266 275 92
266 276 93
266 276 94
265 277 95
265 278 96
264 279 96
264 280 97
263 281 98
262 282 99
262 283 99
262 284 99
262 285 100
261 286 101
261 287 101
260 288 102
260 289 102
260 290 102
259 291 103
259 292 103
259 293 104
258 294 104
258 295 105
258 296 105
257 297 105
256 298 105
256 299 105
255 300 105
254 301 105
253 301 105
252 302 105
251 303 105
251 304 105
250 305 105
250 306 105
250 311 104
249 312 103
249 318 102
105
270 250 25
270 250 26
270 249 27
270 249 28
270 249 29
270 249 30
271 250 31
271 250 32
271 250 33
271 249 34
271 249 35
271 249 36
271 248 37
271 248 38
271 248 39
271 248 40
271 248 41
271 248 42
271 247 43
271 247 44
270 247 45
270 246 46
271 247 47
271 247 48
271 248 49
270 249 50
271 250 50
271 251 49
271 252 50
271 252 51
271 252 52
270 253 53
271 254 53
272 254 54
272 254 55
271 255 56
271 256 57
270 256 58
270 256 59
271 257 60
270 257 61
270 258 62
270 258 63
270 258 64
270 258 65
269 259 66
270 260 67
269 260 68
269 260 69
269 260 70
269 261 71
269 261 72
268 261 73
269 262 74
269 263 75
269 263 76
269 263 77
269 264 78
268 265 79
268 265 80
268 266 81
268 267 82
267 267 83
267 268 84
267 269 85
266 270 86
266 271 87
266 272 88
266 272 89
266 273 90
266 274 91
266 275 92
266 276 93
266 276 94
265 277 95
265 278 96
264 279 96
264 280 97
263 281 98
262 282 99
262 283 99
262 284 99
262 285 100
261 286 101
261 287 101
260 288 102
260 289 102
260 290 102
259 291 103
259 292 103
259 293 104
258 294 104
258 295 105
258 296 105
257 297 105
256 298 105
256 299 105
255 300 105
254 301 105
253 301 105
252 302 105
251 303 105
251 304 105
250 305 105
250 306 105
91
270 250 25
270 250 26
270 249 27
270 249 28
270 249 29
270 249 30
271 250 31
271 250 32
271 250 33
271 249 34
271 249 35
271 249 36
271 248 37
271 248 38
271 248 39
271 248 40
271 248 41
271 248 42
271 247 43
271 247 44
270 247 45
270 246 46
271 247 47
271 247 48
271 248 49
270 249 50
270 248 51
271 247 52
271 246 53
271 246 54
270 245 55
269 245 56
269 245 57
270 246 58
270 245 59
271 246 60
272 245 61
271 245 62
271 246 63
271 247 64
271 248 65
271 248 66
270 248 67
271 248 68
271 248 69
271 248 70
271 248 71
271 248 72
271 248 73
271 248 74
271 248 75
271 248 76
270 248 77
270 248 78
270 248 79
270 248 80
271 248 81
270 248 82
270 248 83
269 248 84
270 248 85
271 248 86
272 247 87
271 248 88
272 249 89
271 249 90
271 248 91
271 248 92
271 247 93
271 246 94
271 247 95
271 247 96
271 247 97
271 246 98
271 246 99
271 246 100
271 246 101
271 245 102
271 245 103
271 245 104
272 245 105
272 245 106
272 245 107
272 245 108
272 245 109
272 245 110
272 245 111
272 245 112
272 245 113
272 245 114
278 250 114
88
270 250 25
270 250 26
270 249 27
270 249 28
270 249 29
270 249 30
271 250 31
271 250 32
271 250 33
271 249 34
271 249 35
271 249 36
271 248 37
271 248 38
271 248 39
271 248 40
271 248 41
271 248 42
271 247 43
271 247 44
270 247 45
270 246 46
271 247 47
271 247 48
271 248 49
270 249 50
270 248 51
271 247 52
271 246 53
271 246 54
270 245 55
269 245 56
269 245 57
270 246 58
270 245 59
271 246 60
272 245 61
271 245 62
271 246 63
271 247 64
271 248 65
271 248 66
270 248 67
271 248 68
271 248 69
271 248 70
271 248 71
271 248 72
271 248 73
271 248 74
271 248 75
271 248 76
270 248 77
270 248 78
270 248 79
270 248 80
271 248 81
270 248 82
270 248 83
269 248 84
270 248 85
271 248 86
272 247 87
271 248 88
272 249 89
271 249 90
271 248 91
270 249 92
269 249 93
269 249 94
270 250 95
270 250 96
270 251 97
270 251 98
271 251 99
271 252 100
271 252 101
271 252 102
270 252 103
270 252 104
271 253 105
270 253 106
270 253 107
271 254 108
272 254 108
273 255 108
274 255 109
274 255 110
72
270 250 25
270 250 26
270 249 27
270 249 28
270 249 29
270 249 30
271 250 31
271 250 32
271 250 33
271 249 34
271 249 35
271 249 36
271 248 37
271 248 38
271 248 39
271 248 40
271 248 41
271 248 42
271 247 43
271 247 44
270 247 45
270 246 46
271 247 47
271 247 48
271 248 49
270 249 50
270 248 51
271 247 52
271 246 53
271 246 54
270 245 55
269 245 56
269 245 57
269 239 57
270 235 57
270 234 58
270 234 59
270 233 60
271 232 61
271 232 62
271 231 63
270 230 64
271 229 65
270 228 66
270 227 66
270 226 67
270 225 68
273 219 73
270 213 75
275 206 76
275 205 76
275 204 76
275 203 76
276 202 76
277 201 75
278 200 75
278 199 75
279 198 75
280 197 75
281 196 76
282 195 76
281 194 75
282 193 75
282 192 75
282 191 75
282 190 75
282 189 75
283 188 75
283 187 75
284 186 75
285 185 76
284 184 75
72
270 250 25
270 250 26
270 249 27
270 249 28
270 249 29
270 249 30
271 250 31
271 250 32
271 250 33
271 249 34
271 249 35
271 249 36
271 248 37
271 248 38
271 248 39
271 248 40
271 248 41
271 248 42
271 247 43
271 247 44
270 247 45
270 246 46
271 247 47
271 247 48
271 248 49
270 249 50
270 248 51
271 247 52
271 246 53
271 246 54
270 245 55
269 245 56
269 245 57
269 239 57
270 235 57
270 234 58
270 234 59
270 233 60
271 232 61
271 232 62
271 231 63
270 230 64
271 229 65
270 228 66
270 227 66
270 226 67
270 225 68
273 219 73
270 213 75
275 206 76
275 205 76
275 204 76
275 203 76
276 202 76
277 201 75
278 200 75
278 199 75
279 198 75
280 197 75
281 196 76
282 195 76
281 194 75
282 193 75
282 192 75
282 191 75
282 190 75
282 189 75
283 188 75
283 187 75
283 186 75
282 185 75
283 184 75
68
270 250 25
270 250 26
270 249 27
270 249 28
270 249 29
270 249 30
271 250 31
271 250 32
271 250 33
271 249 34
271 249 35
271 249 36
271 248 37
271 248 38
271 248 39
271 248 40
271 248 41
271 248 42
271 247 43
271 247 44
270 247 45
270 246 46
271 247 47
271 247 48
271 248 49
270 249 50
270 248 51
271 247 52
271 246 53
271 246 54
270 245 55
269 245 56
269 245 57
270 246 58
270 245 59
271 246 60
272 245 61
271 245 62
271 246 63
271 247 64
271 248 65
271 248 66
270 248 67
271 248 68
271 248 69
271 248 70
271 248 71
271 248 72
271 248 73
271 248 74
271 248 75
271 248 76
270 248 77
270 248 78
270 248 79
270 248 80
271 248 81
270 248 82
270 248 83
269 248 84
270 248 85
271 248 86
272 247 87
273 247 87
274 246 88
274 245 89
274 245 90
275 244 95
68
270 250 25
270 250 26
270 249 27
270 249 28
270 249 29
270 249 30
271 250 31
271 250 32
271 250 33
271 249 34
271 249 35
271 249 36
271 248 37
271 248 38
271 248 39
271 248 40
271 248 41
271 248 42
271 247 43
271 247 44
270 247 45
270 246 46
271 247 47
271 247 48
271 248 49
270 249 50
270 248 51
271 247 52
271 246 53
271 246 54
270 245 55
269 245 56
269 245 57
270 246 58
270 245 59
271 246 60
272 245 61
271 245 62
271 246 63
271 247 64
271 248 65
271 248 66
270 248 67
271 248 68
271 248 69
271 248 70
271 248 71
271 248 72
271 248 73
271 248 74
271 248 75
271 248 76
270 248 77
270 248 78
270 248 79
270 248 80
271 248 81
270 248 82
270 248 83
269 248 84
270 248 85
271 248 86
272 247 87
273 247 87
274 246 88
274 245 89
274 245 90
273 246 91
67
270 250 25
270 250 26
270 249 27
270 249 28
270 249 29
270 249 30
271 250 31
271 250 32
271 250 33
271 249 34
271 249 35
271 249 36
271 248 37
271 248 38
271 248 39
271 248 40
271 248 41
271 248 42
271 247 43
271 247 44
270 247 45
270 246 46
271 247 47
271 247 48
271 248 49
270 249 50
270 248 51
271 247 52
271 246 53
271 246 54
270 245 55
269 245 56
269 245 57
270 246 58
270 245 59
271 246 60
272 245 61
271 245 62
271 246 63
271 247 64
271 248 65
271 248 66
270 248 67
271 248 68
271 248 69
271 248 70
271 248 71
271 248 72
271 248 73
271 248 74
271 248 75
271 248 76
270 248 77
270 248 78
270 248 79
270 248 80
271 248 81
270 248 82
270 248 83
269 248 84
270 248 85
271 248 86
272 247 87
271 248 88
272 249 89
273 249 89
274 248 89
64
270 250 25
270 250 26
270 249 27
270 249 28
270 249 29
270 249 30
271 250 31
271 250 32
271 250 33
271 249 34
271 249 35
271 249 36
271 248 37
271 248 38
271 248 39
271 248 40
271 248 41
271 248 42
271 247 43
271 247 44
270 247 45
270 246 46
271 247 47
271 247 48
271 248 49
270 249 50
270 248 51
271 247 52
271 246 53
271 246 54
270 245 55
269 245 56
269 245 57
270 246 58
270 245 59
271 246 60
272 245 61
271 245 62
271 246 63
271 247 64
271 248 65
271 248 66
270 248 67
271 248 68
271 248 69
271 248 70
271 248 71
271 248 72
271 248 73
271 248 74
271 248 75
271 248 76
270 248 77
270 248 78
270 248 79
270 248 80
271 248 81
270 248 82
270 248 83
269 248 84
268 248 84
267 249 84
266 248 85
265 247 89
63
270 250 25
270 250 26
270 249 27
270 249 28
270 249 29
270 249 30
271 250 31
271 250 32
271 250 33
271 249 34
271 249 35
271 249 36
271 248 37
271 248 38
271 248 39
271 248 40
271 248 41
271 248 42
271 247 43
271 247 44
270 247 45
270 246 46
271 247 47
271 247 48
271 248 49
270 249 50
270 248 51
271 247 52
271 246 53
271 246 54
270 245 55
269 245 56
269 245 57
270 246 58
270 245 59
271 246 60
272 245 61
271 245 62
271 246 63
271 247 64
271 248 65
271 248 66
270 248 67
271 248 68
271 248 69
271 248 70
271 248 71
271 248 72
271 248 73
271 248 74
271 248 75
271 248 76
270 248 77
270 248 78
270 248 79
270 248 80
271 248 81
270 248 82
270 248 83
269 248 84
268 248 84
267 249 84
266 248 85
61
270 250 25
270 250 26
270 249 27
270 249 28
270 249 29
270 249 30
271 250 31
271 250 32
271 250 33
271 249 34
271 249 35
271 249 36
271 248 37
271 248 38
271 248 39
271 248 40
271 248 41
271 248 42
271 247 43
271 247 44
270 247 45
270 246 46
271 247 47
271 247 48
271 248 49
270 249 50
270 248 51
271 247 52
271 246 53
271 246 54
270 245 55
269 245 56
269 245 57
269 239 57
270 235 57
270 234 58
270 234 59
270 233 60
271 232 61
271 232 62
271 231 63
270 230 64
271 229 65
270 228 66
270 227 66
270 226 67
270 225 68
273 219 73
270 213 75
275 206 76
275 205 76
275 204 76
275 203 76
276 202 76
275 201 76
274 200 76
274 199 75
274 198 75
274 197 75
274 196 76
273 195 76
53
270 250 25
270 250 26
270 249 27
270 249 28
270 249 29
270 249 30
271 250 31
271 250 32
271 250 33
271 249 34
271 249 35
271 249 36
271 248 37
271 248 38
271 248 39
271 248 40
271 248 41
271 248 42
271 247 43
271 247 44
270 247 45
270 246 46
271 247 47
271 247 48
271 248 49
270 249 50
270 248 51
271 247 52
271 246 53
271 246 54
270 245 55
269 245 56
269 245 57
270 246 58
270 245 59
271 246 60
272 245 61
271 245 62
271 246 63
271 247 64
271 246 65
270 245 66
270 244 67
270 244 68
269 244 69
268 244 70
268 244 71
268 244 72
268 244 73
267 244 74
267 244 75
267 243 76
266 243 77
50
270 250 25
270 250 26
270 249 27
270 249 28
270 249 29
270 249 30
271 250 31
271 250 32
271 250 33
271 249 34
271 249 35
271 249 36
271 248 37
271 248 38
271 248 39
271 248 40
271 248 41
271 248 42
271 247 43
271 247 44
270 247 45
270 246 46
271 247 47
271 247 48
271 248 49
270 249 50
270 248 51
271 247 52
271 246 53
271 246 54
270 245 55
269 245 56
269 245 57
269 239 57
270 235 57
270 234 58
270 234 59
270 233 60
271 232 61
271 232 62
271 231 63
270 230 64
271 229 65
270 228 66
270 227 66
270 226 67
270 225 68
273 219 73
270 213 75
275 206 76
50
270 250 25
270 250 26
270 249 27
270 249 28
270 249 29
270 249 30
271 250 31
271 250 32
271 250 33
271 249 34
271 249 35
271 249 36
271 248 37
271 248 38
271 248 39
271 248 40
271 248 41
271 248 42
271 247 43
271 247 44
270 247 45
270 246 46
271 247 47
271 247 48
271 248 49
270 249 50
270 248 51
271 247 52
271 246 53
271 246 54
270 245 55
269 245 56
269 245 57
270 246 58
270 245 59
271 246 60
272 245 61
271 245 62
271 246 63
271 247 64
271 248 65
271 248 66
270 248 67
271 248 68
272 248 68
274 250 68
274 250 69
274 250 70
275 250 71
276 249 72
49
270 250 25
270 250 26
270 249 27
270 249 28
270 249 29
270 249 30
271 250 31
271 250 32
271 250 33
271 249 34
271 249 35
271 249 36
271 248 37
271 248 38
271 248 39
271 248 40
271 248 41
271 248 42
271 247 43
271 247 44
270 247 45
270 246 46
271 247 47
271 247 48
271 248 49
270 249 50
270 248 51
271 247 52
271 246 53
271 246 54
270 245 55
269 245 56
269 245 57
269 239 57
270 235 57
270 234 58
270 234 59
270 233 60
271 232 61
271 232 62
271 231 63
270 230 64
271 229 65
270 228 66
270 227 66
270 226 67
270 225 68
273 219 73
270 213 75
48
270 250 25
270 250 26
270 249 27
270 249 28
270 249 29
270 249 30
271 250 31
271 250 32
271 250 33
271 249 34
271 249 35
271 249 36
271 248 37
271 248 38
271 248 39
271 248 40
271 248 41
271 248 42
271 247 43
271 247 44
270 247 45
270 246 46
271 247 47
271 247 48
271 248 49
270 249 50
270 248 51
271 247 52
271 246 53
271 246 54
270 245 55
269 245 56
269 245 57
269 239 57
270 235 57
270 234 58
270 234 59
270 233 60
271 232 61
271 232 62
271 231 63
270 230 64
271 229 65
270 228 66
270 227 66
270 226 67
270 225 68
273 219 73
47
270 250 25
270 250 26
270 249 27
270 249 28
270 249 29
270 249 30
271 250 31
271 250 32
271 250 33
271 249 34
271 249 35
271 249 36
271 248 37
271 248 38
271 248 39
271 248 40
271 248 41
271 248 42
271 247 43
271 247 44
270 247 45
270 246 46
271 247 47
271 247 48
271 248 49
270 249 50
270 248 51
271 247 52
271 246 53
271 246 54
270 245 55
269 245 56
269 245 57
269 239 57
270 235 57
270 234 58
270 234 59
270 233 60
271 232 61
271 232 62
271 231 63
270 230 64
271 229 65
270 228 66
270 227 66
270 226 67
270 225 68
47
270 250 25
270 250 26
270 249 27
270 249 28
270 249 29
270 249 30
271 250 31
271 250 32
271 250 33
271 249 34
271 249 35
271 249 36
271 248 37
271 248 38
271 248 39
271 248 40
271 248 41
271 248 42
271 247 43
271 247 44
270 247 45
270 246 46
271 247 47
271 247 48
271 248 49
270 249 50
270 248 51
271 247 52
271 246 53
271 246 54
270 245 55
269 245 56
269 245 57
270 246 58
270 245 59
271 246 60
272 245 61
271 245 62
271 246 63
271 247 64
271 248 65
271 248 66
270 248 67
271 248 68
272 248 68
273 247 68
274 246 68
46
270 250 25
270 250 26
270 249 27
270 249 28
270 249 29
270 249 30
271 250 31
271 250 32
271 250 33
271 249 34
271 249 35
271 249 36
271 248 37
271 248 38
271 248 39
271 248 40
271 248 41
271 248 42
271 247 43
271 247 44
270 247 45
270 246 46
271 247 47
271 247 48
271 248 49
270 249 50
270 248 51
271 247 52
271 246 53
271 246 54
270 245 55
269 245 56
269 245 57
270 246 58
270 245 59
271 246 60
272 245 61
271 245 62
271 246 63
271 247 64
271 248 65
271 248 66
270 248 67
271 248 68
272 248 68
274 250 68
45
270 250 25
270 250 26
270 249 27
270 249 28
270 249 29
270 249 30
271 250 31
271 250 32
271 250 33
271 249 34
271 249 35
271 249 36
271 248 37
271 248 38
271 248 39
271 248 40
271 248 41
271 248 42
271 247 43
271 247 44
270 247 45
270 246 46
271 247 47
271 247 48
271 248 49
270 249 50
270 248 51
271 247 52
271 246 53
271 246 54
270 245 55
269 245 56
269 245 57
270 246 58
270 245 59
271 246 60
272 245 61
271 245 62
271 246 63
271 247 64
271 246 65
270 245 66
270 244 67
272 244 67
273 245 67
43
270 250 25
270 250 26
270 249 27
270 249 28
270 249 29
270 249 30
271 250 31
271 250 32
271 250 33
271 249 34
271 249 35
271 249 36
271 248 37
271 248 38
271 248 39
271 248 40
271 248 41
271 248 42
271 247 43
271 247 44
270 247 45
270 246 46
271 247 47
271 247 48
271 248 49
270 249 50
270 248 51
271 247 52
271 246 53
271 246 54
270 245 55
269 245 56
269 245 57
270 246 58
270 245 59
271 246 60
272 245 61
271 244 61
271 243 62
270 242 63
270 242 64
270 242 65
269 243 66
43
270 250 25
270 250 26
270 249 27
270 249 28
270 249 29
270 249 30
271 250 31
271 250 32
271 250 33
271 249 34
271 249 35
271 249 36
271 248 37
271 248 38
271 248 39
271 248 40
271 248 41
271 248 42
271 247 43
271 247 44
270 247 45
270 246 46
271 247 47
271 247 48
271 248 49
270 249 50
270 248 51
271 247 52
271 246 53
271 246 54
270 245 55
269 245 56
269 245 57
270 246 58
270 245 59
270 244 59
270 243 59
271 242 59
271 241 60
270 241 61
271 241 62
272 240 63
272 240 64
41
270 250 25
270 250 26
270 249 27
270 249 28
270 249 29
270 249 30
271 250 31
271 250 32
271 250 33
271 249 34
271 249 35
271 249 36
271 248 37
271 248 38
271 248 39
271 248 40
271 248 41
271 248 42
271 247 43
271 247 44
270 247 45
270 246 46
271 247 47
271 247 48
271 248 49
270 249 50
271 250 50
271 251 49
271 252 50
271 252 51
271 252 52
270 253 53
271 254 53
272 254 54
272 254 55
271 255 56
271 256 57
270 256 58
270 256 59
271 257 60
273 256 60
41
270 250 25
270 250 26
270 249 27
270 249 28
270 249 29
270 249 30
271 250 31
271 250 32
271 250 33
271 249 34
271 249 35
271 249 36
271 248 37
271 248 38
271 248 39
271 248 40
271 248 41
271 248 42
271 247 43
271 247 44
270 247 45
270 246 46
271 247 47
271 247 48
271 248 49
270 249 50
270 248 51
271 247 52
271 246 53
271 246 54
270 245 55
269 245 56
269 245 57
270 246 58
270 245 59
270 244 59
270 243 59
271 242 59
271 241 60
270 241 61
269 242 62
36
270 250 25
270 250 26
270 249 27
270 249 28
270 249 29
270 249 30
271 250 31
271 250 32
271 250 33
271 249 34
271 249 35
271 249 36
271 248 37
271 248 38
271 248 39
271 248 40
271 248 41
271 248 42
271 247 43
271 247 44
270 247 45
270 246 46
271 247 47
271 247 48
271 248 49
270 249 50
270 248 51
271 247 52
271 246 53
271 246 54
270 245 55
269 245 56
269 245 57
269 239 57
270 235 57
270 235 56
34
270 250 25
270 250 26
270 249 27
270 249 28
270 249 29
270 249 30
271 250 31
271 250 32
271 250 33
271 249 34
271 249 35
271 249 36
271 248 37
271 248 38
271 248 39
271 248 40
271 248 41
271 248 42
271 247 43
271 247 44
270 247 45
270 246 46
271 247 47
271 247 48
271 248 49
270 249 50
270 248 51
271 247 52
271 246 53
271 246 54
270 245 55
269 245 56
269 245 57
269 239 57
33
270 250 25
270 250 26
270 249 27
270 249 28
270 249 29
270 249 30
271 250 31
271 250 32
271 250 33
271 249 34
271 249 35
271 249 36
271 248 37
271 248 38
271 248 39
271 248 40
271 248 41
271 248 42
271 247 43
271 247 44
270 247 45
270 246 46
271 247 47
271 247 48
271 248 49
270 249 50
271 250 50
271 251 49
271 252 50
271 252 51
271 252 52
270 253 53
270 253 54
32
270 250 25
270 250 26
270 249 27
270 249 28
270 249 29
270 249 30
271 250 31
271 250 32
271 250 33
271 249 34
271 249 35
271 249 36
271 248 37
271 248 38
271 248 39
271 248 40
271 248 41
271 248 42
271 247 43
271 247 44
270 247 45
270 246 46
271 245 46
271 244 46
271 243 47
270 243 48
269 242 49
270 242 50
269 241 51
270 241 52
271 241 53
272 242 53
30
270 250 25
270 250 26
270 249 27
270 249 28
270 249 29
270 249 30
271 250 31
271 250 32
271 250 33
271 249 34
271 249 35
271 249 36
271 248 37
271 248 38
271 248 39
271 248 40
271 248 41
271 248 42
271 247 43
271 247 44
270 247 45
270 246 46
271 245 46
271 244 46
271 243 47
270 243 48
269 242 49
268 243 50
268 244 51
269 245 52
