36
305
243 272 28
244 271 27
242 269 27
241 269 28
241 269 29
241 269 30
241 269 31
241 269 32
240 269 33
239 269 34
239 269 35
239 269 36
239 269 37
238 270 38
238 270 39
237 270 40
237 270 41
237 270 42
239 273 42
243 275 44
243 275 45
243 275 46
243 275 47
243 276 48
243 276 49
243 276 50
242 276 51
242 276 52
242 276 53
242 277 54
242 277 55
242 277 56
242 277 57
242 278 58
242 278 59
241 278 60
241 278 61
241 278 62
240 278 63
239 277 64
240 278 65
240 279 66
240 279 67
240 280 68
239 280 69
239 281 70
239 281 71
238 282 72
239 282 73
239 282 74
239 282 75
239 282 76
239 282 77
239 282 78
239 283 79
239 282 80
239 283 81
240 283 82
240 283 83
240 283 84
240 283 85
239 284 86
240 284 87
240 284 88
240 285 89
239 285 90
238 284 91
237 285 92
237 285 93
237 284 94
237 284 95
237 284 96
237 283 97
237 283 98
236 284 99
237 283 100
236 284 101
236 284 102
236 284 103
236 284 104
235 284 105
235 284 106
235 285 107
235 285 108
235 285 109
234 286 110
234 286 111
234 286 112
234 286 113
234 286 114
234 286 115
234 286 116
234 286 117
234 286 118
233 287 119
233 287 120
233 286 121
233 286 122
232 287 123
233 286 124
232 285 125
232 286 126
232 286 127
232 286 128
231 286 129
231 286 130
231 286 131
231 287 132
231 287 133
231 287 134
230 287 135
230 287 136
230 288 137
230 288 138
230 288 139
230 288 140
229 287 141
228 287 142
227 286 143
226 285 144
225 284 145
224 283 146
223 283 147
222 284 148
221 284 149
221 285 150
221 285 151
220 285 152
219 285 153
219 284 154
219 284 155
219 283 156
218 282 157
218 281 158
218 281 159
217 281 160
216 281 161
215 281 162
215 280 163
214 281 164
213 281 165
212 281 166
212 281 167
212 280 168
212 280 169
211 280 170
211 280 171
210 281 172
209 281 173
209 281 174
208 281 175
207 281 176
207 281 177
207 281 178
206 281 179
206 281 180
205 281 181
205 281 182
204 282 183
204 281 184
204 281 185
203 281 186
202 281 187
201 280 188
200 280 189
199 280 190
198 280 191
197 279 192
196 279 193
195 279 194
194 279 195
194 278 196
193 278 197
192 278 197
191 278 198
190 278 198
189 278 198
188 278 199
187 278 200
187 278 201
186 278 202
186 278 203
185 279 204
184 279 205
184 278 206
183 278 207
182 278 208
182 277 209
181 278 210
180 278 211
179 277 212
178 277 213
177 277 213
176 276 214
175 275 214
174 276 215
173 276 215
172 276 216
171 276 216
170 277 217
169 276 217
168 275 217
167 274 218
166 274 218
165 273 218
164 272 218
163 273 219
162 273 219
161 274 220
160 275 220
159 275 221
158 275 221
157 275 221
156 275 221
155 275 222
154 275 222
153 275 223
152 275 223
151 275 223
150 275 224
149 276 225
148 276 226
147 276 227
146 275 228
145 274 229
144 275 229
143 276 229
142 276 229
141 276 229
140 277 229
139 277 230
138 277 230
137 278 230
136 279 231
135 279 231
134 280 231
133 280 231
132 279 231
131 279 231
130 280 231
129 281 232
116 281 230
115 281 230
114 280 230
113 279 229
112 279 229
111 278 229
110 277 229
109 277 229
108 276 229
107 276 229
106 276 228
105 277 228
104 278 227
103 277 227
102 277 227
101 277 226
100 277 226
99 277 225
98 277 225
97 277 224
96 277 224
95 277 223
94 277 222
93 278 222
92 278 221
91 278 220
90 278 220
89 278 219
88 278 218
87 279 218
86 279 217
85 279 216
84 279 215
83 279 214
82 280 214
81 280 213
80 280 212
79 280 211
78 281 210
77 281 209
76 282 208
75 282 207
74 282 206
74 282 205
73 282 204
72 283 203
71 283 202
70 284 201
69 285 200
68 286 199
67 286 198
66 287 197
66 287 196
65 287 195
65 287 194
65 287 193
65 287 192
64 287 191
63 288 190
63 288 189
63 288 188
63 288 187
63 288 186
63 287 185
304
243 272 28
244 271 27
242 269 27
241 269 28
241 269 29
241 269 30
241 269 31
241 269 32
240 269 33
239 269 34
239 269 35
239 269 36
239 269 37
238 270 38
238 270 39
237 270 40
237 270 41
237 270 42
239 273 42
243 275 44
243 275 45
243 275 46
243 275 47
243 276 48
243 276 49
243 276 50
242 276 51
242 276 52
242 276 53
242 277 54
242 277 55
242 277 56
242 277 57
242 278 58
242 278 59
241 278 60
241 278 61
241 278 62
240 278 63
239 277 64
240 278 65
240 279 66
240 279 67
240 280 68
239 280 69
239 281 70
239 281 71
238 282 72
239 282 73
239 282 74
239 282 75
239 282 76
239 282 77
239 282 78
239 283 79
239 282 80
239 283 81
240 283 82
240 283 83
240 283 84
240 283 85
239 284 86
240 284 87
240 284 88
240 285 89
239 285 90
238 284 91
237 285 92
237 285 93
237 284 94
237 284 95
237 284 96
237 283 97
237 283 98
236 284 99
237 283 100
236 284 101
236 284 102
236 284 103
236 284 104
235 284 105
235 284 106
235 285 107
235 285 108
235 285 109
234 286 110
234 286 111
234 286 112
234 286 113
234 286 114
234 286 115
234 286 116
234 286 117
234 286 118
233 287 119
233 287 120
233 286 121
233 286 122
232 287 123
233 286 124
232 285 125
232 286 126
232 286 127
232 286 128
231 286 129
231 286 130
231 286 131
231 287 132
231 287 133
231 287 134
230 287 135
230 287 136
230 288 137
230 288 138
230 288 139
230 288 140
229 287 141
228 287 142
227 286 143
226 285 144
225 284 145
224 283 146
223 283 147
222 284 148
221 284 149
221 285 150
221 285 151
220 285 152
219 285 153
219 284 154
219 284 155
219 283 156
218 282 157
218 281 158
218 281 159
217 281 160
216 281 161
215 281 162
215 280 163
214 281 164
213 281 165
212 281 166
212 281 167
212 280 168
212 280 169
211 280 170
211 280 171
210 281 172
209 281 173
209 281 174
208 281 175
207 281 176
207 281 177
207 281 178
206 281 179
206 281 180
205 281 181
205 281 182
204 282 183
204 281 184
204 281 185
203 281 186
202 281 187
201 280 188
200 280 189
199 280 190
198 280 191
197 279 192
196 279 193
195 279 194
194 279 195
194 278 196
193 278 197
192 278 197
191 278 198
190 278 198
189 278 198
188 278 199
187 278 200
187 278 201
186 278 202
186 278 203
185 279 204
184 279 205
184 278 206
183 278 207
182 278 208
182 277 209
181 278 210
180 278 211
179 277 212
178 277 213
177 277 213
176 276 214
175 275 214
174 276 215
173 276 215
172 276 216
171 276 216
170 277 217
169 276 217
168 275 217
167 274 218
166 274 218
165 273 218
164 272 218
163 273 219
162 273 219
161 274 220
160 275 220
159 275 221
158 275 221
157 275 221
156 275 221
155 275 222
154 275 222
153 275 223
152 275 223
151 275 223
150 275 224
149 276 225
148 276 226
147 276 227
146 275 228
145 274 229
144 275 229
143 276 229
142 276 229
141 276 229
140 277 229
139 277 230
138 277 230
137 278 230
136 279 231
135 279 231
134 280 231
133 280 231
132 279 231
131 279 231
130 280 231
129 281 232
116 281 230
115 281 230
114 280 230
113 279 229
112 279 229
111 278 229
110 277 229
109 277 229
108 276 229
107 276 229
106 276 228
105 277 228
104 278 227
103 277 227
102 277 227
101 277 226
100 277 226
99 277 225
98 277 225
97 277 224
96 277 224
95 277 223
94 277 222
93 278 222
92 278 221
91 278 220
90 278 220
89 278 219
88 278 218
87 279 218
86 279 217
85 279 216
84 279 215
83 279 214
82 280 214
81 280 213
80 280 212
79 280 211
78 281 210
77 281 209
76 282 208
75 282 207
74 282 206
74 282 205
73 282 204
72 283 203
71 283 202
70 284 201
69 285 200
68 286 199
67 286 198
66 287 197
66 287 196
65 287 195
65 287 194
65 287 193
65 287 192
64 287 191
65 286 190
65 286 189
64 286 188
64 286 187
64 286 186
277
243 272 28
244 271 27
242 269 27
241 269 28
241 269 29
241 269 30
241 269 31
241 269 32
240 269 33
239 269 34
239 269 35
239 269 36
239 269 37
238 270 38
238 270 39
237 270 40
237 270 41
237 270 42
239 273 42
243 275 44
243 275 45
243 275 46
243 275 47
243 276 48
243 276 49
243 276 50
242 276 51
242 276 52
242 276 53
242 277 54
242 277 55
242 277 56
242 277 57
242 278 58
242 278 59
241 278 60
241 278 61
241 278 62
240 278 63
239 277 64
240 278 65
240 279 66
240 279 67
240 280 68
239 280 69
239 281 70
239 281 71
238 282 72
239 282 73
239 282 74
239 282 75
239 282 76
239 282 77
239 282 78
239 283 79
239 282 80
239 283 81
240 283 82
240 283 83
240 283 84
240 283 85
239 284 86
240 284 87
240 284 88
240 285 89
239 285 90
238 284 91
237 285 92
237 285 93
237 284 94
237 284 95
237 284 96
237 283 97
237 283 98
236 284 99
237 283 100
236 284 101
236 284 102
236 284 103
236 284 104
235 284 105
235 284 106
235 285 107
235 285 108
235 285 109
234 286 110
234 286 111
234 286 112
234 286 113
234 286 114
234 286 115
234 286 116
234 286 117
234 286 118
233 287 119
233 287 120
233 286 121
233 286 122
232 287 123
233 286 124
232 285 125
232 286 126
232 286 127
232 286 128
231 286 129
231 286 130
231 286 131
231 287 132
231 287 133
231 287 134
230 287 135
230 287 136
230 288 137
230 288 138
230 288 139
230 288 140
229 287 141
228 288 141
229 289 142
230 290 142
231 291 142
232 292 142
231 293 142
231 294 143
230 294 144
230 295 145
230 296 146
230 297 147
229 297 148
228 298 149
227 298 150
227 299 151
227 300 152
227 300 153
227 301 154
226 302 155
226 303 156
226 304 157
225 304 158
225 305 159
226 306 160
225 307 161
224 307 162
224 308 163
224 309 164
223 309 165
223 310 166
222 311 167
222 311 168
221 311 169
220 312 170
220 313 171
220 314 172
220 315 173
219 315 174
219 316 175
219 317 175
219 318 176
218 319 177
217 319 178
216 320 179
215 320 180
214 321 181
214 322 181
214 323 182
213 324 183
212 324 183
211 325 184
211 326 184
210 327 185
210 328 186
209 329 186
208 330 187
207 331 188
206 332 189
206 333 189
205 334 190
205 335 190
204 336 191
204 337 191
204 338 191
203 339 192
202 340 192
202 341 192
201 342 192
200 343 193
199 344 193
198 345 194
197 346 194
196 347 194
195 348 195
194 349 195
193 350 196
192 350 196
191 351 196
190 351 196
189 351 196
188 351 197
187 351 197
186 351 197
185 351 198
184 352 198
183 353 198
182 354 199
182 355 198
181 356 198
180 357 198
179 358 198
178 359 199
177 360 199
176 361 199
175 362 199
174 363 199
174 364 199
173 365 199
172 366 199
172 367 199
172 368 199
171 369 199
170 370 199
170 371 199
169 372 198
169 373 198
169 374 198
169 375 198
168 376 198
167 377 198
166 378 197
166 379 197
165 380 197
165 381 196
164 382 196
163 383 195
162 384 195
161 384 195
160 385 194
159 386 194
159 387 193
158 388 193
157 388 192
156 389 192
155 390 191
154 391 190
153 392 190
152 393 189
151 394 188
150 395 187
149 396 186
149 397 185
148 398 184
147 399 183
146 399 182
146 400 181
145 401 180
144 402 179
143 402 178
142 403 177
141 404 176
140 404 175
139 405 174
138 406 173
137 407 172
136 407 171
136 407 170
135 408 169
134 408 168
133 409 167
133 410 166
133 410 165
132 411 164
128 415 157
127 416 156
127 417 155
126 417 154
125 418 153
125 419 152
124 420 151
271
243 272 28
244 271 27
242 269 27
241 269 28
241 269 29
241 269 30
241 269 31
241 269 32
240 269 33
239 269 34
239 269 35
239 269 36
239 269 37
238 270 38
238 270 39
237 270 40
237 270 41
237 270 42
239 273 42
243 275 44
243 275 45
243 275 46
243 275 47
243 276 48
243 276 49
243 276 50
242 276 51
242 276 52
242 276 53
242 277 54
242 277 55
242 277 56
242 277 57
242 278 58
242 278 59
241 278 60
241 278 61
241 278 62
240 278 63
239 277 64
240 278 65
240 279 66
240 279 67
240 280 68
239 280 69
239 281 70
239 281 71
238 282 72
239 282 73
239 282 74
239 282 75
239 282 76
239 282 77
239 282 78
239 283 79
239 282 80
239 283 81
240 283 82
240 283 83
240 283 84
240 283 85
239 284 86
240 284 87
240 284 88
240 285 89
239 285 90
238 284 91
237 285 92
237 285 93
237 284 94
237 284 95
237 284 96
237 283 97
237 283 98
236 284 99
237 283 100
236 284 101
236 284 102
236 284 103
236 284 104
235 284 105
235 284 106
235 285 107
235 285 108
235 285 109
234 286 110
234 286 111
234 286 112
234 286 113
234 286 114
234 286 115
234 286 116
234 286 117
234 286 118
233 287 119
233 287 120
233 286 121
233 286 122
232 287 123
233 286 124
232 285 125
232 286 126
232 286 127
232 286 128
231 286 129
231 286 130
231 286 131
231 287 132
231 287 133
231 287 134
230 287 135
230 287 136
230 288 137
230 288 138
230 288 139
230 288 140
229 287 141
228 288 141
229 289 142
230 290 142
231 291 142
232 292 142
231 293 142
231 294 143
230 294 144
230 295 145
230 296 146
230 297 147
229 297 148
228 298 149
227 298 150
227 299 151
227 300 152
227 300 153
227 301 154
226 302 155
226 303 156
226 304 157
225 304 158
225 305 159
226 306 160
225 307 161
224 307 162
224 308 163
224 309 164
223 309 165
223 310 166
222 311 167
222 311 168
221 311 169
220 312 170
220 313 171
220 314 172
220 315 173
219 315 174
219 316 175
219 317 175
219 318 176
218 319 177
217 319 178
216 320 179
215 320 180
214 321 181
214 322 181
214 323 182
213 324 183
212 324 183
211 325 184
211 326 184
210 327 185
210 328 186
209 329 186
208 330 187
207 331 188
206 332 189
206 333 189
205 334 190
205 335 190
204 336 191
204 337 191
204 338 191
203 339 192
202 340 192
202 341 192
201 342 192
200 343 193
199 344 193
198 345 194
197 346 194
196 347 194
195 348 195
194 349 195
193 350 196
192 350 196
191 351 196
190 351 196
189 351 196
188 351 197
187 351 197
186 351 197
185 351 198
184 352 198
183 353 198
182 354 199
182 355 198
181 356 198
180 357 198
179 358 198
178 359 199
177 360 199
176 361 199
175 362 199
174 363 199
174 364 199
173 365 199
172 366 199
172 367 199
172 368 199
171 369 199
170 370 199
170 371 199
169 372 198
169 373 198
169 374 198
169 375 198
168 376 198
167 377 198
166 378 197
166 379 197
165 380 197
165 381 196
164 382 196
163 383 195
162 384 195
161 384 195
160 385 194
159 386 194
159 387 193
158 388 193
157 388 192
156 389 192
155 390 191
154 391 190
153 392 190
152 393 189
151 394 188
150 395 187
149 396 186
149 397 185
148 398 184
147 399 183
146 399 182
146 400 181
145 401 180
144 402 179
143 402 178
142 403 177
141 404 176
140 404 175
139 405 174
138 406 173
137 407 172
136 407 171
136 407 170
135 408 169
134 408 168
133 409 167
133 410 166
133 410 165
132 411 164
128 415 157
270
243 272 28
244 271 27
242 269 27
241 269 28
241 269 29
241 269 30
241 269 31
241 269 32
240 269 33
239 269 34
239 269 35
239 269 36
239 269 37
238 270 38
238 270 39
237 270 40
237 270 41
237 270 42
239 273 42
243 275 44
243 275 45
243 275 46
243 275 47
243 276 48
243 276 49
243 276 50
242 276 51
242 276 52
242 276 53
242 277 54
242 277 55
242 277 56
242 277 57
242 278 58
242 278 59
241 278 60
241 278 61
241 278 62
240 278 63
239 277 64
240 278 65
240 279 66
240 279 67
240 280 68
239 280 69
239 281 70
239 281 71
238 282 72
239 282 73
239 282 74
239 282 75
239 282 76
239 282 77
239 282 78
239 283 79
239 282 80
239 283 81
240 283 82
240 283 83
240 283 84
240 283 85
239 284 86
240 284 87
240 284 88
240 285 89
239 285 90
238 284 91
237 285 92
237 285 93
237 284 94
237 284 95
237 284 96
237 283 97
237 283 98
236 284 99
237 283 100
236 284 101
236 284 102
236 284 103
236 284 104
235 284 105
235 284 106
235 285 107
235 285 108
235 285 109
234 286 110
234 286 111
234 286 112
234 286 113
234 286 114
234 286 115
234 286 116
234 286 117
234 286 118
233 287 119
233 287 120
233 286 121
233 286 122
232 287 123
233 286 124
232 285 125
232 286 126
232 286 127
232 286 128
231 286 129
231 286 130
231 286 131
231 287 132
231 287 133
231 287 134
230 287 135
230 287 136
230 288 137
230 288 138
230 288 139
230 288 140
229 287 141
228 288 141
229 289 142
230 290 142
231 291 142
232 292 142
231 293 142
231 294 143
230 294 144
230 295 145
230 296 146
230 297 147
229 297 148
228 298 149
227 298 150
227 299 151
227 300 152
227 300 153
227 301 154
226 302 155
226 303 156
226 304 157
225 304 158
225 305 159
226 306 160
225 307 161
224 307 162
224 308 163
224 309 164
223 309 165
223 310 166
222 311 167
222 311 168
221 311 169
220 312 170
220 313 171
220 314 172
220 315 173
219 315 174
219 316 175
219 317 175
219 318 176
218 319 177
217 319 178
216 320 179
215 320 180
214 321 181
214 322 181
214 323 182
213 324 183
212 324 183
211 325 184
211 326 184
210 327 185
210 328 186
209 329 186
208 330 187
207 331 188
206 332 189
206 333 189
205 334 190
205 335 190
204 336 191
204 337 191
204 338 191
203 339 192
202 340 192
202 341 192
201 342 192
200 343 193
199 344 193
198 345 194
197 346 194
196 347 194
195 348 195
194 349 195
193 350 196
192 350 196
191 351 196
190 351 196
189 351 196
188 351 197
187 351 197
186 351 197
185 351 198
184 352 198
183 353 198
182 354 199
182 355 198
181 356 198
180 357 198
179 358 198
178 359 199
177 360 199
176 361 199
175 362 199
174 363 199
174 364 199
173 365 199
172 366 199
172 367 199
172 368 199
171 369 199
170 370 199
170 371 199
169 372 198
169 373 198
169 374 198
169 375 198
168 376 198
167 377 198
166 378 197
166 379 197
165 380 197
165 381 196
164 382 196
163 383 195
162 384 195
161 384 195
160 385 194
159 386 194
159 387 193
158 388 193
157 388 192
156 389 192
155 390 191
154 391 190
153 392 190
152 393 189
151 394 188
150 395 187
149 396 186
149 397 185
148 398 184
147 399 183
146 399 182
146 400 181
145 401 180
144 402 179
143 402 178
142 403 177
141 404 176
140 404 175
139 405 174
138 406 173
137 407 172
136 407 171
136 407 170
135 408 169
134 408 168
133 409 167
133 410 166
133 410 165
132 411 164
253
243 272 28
244 271 27
242 269 27
241 269 28
241 269 29
241 269 30
241 269 31
241 269 32
240 269 33
239 269 34
239 269 35
239 269 36
239 269 37
238 270 38
238 270 39
237 270 40
237 270 41
237 270 42
239 273 42
243 275 44
243 275 45
243 275 46
243 275 47
243 276 48
243 276 49
243 276 50
242 276 51
242 276 52
242 276 53
242 277 54
242 277 55
242 277 56
242 277 57
242 278 58
242 278 59
241 278 60
241 278 61
241 278 62
240 278 63
239 277 64
240 278 65
240 279 66
240 279 67
240 280 68
239 280 69
239 281 70
239 281 71
238 282 72
239 282 73
239 282 74
239 282 75
239 282 76
239 282 77
239 282 78
239 283 79
239 282 80
239 283 81
240 283 82
240 283 83
240 283 84
240 283 85
239 284 86
240 284 87
240 284 88
240 285 89
239 285 90
238 284 91
237 285 92
237 285 93
237 284 94
237 284 95
237 284 96
237 283 97
237 283 98
236 284 99
237 283 100
236 284 101
236 284 102
236 284 103
236 284 104
235 284 105
235 284 106
235 285 107
235 285 108
235 285 109
234 286 110
234 286 111
234 286 112
234 286 113
234 286 114
234 286 115
234 286 116
234 286 117
234 286 118
233 287 119
233 287 120
233 286 121
233 286 122
232 287 123
233 286 124
232 285 125
232 286 126
232 286 127
232 286 128
231 286 129
231 286 130
231 286 131
231 287 132
231 287 133
231 287 134
230 287 135
230 287 136
230 288 137
230 288 138
230 288 139
230 288 140
229 287 141
228 287 142
227 286 143
226 285 144
225 284 145
224 283 146
223 283 147
222 284 148
221 284 149
221 285 150
221 285 151
220 285 152
219 285 153
219 284 154
219 284 155
219 283 156
218 282 157
218 281 158
218 281 159
217 281 160
216 281 161
215 281 162
215 280 163
214 281 164
213 281 165
212 281 166
212 281 167
212 280 168
212 280 169
211 280 170
211 280 171
210 281 172
209 281 173
209 281 174
208 281 175
207 281 176
207 281 177
207 281 178
206 281 179
206 281 180
205 281 181
205 281 182
204 282 183
204 281 184
204 281 185
203 281 186
202 281 187
201 280 188
200 280 189
199 280 190
198 280 191
197 279 192
196 279 193
195 279 194
194 279 195
194 278 196
193 278 197
192 278 197
191 278 198
190 278 198
189 278 198
188 278 199
187 278 200
187 278 201
186 278 202
186 278 203
185 279 204
184 279 205
184 278 206
183 278 207
182 278 208
182 277 209
181 278 210
180 278 211
179 277 212
178 277 213
177 277 213
176 276 214
175 275 214
174 276 215
173 276 215
172 276 216
171 276 216
170 277 217
169 276 217
168 275 217
167 274 218
166 274 218
165 273 218
164 272 218
163 273 219
162 273 219
161 274 220
160 275 220
159 275 221
158 275 221
157 275 221
156 275 221
155 275 222
154 275 222
153 275 223
152 275 223
151 275 223
150 275 224
149 276 225
148 276 226
147 276 227
146 275 228
145 274 229
144 275 229
143 276 229
142 276 229
141 276 229
140 277 229
139 277 230
138 277 230
137 278 230
136 279 231
135 279 231
134 280 231
133 280 231
132 279 231
131 279 231
130 278 231
129 277 230
129 276 230
129 275 230
129 274 229
128 273 229
128 272 229
128 271 229
127 270 229
126 270 229
125 269 229
124 269 230
123 268 230
122 268 230
253
243 272 28
244 271 27
242 269 27
241 269 28
241 269 29
241 269 30
241 269 31
241 269 32
240 269 33
239 269 34
239 269 35
239 269 36
239 269 37
238 270 38
238 270 39
237 270 40
237 270 41
237 270 42
239 273 42
243 275 44
243 275 45
243 275 46
243 275 47
243 276 48
243 276 49
243 276 50
242 276 51
242 276 52
242 276 53
242 277 54
242 277 55
242 277 56
242 277 57
242 278 58
242 278 59
241 278 60
241 278 61
241 278 62
240 278 63
239 277 64
240 278 65
240 279 66
240 279 67
240 280 68
239 280 69
239 281 70
239 281 71
238 282 72
239 282 73
239 282 74
239 282 75
239 282 76
239 282 77
239 282 78
239 283 79
239 282 80
239 283 81
240 283 82
240 283 83
240 283 84
240 283 85
239 284 86
240 284 87
240 284 88
240 285 89
239 285 90
238 284 91
237 285 92
237 285 93
237 284 94
237 284 95
237 284 96
237 283 97
237 283 98
236 284 99
237 283 100
236 284 101
236 284 102
236 284 103
236 284 104
235 284 105
235 284 106
235 285 107
235 285 108
235 285 109
234 286 110
234 286 111
234 286 112
234 286 113
234 286 114
234 286 115
234 286 116
234 286 117
234 286 118
233 287 119
233 287 120
233 286 121
233 286 122
232 287 123
233 286 124
232 285 125
232 286 126
232 286 127
232 286 128
231 286 129
231 286 130
231 286 131
231 287 132
231 287 133
231 287 134
230 287 135
230 287 136
230 288 137
230 288 138
230 288 139
230 288 140
229 287 141
228 287 142
227 286 143
226 285 144
225 284 145
224 283 146
223 283 147
222 284 148
221 284 149
221 285 150
221 285 151
220 285 152
219 285 153
219 284 154
219 284 155
219 283 156
218 282 157
218 281 158
218 281 159
217 281 160
216 281 161
215 281 162
215 280 163
214 281 164
213 281 165
212 281 166
212 281 167
212 280 168
212 280 169
211 280 170
211 280 171
210 281 172
209 281 173
209 281 174
208 281 175
207 281 176
207 281 177
207 281 178
206 281 179
206 281 180
205 281 181
205 281 182
204 282 183
204 281 184
204 281 185
203 281 186
202 281 187
201 280 188
200 280 189
199 280 190
198 280 191
197 279 192
196 279 193
195 279 194
194 279 195
194 278 196
193 278 197
192 278 197
191 278 198
190 278 198
189 278 198
188 278 199
187 278 200
187 278 201
186 278 202
186 278 203
185 279 204
184 279 205
184 278 206
183 278 207
182 278 208
182 277 209
181 278 210
180 278 211
179 277 212
178 277 213
177 277 213
176 276 214
175 275 214
174 276 215
173 276 215
172 276 216
171 276 216
170 277 217
169 276 217
168 275 217
167 274 218
166 274 218
165 273 218
164 272 218
163 273 219
162 273 219
161 274 220
160 275 220
159 275 221
158 275 221
157 275 221
156 275 221
155 275 222
154 275 222
153 275 223
152 275 223
151 275 223
150 275 224
149 276 225
148 276 226
147 276 227
146 275 228
145 274 229
144 275 229
143 276 229
142 276 229
141 276 229
140 277 229
139 277 230
138 277 230
137 278 230
136 279 231
135 279 231
134 280 231
133 280 231
132 279 231
131 279 231
130 278 231
129 277 230
129 276 230
129 275 230
129 274 229
128 273 229
128 272 229
129 271 229
130 271 229
131 270 229
132 270 229
133 269 229
134 268 230
135 268 230
242
243 272 28
244 271 27
242 269 27
241 269 28
241 269 29
241 269 30
241 269 31
241 269 32
240 269 33
239 269 34
239 269 35
239 269 36
239 269 37
238 270 38
238 270 39
237 270 40
237 270 41
237 270 42
239 273 42
243 275 44
243 275 45
243 275 46
243 275 47
243 276 48
243 276 49
243 276 50
242 276 51
242 276 52
242 276 53
242 277 54
242 277 55
242 277 56
242 277 57
242 278 58
242 278 59
241 278 60
241 278 61
241 278 62
240 278 63
239 277 64
240 278 65
240 279 66
240 279 67
240 280 68
239 280 69
239 281 70
239 281 71
238 282 72
239 282 73
239 282 74
239 282 75
239 282 76
239 282 77
239 282 78
239 283 79
239 282 80
239 283 81
240 283 82
240 283 83
240 283 84
240 283 85
239 284 86
240 284 87
240 284 88
240 285 89
239 285 90
238 284 91
237 285 92
237 285 93
237 284 94
237 284 95
237 284 96
237 283 97
237 283 98
236 284 99
237 283 100
236 284 101
236 284 102
236 284 103
236 284 104
235 284 105
235 284 106
235 285 107
235 285 108
235 285 109
234 286 110
234 286 111
234 286 112
234 286 113
234 286 114
234 286 115
234 286 116
234 286 117
234 286 118
233 287 119
233 287 120
233 286 121
233 286 122
232 287 123
233 286 124
232 285 125
232 286 126
232 286 127
232 286 128
231 286 129
231 286 130
231 286 131
231 287 132
231 287 133
231 287 134
230 287 135
230 287 136
230 288 137
230 288 138
230 288 139
230 288 140
229 287 141
228 287 142
227 286 143
226 285 144
225 284 145
224 283 146
223 283 147
222 284 148
221 284 149
221 285 150
221 285 151
220 285 152
219 285 153
219 284 154
219 284 155
219 283 156
218 282 157
218 281 158
218 281 159
217 281 160
216 281 161
215 281 162
215 280 163
214 281 164
213 281 165
212 281 166
212 281 167
212 280 168
212 280 169
211 280 170
211 280 171
210 281 172
209 281 173
209 281 174
208 281 175
207 281 176
207 281 177
207 281 178
206 281 179
206 281 180
205 281 181
205 281 182
204 282 183
204 281 184
204 281 185
203 281 186
202 281 187
201 280 188
200 280 189
199 280 190
198 280 191
197 279 192
196 279 193
195 279 194
194 279 195
194 278 196
193 278 197
192 278 197
191 278 198
190 278 198
189 278 198
188 278 199
187 278 200
187 278 201
186 278 202
186 278 203
185 279 204
184 279 205
184 278 206
183 278 207
182 278 208
182 277 209
181 278 210
180 278 211
179 277 212
178 277 213
177 277 213
176 276 214
175 275 214
174 276 215
173 276 215
172 276 216
171 276 216
170 277 217
169 276 217
168 275 217
167 274 218
166 274 218
165 273 218
164 272 218
163 273 219
162 273 219
161 274 220
160 275 220
159 275 221
158 275 221
157 275 221
156 275 221
155 275 222
154 275 222
153 275 223
152 275 223
151 275 223
150 275 224
149 276 225
148 276 226
147 276 227
146 275 228
145 274 229
144 275 229
143 276 229
142 276 229
141 276 229
140 277 229
139 277 230
138 277 230
137 278 230
136 279 231
135 279 231
134 280 231
133 280 231
132 279 231
131 279 231
130 280 231
129 281 232
116 281 230
241
243 272 28
244 271 27
242 269 27
241 269 28
241 269 29
241 269 30
241 269 31
241 269 32
240 269 33
239 269 34
239 269 35
239 269 36
239 269 37
238 270 38
238 270 39
237 270 40
237 270 41
237 270 42
239 273 42
243 275 44
243 275 45
243 275 46
243 275 47
243 276 48
243 276 49
243 276 50
242 276 51
242 276 52
242 276 53
242 277 54
242 277 55
242 277 56
242 277 57
242 278 58
242 278 59
241 278 60
241 278 61
241 278 62
240 278 63
239 277 64
240 278 65
240 279 66
240 279 67
240 280 68
239 280 69
239 281 70
239 281 71
238 282 72
239 282 73
239 282 74
239 282 75
239 282 76
239 282 77
239 282 78
239 283 79
239 282 80
239 283 81
240 283 82
240 283 83
240 283 84
240 283 85
239 284 86
240 284 87
240 284 88
240 285 89
239 285 90
238 284 91
237 285 92
237 285 93
237 284 94
237 284 95
237 284 96
237 283 97
237 283 98
236 284 99
237 283 100
236 284 101
236 284 102
236 284 103
236 284 104
235 284 105
235 284 106
235 285 107
235 285 108
235 285 109
234 286 110
234 286 111
234 286 112
234 286 113
234 286 114
234 286 115
234 286 116
234 286 117
234 286 118
233 287 119
233 287 120
233 286 121
233 286 122
232 287 123
233 286 124
232 285 125
232 286 126
232 286 127
232 286 128
231 286 129
231 286 130
231 286 131
231 287 132
231 287 133
231 287 134
230 287 135
230 287 136
230 288 137
230 288 138
230 288 139
230 288 140
229 287 141
228 287 142
227 286 143
226 285 144
225 284 145
224 283 146
223 283 147
222 284 148
221 284 149
221 285 150
221 285 151
220 285 152
219 285 153
219 284 154
219 284 155
219 283 156
218 282 157
218 281 158
218 281 159
217 281 160
216 281 161
215 281 162
215 280 163
214 281 164
213 281 165
212 281 166
212 281 167
212 280 168
212 280 169
211 280 170
211 280 171
210 281 172
209 281 173
209 281 174
208 281 175
207 281 176
207 281 177
207 281 178
206 281 179
206 281 180
205 281 181
205 281 182
204 282 183
204 281 184
204 281 185
203 281 186
202 281 187
201 280 188
200 280 189
199 280 190
198 280 191
197 279 192
196 279 193
195 279 194
194 279 195
194 278 196
193 278 197
192 278 197
191 278 198
190 278 198
189 278 198
188 278 199
187 278 200
187 278 201
186 278 202
186 278 203
185 279 204
184 279 205
184 278 206
183 278 207
182 278 208
182 277 209
181 278 210
180 278 211
179 277 212
178 277 213
177 277 213
176 276 214
175 275 214
174 276 215
173 276 215
172 276 216
171 276 216
170 277 217
169 276 217
168 275 217
167 274 218
166 274 218
165 273 218
164 272 218
163 273 219
162 273 219
161 274 220
160 275 220
159 275 221
158 275 221
157 275 221
156 275 221
155 275 222
154 275 222
153 275 223
152 275 223
151 275 223
150 275 224
149 276 225
148 276 226
147 276 227
146 275 228
145 274 229
144 275 229
143 276 229
142 276 229
141 276 229
140 277 229
139 277 230
138 277 230
137 278 230
136 279 231
135 279 231
134 280 231
133 280 231
132 279 231
131 279 231
130 280 231
129 281 232
227
243 272 28
244 271 27
242 269 27
241 269 28
241 269 29
241 269 30
241 269 31
241 269 32
240 269 33
239 269 34
239 269 35
239 269 36
239 269 37
238 270 38
238 270 39
237 270 40
237 270 41
237 270 42
239 273 42
243 275 44
243 275 45
243 275 46
243 275 47
243 276 48
243 276 49
243 276 50
242 276 51
242 276 52
242 276 53
242 277 54
242 277 55
242 277 56
242 277 57
242 278 58
242 278 59
241 278 60
241 278 61
241 278 62
240 278 63
239 277 64
240 278 65
240 279 66
240 279 67
240 280 68
239 280 69
239 281 70
239 281 71
238 282 72
239 282 73
239 282 74
239 282 75
239 282 76
239 282 77
239 282 78
239 283 79
239 282 80
239 283 81
240 283 82
240 283 83
240 283 84
240 283 85
239 284 86
240 284 87
240 284 88
240 285 89
239 285 90
238 284 91
237 285 92
237 285 93
237 284 94
237 284 95
237 284 96
237 283 97
237 283 98
236 284 99
237 283 100
236 284 101
236 284 102
236 284 103
236 284 104
235 284 105
235 284 106
235 285 107
235 285 108
235 285 109
234 286 110
234 286 111
234 286 112
234 286 113
234 286 114
234 286 115
234 286 116
234 286 117
234 286 118
233 287 119
233 287 120
233 286 121
233 286 122
232 287 123
233 286 124
232 285 125
232 286 126
232 286 127
232 286 128
231 286 129
231 286 130
231 286 131
231 287 132
231 287 133
231 287 134
230 287 135
230 287 136
230 288 137
230 288 138
230 288 139
230 288 140
229 287 141
228 288 141
229 289 142
230 290 142
231 291 142
232 292 142
231 293 142
231 294 143
230 294 144
230 295 145
230 296 146
230 297 147
229 297 148
228 298 149
227 298 150
227 299 151
227 300 152
227 300 153
227 301 154
226 302 155
226 303 156
226 304 157
225 304 158
225 305 159
226 306 160
225 307 161
224 307 162
224 308 163
224 309 164
223 309 165
223 310 166
222 311 167
222 311 168
221 311 169
220 312 170
220 313 171
220 314 172
220 315 173
219 315 174
219 316 175
219 317 175
219 318 176
218 319 177
217 319 178
216 320 179
215 320 180
214 321 181
214 322 181
214 323 182
213 324 183
212 324 183
211 325 184
211 326 184
210 327 185
210 328 186
209 329 186
208 330 187
207 331 188
206 332 189
206 333 189
205 334 190
205 335 190
204 336 191
204 337 191
204 338 191
203 339 192
202 340 192
202 341 192
201 342 192
200 343 193
199 344 193
198 345 194
197 346 194
196 347 194
195 348 195
194 349 195
193 350 196
192 350 196
191 351 196
190 351 196
189 351 196
188 351 197
187 351 197
186 351 197
185 351 198
184 352 198
183 353 198
182 354 199
182 355 198
181 356 198
180 357 198
179 358 198
178 359 199
177 360 199
176 361 199
175 362 199
174 363 199
174 364 199
173 365 199
172 366 199
172 367 199
172 368 199
171 369 199
170 370 199
170 371 199
169 372 198
169 373 198
169 374 198
170 375 198
171 375 198
172 375 198
226
243 272 28
244 271 27
242 269 27
241 269 28
241 269 29
241 269 30
241 269 31
241 269 32
240 269 33
239 269 34
239 269 35
239 269 36
239 269 37
238 270 38
238 270 39
237 270 40
237 270 41
237 270 42
239 273 42
243 275 44
243 275 45
243 275 46
243 275 47
243 276 48
243 276 49
243 276 50
242 276 51
242 276 52
242 276 53
242 277 54
242 277 55
242 277 56
242 277 57
242 278 58
242 278 59
241 278 60
241 278 61
241 278 62
240 278 63
239 277 64
240 278 65
240 279 66
240 279 67
240 280 68
239 280 69
239 281 70
239 281 71
238 282 72
239 282 73
239 282 74
239 282 75
239 282 76
239 282 77
239 282 78
239 283 79
239 282 80
239 283 81
240 283 82
240 283 83
240 283 84
240 283 85
239 284 86
240 284 87
240 284 88
240 285 89
239 285 90
238 284 91
237 285 92
237 285 93
237 284 94
237 284 95
237 284 96
237 283 97
237 283 98
236 284 99
237 283 100
236 284 101
236 284 102
236 284 103
236 284 104
235 284 105
235 284 106
235 285 107
235 285 108
235 285 109
234 286 110
234 286 111
234 286 112
234 286 113
234 286 114
234 286 115
234 286 116
234 286 117
234 286 118
233 287 119
233 287 120
233 286 121
233 286 122
232 287 123
233 286 124
232 285 125
232 286 126
232 286 127
232 286 128
231 286 129
231 286 130
231 286 131
231 287 132
231 287 133
231 287 134
230 287 135
230 287 136
230 288 137
230 288 138
230 288 139
230 288 140
229 287 141
228 288 141
229 289 142
230 290 142
231 291 142
232 292 142
231 293 142
231 294 143
230 294 144
230 295 145
230 296 146
230 297 147
229 297 148
228 298 149
227 298 150
227 299 151
227 300 152
227 300 153
227 301 154
226 302 155
226 303 156
226 304 157
225 304 158
225 305 159
226 306 160
225 307 161
224 307 162
224 308 163
224 309 164
223 309 165
223 310 166
222 311 167
222 311 168
221 311 169
220 312 170
220 313 171
220 314 172
220 315 173
219 315 174
219 316 175
219 317 175
219 318 176
218 319 177
217 319 178
216 320 179
215 320 180
214 321 181
214 322 181
214 323 182
213 324 183
212 324 183
211 325 184
211 326 184
210 327 185
210 328 186
209 329 186
208 330 187
207 331 188
206 332 189
206 333 189
205 334 190
205 335 190
204 336 191
204 337 191
204 338 191
203 339 192
202 340 192
202 341 192
201 342 192
200 343 193
199 344 193
198 345 194
197 346 194
196 347 194
195 348 195
194 349 195
193 350 196
192 350 196
191 351 196
191 352 196
191 353 196
191 354 196
191 355 197
191 356 197
192 357 197
191 358 197
190 358 197
189 359 197
188 360 197
187 361 198
187 362 198
187 363 198
187 364 198
186 365 198
186 366 198
185 367 198
185 368 198
184 369 199
183 370 199
182 371 199
182 372 199
181 373 198
180 373 198
179 374 198
178 375 198
177 375 198
176 375 198
175 375 198
174 375 198
173 375 198
220
243 272 28
244 271 27
242 269 27
241 269 28
241 269 29
241 269 30
241 269 31
241 269 32
240 269 33
239 269 34
239 269 35
239 269 36
239 269 37
238 270 38
238 270 39
237 270 40
237 270 41
237 270 42
239 273 42
243 275 44
243 275 45
243 275 46
243 275 47
243 276 48
243 276 49
243 276 50
242 276 51
242 276 52
242 276 53
242 277 54
242 277 55
242 277 56
242 277 57
242 278 58
242 278 59
241 278 60
241 278 61
241 278 62
240 278 63
239 277 64
240 278 65
240 279 66
240 279 67
240 280 68
239 280 69
239 281 70
239 281 71
238 282 72
239 282 73
239 282 74
239 282 75
239 282 76
239 282 77
239 282 78
239 283 79
239 282 80
239 283 81
240 283 82
240 283 83
240 283 84
240 283 85
239 284 86
240 284 87
240 284 88
240 285 89
240 286 90
240 287 91
241 287 92
241 288 93
241 289 94
242 289 95
242 290 96
242 291 97
242 292 98
243 292 99
243 293 100
244 293 101
244 294 102
244 294 103
244 295 104
244 295 105
244 296 106
244 296 107
245 296 108
245 297 109
245 297 110
246 298 111
246 299 112
246 300 113
247 300 114
247 301 115
248 301 116
248 302 117
248 303 118
249 304 119
250 304 120
250 305 121
250 306 122
250 307 123
250 308 124
250 309 125
251 309 126
251 310 127
251 311 128
252 311 129
252 312 130
252 312 131
253 313 132
253 313 133
253 314 134
254 315 135
254 316 136
254 317 137
255 317 138
256 318 139
256 319 139
256 320 140
257 321 141
257 322 142
257 323 143
258 324 144
258 325 145
259 326 146
259 327 147
259 328 147
259 329 148
260 329 149
260 330 150
260 331 151
261 332 152
262 332 153
262 333 154
262 334 154
262 335 155
263 336 156
264 337 157
264 338 157
265 339 158
265 340 158
265 341 158
266 342 159
266 343 160
266 344 160
267 345 161
267 346 162
268 347 163
268 348 163
269 349 164
270 350 165
269 351 165
270 352 166
270 353 167
271 354 168
272 355 169
273 356 170
273 357 170
273 358 170
274 359 171
274 360 171
275 361 171
275 362 171
276 363 172
276 364 172
277 365 172
278 366 173
278 367 174
278 368 174
279 369 175
279 370 175
280 371 176
280 372 176
281 373 177
281 374 177
282 375 177
282 376 177
282 377 177
283 378 177
283 379 177
283 380 177
283 381 177
283 382 177
284 383 177
284 384 177
284 385 177
285 386 176
284 387 177
285 388 176
285 389 177
286 390 177
286 391 177
286 392 177
287 393 177
287 394 177
287 395 177
287 396 177
286 397 177
287 398 176
286 399 176
286 400 176
285 401 176
285 402 176
285 403 176
284 404 176
285 405 176
286 406 175
287 407 175
287 408 175
288 409 174
289 409 175
290 410 175
291 411 175
292 412 174
292 413 174
293 414 173
294 415 173
294 416 172
295 417 172
295 418 172
294 419 171
294 420 170
212
243 272 28
244 271 27
242 269 27
241 269 28
241 269 29
241 269 30
241 269 31
241 269 32
240 269 33
239 269 34
239 269 35
239 269 36
239 269 37
238 270 38
238 270 39
237 270 40
237 270 41
237 270 42
239 273 42
243 275 44
243 275 45
243 275 46
243 275 47
243 276 48
243 276 49
243 276 50
242 276 51
242 276 52
242 276 53
242 277 54
242 277 55
242 277 56
242 277 57
242 278 58
242 278 59
241 278 60
241 278 61
241 278 62
240 278 63
239 277 64
240 278 65
240 279 66
240 279 67
240 280 68
239 280 69
239 281 70
239 281 71
238 282 72
239 282 73
239 282 74
239 282 75
239 282 76
239 282 77
239 282 78
239 283 79
239 282 80
239 283 81
240 283 82
240 283 83
240 283 84
240 283 85
239 284 86
240 284 87
240 284 88
240 285 89
239 285 90
238 284 91
237 285 92
237 285 93
237 284 94
237 284 95
237 284 96
237 283 97
237 283 98
236 284 99
237 283 100
236 284 101
236 284 102
236 284 103
236 284 104
235 284 105
235 284 106
235 285 107
235 285 108
235 285 109
234 286 110
234 286 111
234 286 112
234 286 113
234 286 114
234 286 115
234 286 116
234 286 117
234 286 118
233 287 119
233 287 120
233 286 121
233 286 122
232 287 123
233 286 124
232 285 125
232 286 126
232 286 127
232 286 128
231 286 129
231 286 130
231 286 131
231 287 132
231 287 133
231 287 134
230 287 135
230 287 136
230 288 137
230 288 138
230 288 139
230 288 140
229 287 141
228 288 141
229 289 142
230 290 142
231 291 142
232 292 142
231 293 142
231 294 143
230 294 144
230 295 145
230 296 146
230 297 147
229 297 148
228 298 149
227 298 150
227 299 151
227 300 152
227 300 153
227 301 154
226 302 155
226 303 156
226 304 157
225 304 158
225 305 159
226 306 160
225 307 161
224 307 162
224 308 163
224 309 164
223 309 165
223 310 166
222 311 167
222 311 168
221 311 169
220 312 170
220 313 171
220 314 172
220 315 173
219 315 174
219 316 175
219 317 175
219 318 176
218 319 177
217 319 178
216 320 179
215 320 180
214 321 181
214 322 181
214 323 182
213 324 183
212 324 183
211 325 184
211 326 184
210 327 185
210 328 186
209 329 186
208 330 187
207 331 188
206 332 189
206 333 189
205 334 190
205 335 190
204 336 191
204 337 191
204 338 191
203 339 192
202 340 192
202 341 192
201 342 192
200 343 193
199 344 193
198 345 194
197 346 194
196 347 194
195 348 195
194 349 195
193 350 196
192 350 196
191 351 196
190 351 196
189 351 196
188 351 197
187 351 197
186 351 197
185 351 198
184 352 198
183 353 198
182 354 199
182 355 198
181 356 198
180 357 198
179 358 198
180 359 198
181 360 198
181 361 198
181 362 198
204
243 272 28
244 271 27
242 269 27
241 269 28
241 269 29
241 269 30
241 269 31
241 269 32
240 269 33
239 269 34
239 269 35
239 269 36
239 269 37
238 270 38
238 270 39
237 270 40
237 270 41
237 270 42
239 273 42
243 275 44
243 275 45
243 275 46
243 275 47
243 276 48
243 276 49
243 276 50
242 276 51
242 276 52
242 276 53
242 277 54
242 277 55
242 277 56
242 277 57
242 278 58
242 278 59
241 278 60
241 278 61
241 278 62
240 278 63
239 277 64
240 278 65
240 279 66
240 279 67
240 280 68
239 280 69
239 281 70
239 281 71
238 282 72
239 282 73
239 282 74
239 282 75
239 282 76
239 282 77
239 282 78
239 283 79
239 282 80
239 283 81
240 283 82
240 283 83
240 283 84
240 283 85
239 284 86
240 284 87
240 284 88
240 285 89
240 286 90
240 287 91
241 287 92
241 288 93
241 289 94
242 289 95
242 290 96
242 291 97
242 292 98
243 292 99
243 293 100
244 293 101
244 294 102
244 294 103
244 295 104
244 295 105
244 296 106
244 296 107
245 296 108
245 297 109
245 297 110
246 298 111
246 299 112
246 300 113
247 300 114
247 301 115
248 301 116
248 302 117
248 303 118
249 304 119
250 304 120
250 305 121
250 306 122
250 307 123
250 308 124
250 309 125
251 309 126
251 310 127
251 311 128
252 311 129
252 312 130
252 312 131
253 313 132
253 313 133
253 314 134
254 315 135
254 316 136
254 317 137
255 317 138
256 318 139
256 319 139
256 320 140
257 321 141
257 322 142
257 323 143
258 324 144
258 325 145
259 326 146
259 327 147
259 328 147
259 329 148
260 329 149
260 330 150
260 331 151
261 332 152
262 332 153
262 333 154
262 334 154
262 335 155
263 336 156
264 337 157
264 338 157
265 339 158
265 340 158
265 341 158
266 342 159
266 343 160
266 344 160
267 345 161
267 346 162
268 347 163
268 348 163
269 349 164
270 350 165
269 351 165
270 352 166
270 353 167
271 354 168
272 355 169
273 356 170
273 357 170
273 358 170
274 359 171
274 360 171
275 361 171
275 362 171
276 363 172
276 364 172
277 365 172
278 366 173
278 367 174
278 368 174
279 369 175
279 370 175
280 371 176
280 372 176
281 373 177
281 374 177
282 375 177
282 376 177
282 377 177
283 378 177
283 379 177
283 380 177
283 381 177
283 382 177
284 383 177
284 384 177
284 385 177
285 386 176
284 387 177
285 388 176
285 389 177
286 390 177
286 391 177
286 392 177
287 393 177
287 394 177
287 395 177
288 396 176
289 396 176
290 397 176
291 398 175
292 398 175
293 399 175
294 400 175
295 401 175
296 402 175
295 403 175
194
243 272 28
244 271 27
242 269 27
241 269 28
241 269 29
241 269 30
241 269 31
241 269 32
240 269 33
239 269 34
239 269 35
239 269 36
239 269 37
238 270 38
238 270 39
237 270 40
237 270 41
237 270 42
239 273 42
243 275 44
243 275 45
243 275 46
243 275 47
243 276 48
243 276 49
243 276 50
242 276 51
242 276 52
242 276 53
242 277 54
242 277 55
242 277 56
242 277 57
242 278 58
242 278 59
241 278 60
241 278 61
241 278 62
240 278 63
239 277 64
240 278 65
240 279 66
240 279 67
240 280 68
239 280 69
239 281 70
239 281 71
238 282 72
239 282 73
239 282 74
239 282 75
239 282 76
239 282 77
239 282 78
239 283 79
239 282 80
239 283 81
240 283 82
240 283 83
240 283 84
240 283 85
239 284 86
240 284 87
240 284 88
240 285 89
239 285 90
238 284 91
237 285 92
237 285 93
237 284 94
237 284 95
237 284 96
237 283 97
237 283 98
236 284 99
237 283 100
236 284 101
236 284 102
236 284 103
236 284 104
235 284 105
235 284 106
235 285 107
235 285 108
235 285 109
234 286 110
234 286 111
234 286 112
234 286 113
234 286 114
234 286 115
234 286 116
234 286 117
234 286 118
233 287 119
233 287 120
233 286 121
233 286 122
232 287 123
233 286 124
232 285 125
232 286 126
232 286 127
232 286 128
231 286 129
231 286 130
231 286 131
231 287 132
231 287 133
231 287 134
230 287 135
230 287 136
230 288 137
230 288 138
230 288 139
230 288 140
229 287 141
228 287 142
227 286 143
226 285 144
225 284 145
224 283 146
223 283 147
222 284 148
221 284 149
221 285 150
221 285 151
220 285 152
219 285 153
219 284 154
219 284 155
220 283 156
221 283 157
222 284 158
223 284 159
224 285 160
225 286 161
225 285 162
224 285 163
223 284 164
222 283 165
221 284 166
222 283 167
223 283 168
224 282 169
224 282 170
223 283 171
223 283 172
223 283 173
224 283 174
225 283 175
226 283 176
226 283 177
226 283 178
226 283 179
226 283 180
226 283 181
226 283 182
226 283 183
226 283 184
227 283 185
227 283 186
227 283 187
227 283 188
227 283 189
226 282 190
226 282 191
226 282 192
226 282 193
226 282 194
226 282 195
226 282 196
226 281 197
226 281 198
226 281 199
226 281 200
226 281 201
226 281 202
226 281 203
226 280 204
226 280 205
226 280 206
226 280 207
226 280 208
226 280 209
226 280 210
226 280 211
226 280 212
226 280 213
226 280 214
226 280 215
226 280 216
226 280 217
225 280 218
157
243 272 28
244 271 27
242 269 27
241 269 28
241 269 29
241 269 30
241 269 31
241 269 32
240 269 33
239 269 34
239 269 35
239 269 36
239 269 37
238 270 38
238 270 39
237 270 40
237 270 41
237 270 42
239 273 42
243 275 44
243 275 45
243 275 46
243 275 47
243 276 48
243 276 49
243 276 50
242 276 51
242 276 52
242 276 53
242 277 54
242 277 55
242 277 56
242 277 57
242 278 58
242 278 59
241 278 60
241 278 61
241 278 62
240 278 63
239 277 64
240 278 65
240 279 66
240 279 67
240 280 68
239 280 69
239 281 70
239 281 71
238 282 72
239 282 73
239 282 74
239 282 75
239 282 76
239 282 77
239 282 78
239 283 79
239 282 80
239 283 81
240 283 82
240 283 83
240 283 84
240 283 85
239 284 86
240 284 87
240 284 88
240 285 89
239 285 90
238 284 91
237 285 92
237 285 93
237 284 94
237 284 95
237 284 96
237 283 97
237 283 98
236 284 99
237 283 100
236 284 101
236 284 102
236 284 103
236 284 104
235 284 105
235 284 106
235 285 107
235 285 108
235 285 109
234 286 110
234 286 111
234 286 112
234 286 113
234 286 114
234 286 115
234 286 116
234 286 117
234 286 118
233 287 119
233 287 120
233 286 121
233 286 122
232 287 123
233 286 124
232 285 125
232 286 126
232 286 127
232 286 128
231 286 129
231 286 130
231 286 131
231 287 132
231 287 133
231 287 134
230 287 135
230 287 136
230 288 137
230 288 138
230 288 139
230 288 140
229 287 141
228 287 142
227 286 143
226 285 144
225 284 145
224 283 146
223 283 147
222 284 148
221 284 149
221 285 150
221 285 151
220 285 152
219 285 153
219 284 154
219 284 155
220 283 156
221 283 157
222 284 158
223 284 159
224 285 160
225 286 161
225 285 162
224 285 163
223 284 164
222 283 165
221 284 166
222 283 167
223 283 168
224 282 169
224 283 170
224 284 171
224 285 172
223 286 173
222 287 174
222 287 175
221 287 176
221 287 177
221 287 178
221 287 179
221 287 180
220 288 184
156
243 272 28
244 271 27
242 269 27
241 269 28
241 269 29
241 269 30
241 269 31
241 269 32
240 269 33
239 269 34
239 269 35
239 269 36
239 269 37
238 270 38
238 270 39
237 270 40
237 270 41
237 270 42
239 273 42
243 275 44
243 275 45
243 275 46
243 275 47
243 276 48
243 276 49
243 276 50
242 276 51
242 276 52
242 276 53
242 277 54
242 277 55
242 277 56
242 277 57
242 278 58
242 278 59
241 278 60
241 278 61
241 278 62
240 278 63
239 277 64
240 278 65
240 279 66
240 279 67
240 280 68
239 280 69
239 281 70
239 281 71
238 282 72
239 282 73
239 282 74
239 282 75
239 282 76
239 282 77
239 282 78
239 283 79
239 282 80
239 283 81
240 283 82
240 283 83
240 283 84
240 283 85
239 284 86
240 284 87
240 284 88
240 285 89
239 285 90
238 284 91
237 285 92
237 285 93
237 284 94
237 284 95
237 284 96
237 283 97
237 283 98
236 284 99
237 283 100
236 284 101
236 284 102
236 284 103
236 284 104
235 284 105
235 284 106
235 285 107
235 285 108
235 285 109
234 286 110
234 286 111
234 286 112
234 286 113
234 286 114
234 286 115
234 286 116
234 286 117
234 286 118
233 287 119
233 287 120
233 286 121
233 286 122
232 287 123
233 286 124
232 285 125
232 286 126
232 286 127
232 286 128
231 286 129
231 286 130
231 286 131
231 287 132
231 287 133
231 287 134
230 287 135
230 287 136
230 288 137
230 288 138
230 288 139
230 288 140
229 287 141
228 287 142
227 286 143
226 285 144
225 284 145
224 283 146
223 283 147
222 284 148
221 284 149
221 285 150
221 285 151
220 285 152
219 285 153
219 284 154
219 284 155
220 283 156
221 283 157
222 284 158
223 284 159
224 285 160
225 286 161
225 285 162
224 285 163
223 284 164
222 283 165
221 284 166
222 283 167
223 283 168
224 282 169
224 283 170
224 284 171
224 285 172
223 286 173
222 287 174
222 287 175
221 287 176
221 287 177
221 287 178
221 287 179
221 287 180
149
243 272 28
244 271 27
242 269 27
241 269 28
241 269 29
241 269 30
241 269 31
241 269 32
240 269 33
239 269 34
239 269 35
239 269 36
239 269 37
238 270 38
238 270 39
237 270 40
237 270 41
237 270 42
239 273 42
243 275 44
243 275 45
243 275 46
243 275 47
243 276 48
243 276 49
243 276 50
242 276 51
242 276 52
242 276 53
242 277 54
242 277 55
242 277 56
242 277 57
242 278 58
242 278 59
241 278 60
241 278 61
241 278 62
240 278 63
239 277 64
240 278 65
240 279 66
240 279 67
240 280 68
239 280 69
239 281 70
239 281 71
238 282 72
239 282 73
239 282 74
239 282 75
239 282 76
239 282 77
239 282 78
239 283 79
239 282 80
239 283 81
240 283 82
240 283 83
240 283 84
240 283 85
239 284 86
240 284 87
240 284 88
240 285 89
239 285 90
238 284 91
237 285 92
237 285 93
237 284 94
237 284 95
237 284 96
237 283 97
237 283 98
236 284 99
237 283 100
236 284 101
236 284 102
236 284 103
236 284 104
235 284 105
235 284 106
235 285 107
235 285 108
235 285 109
234 286 110
234 286 111
234 286 112
234 286 113
234 286 114
234 286 115
234 286 116
234 286 117
234 286 118
233 287 119
233 287 120
233 286 121
233 286 122
232 287 123
233 286 124
232 285 125
232 286 126
232 286 127
232 286 128
231 286 129
231 286 130
231 286 131
231 287 132
231 287 133
231 287 134
230 287 135
230 287 136
230 288 137
230 288 138
230 288 139
230 288 140
229 287 141
228 288 141
229 289 142
230 290 142
231 291 142
232 292 142
231 293 142
231 294 143
230 294 144
230 295 145
230 296 146
230 297 147
229 297 148
228 298 149
227 298 150
227 299 151
227 300 152
227 300 153
227 301 154
226 302 155
226 303 156
226 304 157
225 304 158
225 305 159
226 306 160
225 307 161
224 307 162
224 308 163
224 309 164
223 309 165
223 310 166
222 311 167
211 316 161
141
243 272 28
244 271 27
242 269 27
241 269 28
241 269 29
241 269 30
241 269 31
241 269 32
240 269 33
239 269 34
239 269 35
239 269 36
239 269 37
238 270 38
238 270 39
237 270 40
237 270 41
237 270 42
239 273 42
243 275 44
243 275 45
243 275 46
243 275 47
243 276 48
243 276 49
243 276 50
242 276 51
242 276 52
242 276 53
242 277 54
242 277 55
242 277 56
242 277 57
242 278 58
242 278 59
241 278 60
241 278 61
241 278 62
240 278 63
239 277 64
240 278 65
240 279 66
240 279 67
240 280 68
239 280 69
239 281 70
239 281 71
238 282 72
239 282 73
239 282 74
239 282 75
239 282 76
239 282 77
239 282 78
239 283 79
239 282 80
239 283 81
240 283 82
240 283 83
240 283 84
240 283 85
239 284 86
240 284 87
240 284 88
240 285 89
239 285 90
238 284 91
237 285 92
237 285 93
237 284 94
237 284 95
237 284 96
237 283 97
237 283 98
236 284 99
237 283 100
236 284 101
236 284 102
236 284 103
236 284 104
235 284 105
235 284 106
235 285 107
235 285 108
235 285 109
234 286 110
234 286 111
234 286 112
234 286 113
234 286 114
234 286 115
234 286 116
234 286 117
234 286 118
233 287 119
233 287 120
233 286 121
233 286 122
232 287 123
233 286 124
232 285 125
232 286 126
232 286 127
232 286 128
231 286 129
231 286 130
231 286 131
231 287 132
231 287 133
231 287 134
230 287 135
230 287 136
230 288 137
230 288 138
230 288 139
230 288 140
229 287 141
228 288 141
229 289 142
230 290 142
231 291 142
232 292 142
231 293 142
231 294 143
230 294 144
230 295 145
230 296 146
230 297 147
229 297 148
228 298 149
227 297 149
226 296 149
225 296 149
224 296 149
223 296 149
222 295 149
221 294 150
220 294 151
220 294 152
220 294 153
219 294 154
141
243 272 28
244 271 27
242 269 27
241 269 28
241 269 29
241 269 30
241 269 31
241 269 32
240 269 33
239 269 34
239 269 35
239 269 36
239 269 37
238 270 38
238 270 39
237 270 40
237 270 41
237 270 42
239 273 42
243 275 44
243 275 45
243 275 46
243 275 47
243 276 48
243 276 49
243 276 50
242 276 51
242 276 52
242 276 53
242 277 54
242 277 55
242 277 56
242 277 57
242 278 58
242 278 59
241 278 60
241 278 61
241 278 62
240 278 63
239 277 64
240 278 65
240 279 66
240 279 67
240 280 68
239 280 69
239 281 70
239 281 71
238 282 72
239 282 73
239 282 74
239 282 75
239 282 76
239 282 77
239 282 78
239 283 79
239 282 80
239 283 81
240 283 82
240 283 83
240 283 84
240 283 85
239 284 86
240 284 87
240 284 88
240 285 89
239 285 90
238 284 91
237 285 92
237 285 93
237 284 94
237 284 95
237 284 96
237 283 97
237 283 98
236 284 99
237 283 100
236 284 101
236 284 102
236 284 103
236 284 104
235 284 105
235 284 106
235 285 107
235 285 108
235 285 109
234 286 110
234 286 111
234 286 112
234 286 113
234 286 114
234 286 115
234 286 116
234 286 117
234 286 118
233 287 119
233 287 120
233 286 121
233 286 122
232 287 123
233 286 124
232 285 125
232 286 126
232 286 127
232 286 128
231 286 129
231 286 130
231 286 131
231 287 132
231 287 133
231 287 134
230 287 135
230 287 136
230 288 137
230 288 138
230 288 139
230 288 140
229 287 141
228 288 141
229 289 142
230 290 142
231 291 142
232 291 143
233 291 144
234 291 145
235 291 146
235 291 147
235 291 148
235 291 149
235 291 150
235 292 151
236 293 152
236 293 153
236 294 154
236 294 155
235 294 156
235 294 157
235 295 158
234 295 159
235 295 160
235 296 161
234 296 162
139
243 272 28
244 271 27
242 269 27
241 269 28
241 269 29
241 269 30
241 269 31
241 269 32
240 269 33
239 269 34
239 269 35
239 269 36
239 269 37
238 270 38
238 270 39
237 270 40
237 270 41
237 270 42
236 271 43
235 271 44
235 270 45
235 269 46
234 270 47
233 270 48
233 270 49
232 271 50
232 270 51
231 271 52
230 271 53
230 271 54
229 271 55
228 271 56
227 271 57
226 271 58
225 271 59
224 270 60
223 271 61
222 270 62
221 271 63
221 270 64
220 270 65
219 270 66
218 270 66
217 270 67
216 270 68
215 270 68
214 270 69
213 270 70
212 270 70
211 270 71
210 270 71
209 270 72
208 269 73
207 269 74
206 268 75
205 269 75
204 268 76
203 269 76
202 269 77
201 269 77
200 269 77
199 269 78
198 269 78
197 269 78
196 269 79
195 269 79
194 269 80
193 269 80
192 269 80
191 269 81
190 269 81
189 269 82
188 270 83
187 271 83
186 271 83
185 272 84
184 272 84
183 272 83
182 272 83
181 273 83
180 273 83
179 273 84
178 273 84
177 273 83
176 273 84
175 273 84
174 273 84
173 273 83
172 273 84
171 272 84
170 272 84
169 272 84
168 272 84
167 272 84
166 273 84
165 272 84
164 272 84
163 271 85
162 271 84
161 272 85
160 271 85
159 270 85
158 270 85
157 270 85
156 271 84
155 271 84
154 271 84
153 271 84
152 271 84
151 271 84
150 271 83
149 272 83
148 271 83
147 271 82
146 271 82
145 272 82
144 273 82
143 273 82
142 273 81
141 273 81
140 273 81
139 274 81
138 274 80
137 274 80
136 275 80
135 275 79
134 274 79
133 273 78
132 274 78
131 274 78
130 274 77
129 275 78
128 275 78
127 275 77
126 275 77
125 276 77
124 275 76
123 276 76
122 276 76
104
243 272 28
244 271 27
242 269 27
241 269 28
241 269 29
241 269 30
241 269 31
241 269 32
240 269 33
239 269 34
239 269 35
239 269 36
239 269 37
238 270 38
238 270 39
237 270 40
237 270 41
237 270 42
236 271 43
235 271 44
235 270 45
235 269 46
234 270 47
233 270 48
233 270 49
232 271 50
232 270 51
231 271 52
230 271 53
230 271 54
229 271 55
228 271 56
227 271 57
226 271 58
225 271 59
224 270 60
223 271 61
222 270 62
221 271 63
221 270 64
220 270 65
219 270 66
218 270 66
217 270 67
216 270 68
215 270 68
214 270 69
213 270 70
212 270 70
211 270 71
210 270 71
209 270 72
208 269 73
207 269 74
206 268 75
205 269 75
204 268 76
203 269 76
202 269 77
201 269 77
200 269 77
199 269 78
198 269 78
197 269 78
196 269 79
195 269 79
194 269 80
193 269 80
192 269 80
191 269 81
190 269 81
189 269 82
188 270 83
187 271 83
186 271 83
185 272 84
184 272 84
183 272 83
182 272 83
181 273 83
180 273 83
179 273 84
178 273 84
177 273 83
176 273 84
175 273 84
174 273 84
173 273 83
172 273 84
171 272 84
170 272 84
169 272 84
168 272 84
167 272 84
166 273 84
165 272 84
164 272 84
163 271 85
162 271 84
161 272 85
161 273 84
161 274 84
161 275 84
161 276 84
104
243 272 28
244 271 27
242 269 27
241 269 28
241 269 29
241 269 30
241 269 31
241 269 32
240 269 33
239 269 34
239 269 35
239 269 36
239 269 37
238 270 38
238 270 39
237 270 40
237 270 41
237 270 42
239 273 42
243 275 44
243 275 45
243 275 46
243 275 47
243 276 48
243 276 49
243 276 50
242 276 51
242 276 52
242 276 53
242 277 54
242 277 55
242 277 56
242 277 57
242 278 58
242 278 59
241 278 60
241 278 61
241 278 62
240 278 63
239 277 64
240 278 65
240 279 66
240 279 67
240 280 68
239 280 69
239 281 70
239 281 71
238 282 72
239 282 73
239 282 74
239 282 75
239 282 76
239 282 77
239 282 78
239 283 79
239 282 80
239 283 81
240 283 82
240 283 83
240 283 84
240 283 85
239 284 86
240 284 87
240 284 88
240 285 89
239 285 90
238 284 91
237 285 92
237 285 93
237 284 94
237 284 95
237 284 96
237 283 97
237 283 98
236 284 99
237 283 100
236 284 101
236 284 102
236 284 103
236 284 104
235 284 105
235 284 106
235 285 107
235 285 108
235 285 109
234 286 110
234 286 111
234 286 112
234 286 113
234 286 114
234 286 115
234 286 116
234 286 117
234 286 118
233 287 119
233 287 120
233 286 121
233 286 122
232 287 123
233 288 123
233 289 123
233 290 123
233 291 123
233 292 123
103
243 272 28
244 271 27
242 269 27
241 269 28
241 269 29
241 269 30
241 269 31
241 269 32
240 269 33
239 269 34
239 269 35
239 269 36
239 269 37
238 270 38
238 270 39
237 270 40
237 270 41
237 270 42
239 273 42
243 275 44
243 275 45
243 275 46
243 275 47
243 276 48
243 276 49
243 276 50
242 276 51
242 276 52
242 276 53
242 277 54
242 277 55
242 277 56
242 277 57
242 278 58
242 278 59
241 278 60
241 278 61
241 278 62
240 278 63
239 277 64
240 278 65
240 279 66
240 279 67
240 280 68
239 280 69
239 281 70
239 281 71
238 282 72
239 282 73
239 282 74
239 282 75
239 282 76
239 282 77
239 282 78
239 283 79
239 282 80
239 283 81
240 283 82
240 283 83
240 283 84
240 283 85
239 284 86
240 284 87
240 284 88
240 285 89
239 285 90
238 284 91
237 285 92
237 285 93
237 284 94
237 284 95
237 284 96
237 283 97
237 283 98
236 284 99
237 283 100
236 284 101
236 284 102
236 284 103
236 284 104
235 284 105
235 284 106
235 285 107
235 285 108
235 285 109
234 286 110
234 286 111
234 286 112
234 286 113
234 286 114
234 286 115
234 286 116
234 286 117
234 286 118
233 287 119
233 288 120
233 289 120
233 290 120
233 291 120
232 292 120
231 293 121
232 294 122
231 295 125
103
243 272 28
244 271 27
242 269 27
241 269 28
241 269 29
241 269 30
241 269 31
241 269 32
240 269 33
239 269 34
239 269 35
239 269 36
239 269 37
238 270 38
238 270 39
237 270 40
237 270 41
237 270 42
236 271 43
235 271 44
235 270 45
235 269 46
234 270 47
233 270 48
233 270 49
232 271 50
232 270 51
231 271 52
230 271 53
230 271 54
229 271 55
228 271 56
227 271 57
226 271 58
225 271 59
224 270 60
223 271 61
222 270 62
221 271 63
221 270 64
220 270 65
219 270 66
218 270 66
217 270 67
216 270 68
215 270 68
214 270 69
213 270 70
212 270 70
211 270 71
210 270 71
209 270 72
208 269 73
207 269 74
206 268 75
205 269 75
204 268 76
203 269 76
202 269 77
201 269 77
200 269 77
199 269 78
198 269 78
197 269 78
196 269 79
195 269 79
194 269 80
193 269 80
192 269 80
191 269 81
190 269 81
189 269 82
188 270 83
187 271 83
186 271 83
185 272 84
184 272 84
183 272 83
182 272 83
181 273 83
180 273 83
179 273 84
178 273 84
177 273 83
176 273 84
175 273 84
174 273 84
173 273 83
172 273 84
171 272 84
170 272 84
169 272 84
168 272 84
167 272 84
166 273 84
166 274 84
166 275 84
166 276 84
165 277 84
164 278 84
163 279 84
162 278 84
161 277 84
103
243 272 28
244 271 27
242 269 27
241 269 28
241 269 29
241 269 30
241 269 31
241 269 32
240 269 33
239 269 34
239 269 35
239 269 36
239 269 37
238 270 38
238 270 39
237 270 40
237 270 41
237 270 42
239 273 42
243 275 44
243 275 45
243 275 46
243 275 47
243 276 48
243 276 49
243 276 50
242 276 51
242 276 52
242 276 53
242 277 54
242 277 55
242 277 56
242 277 57
242 278 58
242 278 59
241 278 60
241 278 61
241 278 62
240 278 63
239 277 64
240 278 65
240 279 66
240 279 67
240 280 68
239 280 69
239 281 70
239 281 71
238 282 72
239 282 73
239 282 74
239 282 75
239 282 76
239 282 77
239 282 78
239 283 79
239 282 80
239 283 81
240 283 82
240 283 83
240 283 84
240 283 85
239 284 86
240 284 87
240 284 88
240 285 89
239 285 90
238 284 91
237 285 92
237 285 93
237 284 94
237 284 95
237 284 96
237 283 97
237 283 98
236 284 99
237 283 100
236 284 101
236 284 102
236 284 103
236 284 104
235 284 105
235 284 106
235 285 107
235 285 108
235 285 109
234 286 110
234 286 111
234 286 112
234 286 113
234 286 114
234 286 115
234 286 116
234 286 117
234 286 118
233 287 119
233 288 120
233 289 120
233 290 120
233 291 120
232 292 120
231 293 121
232 294 122
233 293 123
73
243 272 28
244 271 27
242 269 27
241 269 28
241 269 29
241 269 30
241 269 31
241 269 32
240 269 33
239 269 34
239 269 35
239 269 36
239 269 37
238 270 38
238 270 39
237 270 40
237 270 41
237 270 42
239 273 42
243 275 44
243 275 45
243 275 46
243 275 47
243 276 48
243 276 49
243 276 50
242 276 51
242 276 52
242 276 53
242 277 54
242 277 55
242 277 56
242 277 57
242 278 58
242 278 59
241 278 60
241 278 61
241 278 62
240 278 63
239 277 64
240 278 65
240 279 66
240 279 67
240 280 68
239 280 69
239 281 70
239 281 71
238 282 72
239 282 73
239 282 74
239 282 75
239 282 76
239 282 77
239 282 78
239 283 79
239 282 80
239 283 81
240 283 82
240 283 83
240 283 84
240 283 85
239 284 86
240 284 87
240 284 88
240 285 89
240 286 90
240 287 91
241 287 92
242 286 92
243 285 93
243 285 94
244 285 95
244 284 96
72
243 272 28
244 271 27
242 269 27
241 269 28
241 269 29
241 269 30
241 269 31
241 269 32
240 269 33
239 269 34
239 269 35
239 269 36
239 269 37
238 270 38
238 270 39
237 270 40
237 270 41
237 270 42
239 273 42
243 275 44
243 275 45
243 275 46
243 275 47
243 276 48
243 276 49
243 276 50
242 276 51
242 276 52
242 276 53
242 277 54
242 277 55
242 277 56
242 277 57
242 278 58
242 278 59
241 278 60
241 278 61
241 278 62
240 278 63
239 277 64
240 278 65
240 279 66
240 279 67
240 280 68
239 280 69
239 281 70
239 281 71
238 282 72
239 282 73
239 282 74
239 282 75
239 282 76
239 282 77
239 282 78
239 283 79
239 282 80
239 283 81
240 283 82
240 283 83
240 283 84
240 283 85
239 284 86
240 284 87
240 284 88
240 285 89
239 285 90
238 284 91
237 285 92
237 286 92
237 287 93
236 288 93
236 289 94
70
243 272 28
244 271 27
242 269 27
241 269 28
241 269 29
241 269 30
241 269 31
241 269 32
240 269 33
239 269 34
239 269 35
239 269 36
239 269 37
238 270 38
238 270 39
237 270 40
237 270 41
237 270 42
239 273 42
243 275 44
243 275 45
243 275 46
243 275 47
243 276 48
243 276 49
243 276 50
242 276 51
242 276 52
242 276 53
242 277 54
242 277 55
242 277 56
242 277 57
242 278 58
242 278 59
241 278 60
241 278 61
241 278 62
240 278 63
239 277 64
238 277 65
237 276 66
236 276 67
235 276 68
235 275 69
234 275 70
234 274 71
233 274 72
233 274 73
232 273 74
232 273 75
231 272 76
231 272 77
230 271 78
229 270 79
228 270 80
228 269 81
227 268 82
226 267 83
225 266 84
224 265 84
223 264 85
222 265 86
221 264 87
220 264 88
219 263 89
218 263 90
217 262 91
216 261 92
216 260 93
51
243 272 28
244 271 27
242 269 27
241 269 28
241 269 29
241 269 30
241 269 31
241 269 32
240 269 33
239 269 34
239 269 35
239 269 36
239 269 37
238 270 38
238 270 39
237 270 40
237 270 41
237 270 42
239 273 42
243 275 44
243 275 45
243 275 46
243 275 47
243 276 48
243 276 49
243 276 50
242 276 51
242 276 52
242 276 53
242 277 54
242 277 55
242 277 56
242 277 57
242 278 58
242 278 59
241 278 60
241 278 61
241 278 62
240 278 63
239 277 64
240 278 65
240 279 66
240 279 67
240 280 68
239 280 69
239 281 70
239 281 71
238 282 72
237 282 72
236 282 73
235 282 74
20
243 272 28
244 271 27
242 269 27
241 269 28
241 269 29
241 269 30
241 269 31
241 269 32
240 269 33
239 269 34
239 269 35
239 269 36
239 269 37
238 270 38
238 270 39
237 270 40
237 270 41
237 270 42
239 273 42
244 275 43
19
243 272 28
244 271 27
242 269 27
241 269 28
241 269 29
241 269 30
241 269 31
241 269 32
240 269 33
239 269 34
239 269 35
239 269 36
239 269 37
238 270 38
238 270 39
237 270 40
237 270 41
237 270 42
239 273 42
12
243 272 28
244 271 27
244 271 26
244 271 25
245 271 24
246 270 23
247 269 24
246 268 23
245 268 23
244 268 24
243 268 24
242 269 25
9
243 272 28
244 271 27
244 271 26
244 271 25
245 271 24
246 270 23
247 269 24
247 270 25
248 271 26
8
243 272 28
244 271 27
247 271 27
247 271 28
247 271 29
247 271 30
247 271 31
247 271 32
4
243 272 28
244 271 27
244 271 26
242 269 26
