71
253
250 259 25
250 259 26
250 259 27
250 259 28
250 259 29
250 259 30
250 259 31
250 259 32
250 259 33
250 259 34
250 259 35
250 258 36
250 258 37
250 258 38
250 259 39
251 258 40
251 258 41
251 257 42
252 256 43
252 257 44
251 258 45
251 258 46
250 259 47
251 258 48
251 258 49
251 259 50
251 259 51
250 260 52
250 260 53
250 260 54
250 260 55
250 260 56
250 260 57
250 260 58
250 260 59
250 261 60
250 260 61
250 259 62
251 259 63
252 259 64
251 258 65
250 258 66
251 258 67
252 259 68
252 259 69
253 260 70
253 259 71
253 259 72
254 258 73
255 258 74
254 258 75
254 258 76
254 258 77
253 258 78
253 258 79
253 258 80
254 258 81
254 258 82
254 257 83
255 257 84
255 257 85
255 257 86
255 256 87
256 255 88
255 254 89
255 255 90
255 256 91
255 257 92
254 257 93
255 258 94
254 257 95
254 257 96
255 257 97
254 257 98
254 257 99
255 258 100
255 259 100
254 260 101
253 261 102
252 261 103
253 262 104
253 262 105
252 262 106
253 263 107
252 263 108
252 263 109
251 263 110
252 264 111
252 264 112
252 264 113
252 265 114
252 265 115
252 265 116
252 266 117
252 266 118
252 266 119
253 267 120
253 267 121
252 267 122
252 267 123
252 268 124
252 268 125
252 268 126
252 268 127
252 269 128
252 269 129
252 269 130
252 270 131
252 271 132
252 271 133
251 272 134
251 273 135
250 273 136
250 274 137
250 275 138
250 276 139
250 276 140
250 277 141
250 277 142
250 278 143
250 279 144
250 279 145
250 279 146
250 280 147
250 280 148
250 281 149
250 281 150
250 281 151
251 282 152
251 283 153
250 283 154
250 284 155
249 284 156
249 285 157
249 286 158
248 286 159
248 287 160
248 288 161
248 289 161
248 290 162
247 291 163
248 292 163
248 293 164
248 294 165
248 295 166
247 295 167
247 296 168
247 297 169
247 298 170
246 298 171
245 299 172
245 300 173
245 301 174
245 302 174
246 303 175
246 304 176
246 305 177
246 306 177
245 307 178
245 308 179
245 309 179
244 310 180
244 311 181
243 312 182
244 313 182
243 314 183
242 315 184
243 316 184
243 317 185
242 318 185
242 319 185
242 320 185
242 321 186
242 322 186
242 323 187
242 324 188
242 325 189
242 326 189
241 327 189
241 328 190
241 329 190
240 330 190
240 331 191
241 332 192
241 333 192
241 334 193
241 335 194
241 336 194
241 337 195
241 338 196
241 339 196
241 340 197
240 341 197
240 342 197
240 343 198
241 344 199
240 345 199
241 346 200
241 347 201
241 348 201
241 349 202
240 350 202
240 351 203
240 352 203
240 353 204
240 354 205
239 355 205
239 356 205
238 357 206
238 358 207
238 359 207
238 360 208
237 361 208
237 362 208
237 363 208
237 364 209
237 365 209
237 366 210
237 367 210
237 368 210
237 369 210
237 370 211
238 371 212
238 372 212
238 373 212
238 374 213
238 375 213
238 376 213
238 377 213
238 378 213
238 379 214
238 380 214
238 381 215
238 382 215
238 383 215
238 384 215
238 385 215
238 386 216
239 387 216
239 388 216
239 389 217
239 390 217
239 391 218
239 392 218
239 393 218
239 394 218
239 395 218
239 396 218
239 397 219
239 398 219
239 399 220
239 400 220
240 401 220
183
250 259 25
250 259 26
250 259 27
250 259 28
250 259 29
250 259 30
250 259 31
250 259 32
250 259 33
250 259 34
250 259 35
250 258 36
250 258 37
250 258 38
250 259 39
251 258 40
251 258 41
251 257 42
252 256 43
252 257 44
251 258 45
251 258 46
250 259 47
251 258 48
251 258 49
251 259 50
251 259 51
250 260 52
250 260 53
250 260 54
250 260 55
250 260 56
250 260 57
250 260 58
250 260 59
250 261 60
250 260 61
250 259 62
251 259 63
252 259 64
251 258 65
251 257 66
252 258 67
253 257 68
253 256 68
254 255 68
254 254 69
254 253 70
253 252 70
253 251 71
254 250 72
253 249 73
254 248 74
254 247 75
255 246 75
255 245 76
255 244 77
255 244 78
255 244 79
256 243 80
256 242 81
256 241 82
255 240 83
255 239 84
256 238 84
256 237 85
256 237 86
256 236 87
257 236 88
257 235 89
257 234 90
258 233 91
258 232 92
258 231 93
258 230 94
258 229 95
259 228 95
259 227 96
259 226 97
259 226 98
260 225 99
260 224 100
260 223 101
260 222 101
260 221 102
260 220 103
261 219 103
260 218 104
260 217 104
260 216 105
261 215 105
261 214 106
261 213 107
262 212 107
261 211 107
261 210 108
261 209 108
262 208 109
261 207 109
262 206 110
262 205 110
262 204 110
263 203 111
262 202 111
262 201 112
261 200 112
261 199 113
261 198 114
262 197 114
262 196 115
263 195 115
263 194 115
263 193 116
264 192 116
264 191 117
265 190 117
264 189 118
264 188 118
264 187 118
264 186 117
265 185 117
265 184 118
266 183 118
267 182 118
267 181 118
267 180 118
267 179 119
268 178 119
268 177 119
267 176 119
267 175 119
267 174 119
268 173 119
267 172 119
267 171 119
268 170 120
269 169 121
269 168 121
270 167 121
269 166 121
269 165 121
269 164 121
269 163 122
270 162 122
269 161 122
270 160 122
270 159 123
270 158 123
270 157 123
270 156 123
271 155 124
271 154 124
270 153 124
271 152 124
271 151 124
271 150 125
272 149 125
272 148 125
272 147 126
272 146 126
272 145 126
272 144 126
273 143 127
272 142 127
272 141 127
272 140 127
273 139 128
272 138 128
272 137 128
273 136 129
273 135 129
272 134 129
272 133 130
272 132 130
272 131 130
272 130 131
272 129 131
273 128 131
272 127 132
272 126 132
273 125 132
273 124 133
273 123 133
168
250 259 25
250 259 26
250 259 27
250 259 28
250 259 29
250 259 30
250 259 31
250 259 32
250 259 33
250 259 34
250 259 35
250 258 36
250 258 37
250 258 38
250 259 39
251 258 40
251 258 41
251 257 42
252 256 43
252 257 44
251 258 45
251 258 46
250 259 47
251 258 48
251 258 49
251 259 50
251 259 51
250 260 52
250 260 53
250 260 54
250 260 55
250 260 56
250 260 57
250 260 58
250 260 59
250 261 60
250 260 61
250 259 62
251 259 63
252 259 64
251 258 65
250 258 66
251 258 67
252 259 68
252 259 69
253 260 70
253 259 71
253 259 72
254 258 73
255 258 74
254 258 75
254 258 76
254 258 77
253 258 78
253 258 79
253 258 80
254 258 81
254 258 82
254 257 83
255 257 84
255 257 85
255 257 86
255 256 87
256 255 88
255 254 89
255 255 90
255 256 91
255 257 92
254 257 93
255 258 94
254 257 95
254 257 96
255 257 97
254 257 98
254 257 99
255 258 100
255 259 100
254 260 101
253 261 102
252 261 103
253 262 104
253 262 105
252 262 106
253 263 107
252 263 108
252 263 109
251 263 110
252 264 111
252 264 112
252 264 113
252 265 114
252 265 115
252 265 116
252 266 117
252 266 118
252 266 119
253 267 120
253 267 121
252 267 122
252 267 123
252 268 124
252 268 125
252 268 126
252 268 127
252 269 128
252 269 129
252 269 130
252 270 131
252 271 132
252 271 133
251 272 134
251 273 135
250 273 136
250 274 137
250 275 138
250 276 139
250 276 140
250 277 141
250 277 142
250 278 143
250 279 144
250 279 145
250 279 146
250 280 147
250 280 148
250 281 149
250 281 150
250 281 151
251 282 152
251 283 153
250 283 154
250 284 155
249 284 156
249 285 157
249 286 158
248 286 159
248 287 160
248 288 161
248 289 161
248 290 162
247 291 163
248 292 163
248 293 164
248 294 165
248 295 166
247 295 167
247 296 168
247 297 169
247 298 170
246 298 171
245 299 172
245 300 173
245 301 174
245 302 174
246 303 175
246 304 176
245 304 177
244 303 177
243 303 177
242 303 178
241 303 178
240 303 178
239 303 179
238 303 179
237 303 180
236 304 180
236 305 181
236 306 181
167
250 259 25
250 259 26
250 259 27
250 259 28
250 259 29
250 259 30
250 259 31
250 259 32
250 259 33
250 259 34
250 259 35
250 258 36
250 258 37
250 258 38
250 259 39
251 258 40
251 258 41
251 257 42
252 256 43
252 257 44
251 258 45
251 258 46
250 259 47
251 258 48
251 258 49
251 259 50
251 259 51
250 260 52
250 260 53
250 260 54
250 260 55
250 260 56
250 260 57
250 260 58
250 260 59
250 261 60
250 260 61
250 259 62
251 259 63
252 259 64
251 258 65
250 258 66
251 258 67
252 259 68
252 259 69
253 260 70
253 259 71
253 259 72
254 258 73
255 258 74
254 258 75
254 258 76
254 258 77
253 258 78
253 258 79
253 258 80
254 258 81
254 258 82
254 257 83
255 257 84
255 257 85
255 257 86
255 256 87
256 255 88
255 254 89
255 255 90
255 256 91
255 257 92
254 257 93
255 258 94
254 257 95
254 257 96
255 257 97
254 257 98
254 257 99
255 258 100
255 259 100
254 260 101
253 261 102
252 261 103
253 262 104
253 262 105
252 262 106
253 263 107
252 263 108
252 263 109
251 263 110
252 264 111
252 264 112
252 264 113
252 265 114
252 265 115
252 265 116
252 266 117
252 266 118
252 266 119
253 267 120
253 267 121
252 267 122
252 267 123
252 268 124
252 268 125
252 268 126
252 268 127
252 269 128
252 269 129
252 269 130
252 270 131
252 271 132
252 271 133
251 272 134
251 273 135
250 273 136
250 274 137
250 275 138
250 276 139
250 276 140
250 277 141
250 277 142
250 278 143
250 279 144
250 279 145
250 279 146
250 280 147
250 280 148
250 281 149
250 281 150
250 281 151
251 282 152
251 283 153
250 283 154
250 284 155
249 284 156
249 285 157
249 286 158
248 286 159
248 287 160
248 288 161
248 289 161
248 290 162
247 291 163
248 292 163
248 293 164
248 294 165
248 295 166
247 295 167
247 296 168
247 297 169
247 298 170
246 298 171
245 299 172
245 300 173
245 301 174
245 302 174
246 303 175
246 304 176
246 305 177
246 306 177
245 307 178
244 307 179
243 307 179
242 307 179
241 307 180
240 307 180
239 307 180
238 307 181
237 307 181
154
250 259 25
250 259 26
250 259 27
250 259 28
250 259 29
250 259 30
250 259 31
250 259 32
250 259 33
250 259 34
250 259 35
250 258 36
250 258 37
250 258 38
250 259 39
251 258 40
251 258 41
251 257 42
252 256 43
252 257 44
251 258 45
251 258 46
250 259 47
251 258 48
251 258 49
251 259 50
251 259 51
250 260 52
250 260 53
250 260 54
250 260 55
250 260 56
250 260 57
250 260 58
250 260 59
250 261 60
250 260 61
250 259 62
251 259 63
252 259 64
251 258 65
250 258 66
251 258 67
252 259 68
252 259 69
253 260 70
253 259 71
253 259 72
254 258 73
255 258 74
254 258 75
254 258 76
254 258 77
253 258 78
253 258 79
253 258 80
254 258 81
254 258 82
254 257 83
255 257 84
255 257 85
255 257 86
255 256 87
256 255 88
255 254 89
255 253 89
255 252 89
256 251 90
256 251 91
256 250 92
255 249 93
256 250 94
255 249 95
255 248 96
256 248 97
256 247 98
257 247 99
257 246 100
258 246 101
259 245 102
259 245 103
258 245 104
258 244 105
258 243 105
257 242 106
258 241 107
258 240 108
258 239 109
258 238 109
259 237 110
259 236 110
260 235 111
261 234 112
261 233 113
262 233 114
263 232 115
263 232 116
264 231 117
265 231 118
264 230 119
265 229 120
265 229 121
265 228 122
266 228 123
265 227 124
266 227 125
265 226 126
266 226 127
265 225 128
265 224 129
266 223 130
267 222 131
267 221 131
268 220 132
269 219 133
270 218 134
270 217 134
271 216 135
271 215 135
272 214 135
272 213 135
273 212 136
273 211 136
273 210 136
273 209 136
274 208 137
275 207 137
275 206 137
276 205 138
277 204 139
277 203 139
278 202 140
279 201 141
280 201 142
281 200 143
282 199 144
283 198 145
284 197 145
285 196 146
286 195 147
286 194 147
286 193 147
287 192 148
288 191 149
289 190 150
288 189 149
289 188 148
289 187 148
288 186 149
288 186 150
287 186 151
288 185 152
288 184 153
288 183 154
149
250 259 25
250 259 26
250 259 27
250 259 28
250 259 29
250 259 30
250 259 31
250 259 32
250 259 33
250 259 34
250 259 35
250 258 36
250 258 37
250 258 38
250 259 39
251 258 40
251 258 41
251 257 42
252 256 43
252 257 44
251 258 45
251 258 46
250 259 47
251 258 48
251 258 49
251 259 50
251 259 51
250 260 52
250 260 53
250 260 54
250 260 55
250 260 56
250 260 57
250 260 58
250 260 59
250 261 60
250 260 61
250 259 62
251 259 63
252 259 64
251 258 65
250 258 66
251 258 67
252 259 68
252 259 69
253 260 70
253 259 71
253 259 72
254 258 73
255 258 74
254 258 75
254 258 76
254 258 77
253 258 78
253 258 79
253 258 80
254 258 81
254 258 82
254 257 83
255 257 84
255 257 85
255 257 86
255 256 87
256 255 88
255 254 89
255 255 90
255 256 91
255 257 92
254 257 93
255 258 94
254 257 95
254 257 96
255 257 97
254 257 98
254 257 99
255 257 100
254 256 101
255 256 102
256 255 103
255 255 104
255 255 105
254 255 106
254 254 107
254 254 108
254 254 109
253 254 110
254 253 111
254 253 112
253 253 113
254 253 114
254 253 115
254 252 116
254 252 117
255 252 118
256 253 119
257 254 119
257 255 120
258 256 121
258 256 122
259 256 123
258 257 124
258 257 125
258 257 126
257 257 127
257 257 128
258 257 129
258 257 130
258 257 131
258 257 132
258 257 133
258 258 134
258 258 135
258 258 136
259 258 137
258 258 138
258 259 139
258 259 140
259 260 141
258 260 142
257 260 143
258 260 144
258 260 145
258 261 146
258 261 147
258 261 148
259 262 149
258 262 150
258 262 151
258 262 152
258 263 153
257 263 154
258 263 155
258 263 156
257 264 157
258 264 158
258 264 159
257 265 160
257 265 161
257 265 162
257 265 163
257 265 164
257 266 165
256 266 166
256 266 167
256 266 168
256 267 169
254 269 175
251 272 180
248 277 182
148
250 259 25
250 259 26
250 259 27
250 259 28
250 259 29
250 259 30
250 259 31
250 259 32
250 259 33
250 259 34
250 259 35
250 258 36
250 258 37
250 258 38
250 259 39
251 258 40
251 258 41
251 257 42
252 256 43
252 257 44
251 258 45
251 258 46
250 259 47
251 258 48
251 258 49
251 259 50
251 259 51
250 260 52
250 260 53
250 260 54
250 260 55
250 260 56
250 260 57
250 260 58
250 260 59
250 261 60
250 260 61
250 259 62
251 259 63
252 259 64
251 258 65
250 258 66
251 258 67
252 259 68
252 259 69
253 260 70
253 259 71
253 259 72
254 258 73
255 258 74
254 258 75
254 258 76
254 258 77
253 258 78
253 258 79
253 258 80
254 258 81
254 258 82
254 257 83
255 257 84
255 257 85
255 257 86
255 256 87
256 255 88
255 254 89
255 255 90
255 256 91
255 257 92
254 257 93
255 258 94
254 257 95
254 257 96
255 257 97
254 257 98
254 257 99
255 257 100
254 256 101
255 256 102
256 255 103
255 255 104
255 255 105
254 255 106
254 254 107
254 254 108
254 254 109
253 254 110
254 253 111
254 253 112
253 253 113
254 253 114
254 253 115
254 252 116
254 252 117
255 252 118
256 253 119
257 254 119
257 255 120
258 256 121
258 256 122
259 256 123
258 257 124
258 257 125
258 257 126
257 257 127
257 257 128
258 257 129
258 257 130
258 257 131
258 257 132
258 257 133
258 258 134
258 258 135
258 258 136
259 258 137
258 258 138
258 259 139
258 259 140
259 260 141
258 260 142
257 260 143
258 260 144
258 260 145
258 261 146
258 261 147
258 261 148
259 262 149
258 262 150
258 262 151
258 262 152
258 263 153
257 263 154
258 263 155
258 263 156
257 264 157
258 264 158
258 264 159
257 265 160
257 265 161
257 265 162
257 265 163
257 265 164
257 266 165
256 266 166
256 266 167
256 266 168
256 267 169
254 269 175
251 272 180
147
250 259 25
250 259 26
250 259 27
250 259 28
250 259 29
250 259 30
250 259 31
250 259 32
250 259 33
250 259 34
250 259 35
250 258 36
250 258 37
250 258 38
250 259 39
251 258 40
251 258 41
251 257 42
252 256 43
252 257 44
251 258 45
251 258 46
250 259 47
251 258 48
251 258 49
251 259 50
251 259 51
250 260 52
250 260 53
250 260 54
250 260 55
250 260 56
250 260 57
250 260 58
250 260 59
250 261 60
250 260 61
250 259 62
251 259 63
252 259 64
251 258 65
250 258 66
251 258 67
252 259 68
252 259 69
253 260 70
253 259 71
253 259 72
254 258 73
255 258 74
254 258 75
254 258 76
254 258 77
253 258 78
253 258 79
253 258 80
254 258 81
254 258 82
254 257 83
255 257 84
255 257 85
255 257 86
255 256 87
256 255 88
255 254 89
255 255 90
255 256 91
255 257 92
254 257 93
255 258 94
254 257 95
254 257 96
255 257 97
254 257 98
254 257 99
255 257 100
254 256 101
255 256 102
256 255 103
255 255 104
255 255 105
254 255 106
254 254 107
254 254 108
254 254 109
253 254 110
254 253 111
254 253 112
253 253 113
254 253 114
254 253 115
254 252 116
254 252 117
255 252 118
255 251 119
255 251 120
255 250 121
255 249 122
255 248 123
255 248 124
255 247 125
255 246 126
256 245 127
255 245 128
255 245 129
256 244 130
256 244 131
255 243 132
255 242 133
256 242 134
256 242 135
256 241 136
255 240 137
256 239 138
255 238 139
256 237 140
256 236 141
255 235 142
256 236 143
257 236 144
258 235 145
258 235 146
258 234 147
259 233 148
258 232 149
258 231 149
259 230 149
258 229 150
257 228 151
256 227 152
256 226 153
256 225 154
256 224 155
256 223 155
255 222 156
256 221 156
255 220 157
255 219 158
255 218 158
254 217 159
253 218 160
252 218 160
251 218 161
250 218 161
249 218 161
248 218 160
247 219 160
147
250 259 25
250 259 26
250 259 27
250 259 28
250 259 29
250 259 30
250 259 31
250 259 32
250 259 33
250 259 34
250 259 35
250 258 36
250 258 37
250 258 38
250 259 39
251 258 40
251 258 41
251 257 42
252 256 43
252 257 44
251 258 45
251 258 46
250 259 47
251 258 48
251 258 49
251 259 50
251 259 51
250 260 52
250 260 53
250 260 54
250 260 55
250 260 56
250 260 57
250 260 58
250 260 59
250 261 60
250 260 61
250 259 62
251 259 63
252 259 64
251 258 65
250 258 66
251 258 67
252 259 68
252 259 69
253 260 70
253 259 71
253 259 72
254 258 73
255 258 74
254 258 75
254 258 76
254 258 77
253 258 78
253 258 79
253 258 80
254 258 81
254 258 82
254 257 83
255 257 84
255 257 85
255 257 86
255 256 87
256 255 88
255 254 89
255 255 90
255 256 91
255 257 92
254 257 93
255 258 94
254 257 95
254 257 96
255 257 97
254 257 98
254 257 99
255 257 100
254 256 101
255 256 102
256 255 103
255 255 104
255 255 105
254 255 106
254 254 107
254 254 108
254 254 109
253 254 110
254 253 111
254 253 112
253 253 113
254 253 114
254 253 115
254 252 116
254 252 117
255 252 118
255 251 119
255 251 120
255 250 121
255 249 122
255 248 123
255 248 124
255 247 125
255 246 126
256 245 127
255 245 128
255 245 129
256 244 130
256 244 131
255 243 132
255 242 133
256 242 134
256 242 135
256 241 136
255 240 137
256 239 138
255 238 139
256 237 140
256 236 141
255 235 142
256 236 143
257 236 144
258 235 145
258 235 146
258 234 147
259 233 148
258 232 149
258 231 149
259 230 149
258 229 150
257 228 151
256 227 152
256 226 153
256 225 154
256 224 155
256 223 155
255 222 156
256 221 156
255 220 157
255 219 158
255 218 158
254 217 159
254 216 160
254 215 160
254 214 161
254 213 161
253 212 162
253 211 162
254 210 162
147
250 259 25
250 259 26
250 259 27
250 259 28
250 259 29
250 259 30
250 259 31
250 259 32
250 259 33
250 259 34
250 259 35
250 258 36
250 258 37
250 258 38
250 259 39
251 258 40
251 258 41
251 257 42
252 256 43
252 257 44
251 258 45
251 258 46
250 259 47
251 258 48
251 258 49
251 259 50
251 259 51
250 260 52
250 260 53
250 260 54
250 260 55
250 260 56
250 260 57
250 260 58
250 260 59
250 261 60
250 260 61
250 259 62
251 259 63
252 259 64
251 258 65
250 258 66
251 258 67
252 259 68
252 259 69
253 260 70
253 259 71
253 259 72
254 258 73
255 258 74
254 258 75
254 258 76
254 258 77
253 258 78
253 258 79
253 258 80
254 258 81
254 258 82
254 257 83
255 257 84
255 257 85
255 257 86
255 256 87
256 255 88
255 254 89
255 255 90
255 256 91
255 257 92
254 257 93
255 258 94
254 257 95
254 257 96
255 257 97
254 257 98
254 257 99
255 257 100
254 256 101
255 256 102
256 255 103
255 255 104
255 255 105
254 255 106
254 254 107
254 254 108
254 254 109
253 254 110
254 253 111
254 253 112
253 253 113
254 253 114
254 253 115
254 252 116
254 252 117
255 252 118
256 253 119
257 254 119
257 255 120
258 256 121
258 256 122
259 256 123
258 257 124
258 257 125
258 257 126
257 257 127
257 257 128
258 257 129
258 257 130
258 257 131
258 257 132
258 257 133
258 258 134
258 258 135
258 258 136
259 258 137
258 258 138
258 259 139
258 259 140
259 260 141
258 260 142
257 260 143
258 260 144
258 260 145
258 261 146
258 261 147
258 261 148
259 262 149
258 262 150
258 262 151
258 262 152
258 263 153
257 263 154
258 263 155
258 263 156
257 264 157
258 264 158
258 264 159
257 265 160
257 265 161
257 265 162
257 265 163
257 265 164
257 266 165
256 266 166
256 266 167
256 266 168
256 267 169
254 269 175
146
250 259 25
250 259 26
250 259 27
250 259 28
250 259 29
250 259 30
250 259 31
250 259 32
250 259 33
250 259 34
250 259 35
250 258 36
250 258 37
250 258 38
250 259 39
251 258 40
251 258 41
251 257 42
252 256 43
252 257 44
251 258 45
251 258 46
250 259 47
251 258 48
251 258 49
251 259 50
251 259 51
250 260 52
250 260 53
250 260 54
250 260 55
250 260 56
250 260 57
250 260 58
250 260 59
250 261 60
250 260 61
250 259 62
251 259 63
252 259 64
251 258 65
250 258 66
251 258 67
252 259 68
252 259 69
253 260 70
253 259 71
253 259 72
254 258 73
255 258 74
254 258 75
254 258 76
254 258 77
253 258 78
253 258 79
253 258 80
254 258 81
254 258 82
254 257 83
255 257 84
255 257 85
255 257 86
255 256 87
256 255 88
255 254 89
255 255 90
255 256 91
255 257 92
254 257 93
255 258 94
254 257 95
254 257 96
255 257 97
254 257 98
254 257 99
255 257 100
254 256 101
255 256 102
256 255 103
255 255 104
255 255 105
254 255 106
254 254 107
254 254 108
254 254 109
253 254 110
254 253 111
254 253 112
253 253 113
254 253 114
254 253 115
254 252 116
254 252 117
255 252 118
256 253 119
257 254 119
257 255 120
258 256 121
258 256 122
259 256 123
258 257 124
258 257 125
258 257 126
257 257 127
257 257 128
258 257 129
258 257 130
258 257 131
258 257 132
258 257 133
258 258 134
258 258 135
258 258 136
259 258 137
258 258 138
258 259 139
258 259 140
259 260 141
258 260 142
257 260 143
258 260 144
258 260 145
258 261 146
258 261 147
258 261 148
259 262 149
258 262 150
258 262 151
258 262 152
258 263 153
257 263 154
258 263 155
258 263 156
257 264 157
258 264 158
258 264 159
257 265 160
257 265 161
257 265 162
257 265 163
257 265 164
257 266 165
256 266 166
256 266 167
256 266 168
256 267 169
139
250 259 25
250 259 26
250 259 27
250 259 28
250 259 29
250 259 30
250 259 31
250 259 32
250 259 33
250 259 34
250 259 35
250 258 36
250 258 37
250 258 38
250 259 39
251 258 40
251 258 41
251 257 42
252 256 43
252 257 44
251 258 45
251 258 46
250 259 47
251 258 48
251 258 49
251 259 50
251 259 51
250 260 52
250 260 53
250 260 54
250 260 55
250 260 56
250 260 57
250 260 58
250 260 59
250 261 60
250 260 61
250 259 62
251 259 63
252 259 64
251 258 65
250 258 66
251 258 67
252 259 68
252 259 69
253 260 70
253 259 71
253 259 72
254 258 73
255 258 74
254 258 75
254 258 76
254 258 77
253 258 78
253 258 79
253 258 80
254 258 81
254 258 82
254 257 83
255 257 84
255 257 85
255 257 86
255 256 87
256 255 88
255 254 89
255 253 89
255 252 89
256 251 90
256 251 91
256 250 92
255 249 93
256 250 94
255 249 95
255 248 96
256 248 97
256 247 98
257 247 99
257 246 100
258 246 101
259 245 102
259 245 103
258 245 104
258 244 105
258 243 105
257 242 106
258 241 107
258 240 108
258 239 109
258 238 109
259 237 110
259 236 110
260 235 111
261 234 112
261 233 113
262 233 114
263 232 115
263 232 116
264 231 117
265 231 118
264 230 119
265 229 120
265 229 121
265 228 122
266 228 123
265 227 124
266 227 125
265 226 126
266 226 127
265 225 128
265 224 129
266 223 130
267 222 131
267 221 131
268 220 132
269 219 133
270 218 134
270 217 134
271 216 135
271 215 135
272 214 135
272 213 135
273 212 136
273 211 136
273 210 136
273 209 136
274 208 137
273 207 136
272 207 136
271 207 135
270 207 135
269 207 135
268 207 134
267 207 134
266 206 135
265 206 135
264 206 136
264 206 137
264 206 138
265 206 139
138
250 259 25
250 259 26
250 259 27
250 259 28
250 259 29
250 259 30
250 259 31
250 259 32
250 259 33
250 259 34
250 259 35
250 258 36
250 258 37
250 258 38
250 259 39
251 258 40
251 258 41
251 257 42
252 256 43
252 257 44
251 258 45
251 258 46
250 259 47
251 258 48
251 258 49
251 259 50
251 259 51
250 260 52
250 260 53
250 260 54
250 260 55
250 260 56
250 260 57
250 260 58
250 260 59
250 261 60
250 260 61
250 259 62
251 259 63
252 259 64
251 258 65
250 258 66
251 258 67
252 259 68
252 259 69
253 260 70
253 259 71
253 259 72
254 258 73
255 258 74
254 258 75
254 258 76
254 258 77
253 258 78
253 258 79
253 258 80
254 258 81
254 258 82
254 257 83
255 257 84
255 257 85
255 257 86
255 256 87
256 255 88
255 254 89
255 255 90
255 256 91
255 257 92
254 257 93
255 258 94
254 257 95
254 257 96
255 257 97
254 257 98
254 257 99
255 258 100
255 259 100
254 260 101
253 261 102
252 261 103
253 262 104
253 262 105
252 262 106
253 263 107
252 263 108
252 263 109
251 263 110
252 264 111
252 264 112
252 264 113
252 265 114
252 265 115
252 265 116
252 266 117
252 266 118
252 266 119
253 267 120
253 267 121
252 267 122
252 267 123
252 268 124
252 268 125
252 268 126
252 268 127
252 269 128
252 269 129
252 269 130
252 270 131
252 271 132
252 271 133
251 272 134
251 273 135
250 273 136
250 274 137
250 275 138
250 276 139
250 276 140
250 277 141
250 277 142
250 278 143
250 279 144
250 279 145
250 279 146
250 280 147
250 280 148
250 281 149
250 281 150
250 281 151
251 282 152
251 283 153
250 283 154
250 284 155
249 284 156
249 285 157
249 286 158
248 286 159
247 285 159
246 285 159
134
250 259 25
250 259 26
250 259 27
250 259 28
250 259 29
250 259 30
250 259 31
250 259 32
250 259 33
250 259 34
250 259 35
250 258 36
250 258 37
250 258 38
250 259 39
251 258 40
251 258 41
251 257 42
252 256 43
251 255 43
251 254 43
252 253 43
253 252 44
253 252 45
252 251 46
253 251 47
253 251 48
253 250 49
254 250 50
253 250 51
254 249 52
254 248 53
254 247 54
254 247 55
255 246 56
255 246 57
255 245 58
256 244 59
256 244 60
257 243 61
257 243 62
257 242 63
257 241 64
257 240 65
258 239 66
259 238 67
259 237 68
260 237 69
260 236 70
260 235 71
261 234 72
261 233 73
262 232 74
262 231 75
262 230 76
263 229 77
263 228 78
264 228 79
264 227 80
265 226 81
266 225 82
266 224 83
267 223 84
267 222 85
268 221 86
268 220 87
269 219 88
270 218 89
270 217 89
271 216 90
271 215 90
271 214 91
271 213 91
272 212 92
273 211 93
274 210 94
274 209 94
275 208 95
275 207 96
276 206 97
277 205 98
277 204 99
277 203 99
277 202 100
278 201 101
279 200 102
279 199 102
280 198 103
281 197 104
282 196 104
282 195 104
282 194 105
282 193 105
283 192 105
284 191 106
285 190 106
286 189 107
285 188 107
286 187 107
287 186 108
287 185 108
288 184 109
289 183 109
289 182 109
290 181 110
289 180 109
290 179 110
290 178 110
291 177 110
291 176 110
291 175 110
292 174 111
292 173 111
293 172 111
294 171 112
294 170 113
295 169 113
295 168 113
300 167 115
301 166 115
302 165 115
303 164 115
304 163 116
305 162 116
305 161 116
306 160 115
307 159 115
307 158 115
329 140 108
330 140 108
331 140 107
332 139 106
333 139 106
338 137 104
133
250 259 25
250 259 26
250 259 27
250 259 28
250 259 29
250 259 30
250 259 31
250 259 32
250 259 33
250 259 34
250 259 35
250 258 36
250 258 37
250 258 38
250 259 39
251 258 40
251 258 41
251 257 42
252 256 43
251 255 43
251 254 43
252 253 43
253 252 44
253 252 45
252 251 46
253 251 47
253 251 48
253 250 49
254 250 50
253 250 51
254 249 52
254 248 53
254 247 54
254 247 55
255 246 56
255 246 57
255 245 58
256 244 59
256 244 60
257 243 61
257 243 62
257 242 63
257 241 64
257 240 65
258 239 66
259 238 67
259 237 68
260 237 69
260 236 70
260 235 71
261 234 72
261 233 73
262 232 74
262 231 75
262 230 76
263 229 77
263 228 78
264 228 79
264 227 80
265 226 81
266 225 82
266 224 83
267 223 84
267 222 85
268 221 86
268 220 87
269 219 88
270 218 89
270 217 89
271 216 90
271 215 90
271 214 91
271 213 91
272 212 92
273 211 93
274 210 94
274 209 94
275 208 95
275 207 96
276 206 97
277 205 98
277 204 99
277 203 99
277 202 100
278 201 101
279 200 102
279 199 102
280 198 103
281 197 104
282 196 104
282 195 104
282 194 105
282 193 105
283 192 105
284 191 106
285 190 106
286 189 107
285 188 107
286 187 107
287 186 108
287 185 108
288 184 109
289 183 109
289 182 109
290 181 110
289 180 109
290 179 110
290 178 110
291 177 110
291 176 110
291 175 110
292 174 111
292 173 111
293 172 111
294 171 112
294 170 113
295 169 113
295 168 113
300 167 115
301 166 115
302 165 115
303 164 115
304 163 116
305 162 116
305 161 116
306 160 115
307 159 115
307 158 115
329 140 108
330 140 108
331 140 107
332 139 106
333 139 106
129
250 259 25
250 259 26
250 259 27
250 259 28
250 259 29
250 259 30
250 259 31
250 259 32
250 259 33
250 259 34
250 259 35
250 258 36
250 258 37
250 258 38
250 259 39
251 258 40
251 258 41
251 257 42
252 256 43
252 257 44
251 258 45
251 258 46
250 259 47
251 258 48
251 258 49
251 259 50
251 259 51
250 260 52
250 260 53
250 260 54
250 260 55
250 260 56
250 260 57
250 260 58
250 260 59
250 261 60
250 260 61
250 259 62
251 259 63
252 259 64
251 258 65
250 258 66
251 258 67
252 259 68
252 259 69
253 260 70
253 259 71
253 259 72
254 258 73
255 258 74
254 258 75
254 258 76
254 258 77
253 258 78
253 258 79
253 258 80
254 258 81
254 258 82
254 257 83
255 257 84
255 257 85
255 257 86
255 256 87
256 255 88
255 254 89
255 255 90
255 256 91
255 257 92
254 257 93
255 258 94
254 257 95
254 257 96
255 257 97
254 257 98
254 257 99
255 257 100
254 256 101
255 256 102
256 255 103
255 255 104
255 255 105
254 255 106
254 254 107
254 254 108
254 254 109
253 254 110
254 253 111
254 253 112
253 253 113
254 253 114
254 253 115
254 252 116
254 252 117
255 252 118
255 251 119
255 251 120
255 250 121
255 249 122
255 248 123
255 248 124
255 247 125
255 246 126
256 245 127
255 245 128
255 245 129
256 244 130
256 244 131
255 243 132
255 242 133
256 242 134
256 242 135
256 241 136
255 240 137
256 239 138
255 238 139
256 237 140
256 236 141
255 235 142
256 236 143
257 236 144
258 235 145
258 235 146
258 234 147
259 233 148
258 232 149
258 231 149
259 230 149
260 230 149
261 230 150
129
250 259 25
250 259 26
250 259 27
250 259 28
250 259 29
250 259 30
250 259 31
250 259 32
250 259 33
250 259 34
250 259 35
250 258 36
250 258 37
250 258 38
250 259 39
251 258 40
251 258 41
251 257 42
252 256 43
251 255 43
251 254 43
252 253 43
253 252 44
253 252 45
252 251 46
253 251 47
253 251 48
253 250 49
254 250 50
253 250 51
254 249 52
254 248 53
254 247 54
254 247 55
255 246 56
255 246 57
255 245 58
256 244 59
256 244 60
257 243 61
257 243 62
257 242 63
257 241 64
257 240 65
258 239 66
259 238 67
259 237 68
260 237 69
260 236 70
260 235 71
261 234 72
261 233 73
262 232 74
262 231 75
262 230 76
263 229 77
263 228 78
264 228 79
264 227 80
265 226 81
266 225 82
266 224 83
267 223 84
267 222 85
268 221 86
268 220 87
269 219 88
270 218 89
270 217 89
271 216 90
271 215 90
271 214 91
271 213 91
272 212 92
273 211 93
274 210 94
274 209 94
275 208 95
275 207 96
276 206 97
277 205 98
277 204 99
277 203 99
277 202 100
278 201 101
279 200 102
279 199 102
280 198 103
281 197 104
282 196 104
282 195 104
282 194 105
282 193 105
283 192 105
284 191 106
285 190 106
286 189 107
285 188 107
286 187 107
287 186 108
287 185 108
288 184 109
289 183 109
289 182 109
290 181 110
289 180 109
290 179 110
290 178 110
291 177 110
291 176 110
291 175 110
292 174 111
292 173 111
293 172 111
294 171 112
294 170 113
295 169 113
295 168 113
300 167 115
301 166 115
302 165 115
303 164 115
304 163 116
305 162 116
305 161 116
306 160 115
307 159 115
307 158 115
329 140 108
128
250 259 25
250 259 26
250 259 27
250 259 28
250 259 29
250 259 30
250 259 31
250 259 32
250 259 33
250 259 34
250 259 35
250 258 36
250 258 37
250 258 38
250 259 39
251 258 40
251 258 41
251 257 42
252 256 43
251 255 43
251 254 43
252 253 43
253 252 44
253 252 45
252 251 46
253 251 47
253 251 48
253 250 49
254 250 50
253 250 51
254 249 52
254 248 53
254 247 54
254 247 55
255 246 56
255 246 57
255 245 58
256 244 59
256 244 60
257 243 61
257 243 62
257 242 63
257 241 64
257 240 65
258 239 66
259 238 67
259 237 68
260 237 69
260 236 70
260 235 71
261 234 72
261 233 73
262 232 74
262 231 75
262 230 76
263 229 77
263 228 78
264 228 79
264 227 80
265 226 81
266 225 82
266 224 83
267 223 84
267 222 85
268 221 86
268 220 87
269 219 88
270 218 89
270 217 89
271 216 90
271 215 90
271 214 91
271 213 91
272 212 92
273 211 93
274 210 94
274 209 94
275 208 95
275 207 96
276 206 97
277 205 98
277 204 99
277 203 99
277 202 100
278 201 101
279 200 102
279 199 102
280 198 103
281 197 104
282 196 104
282 195 104
282 194 105
282 193 105
283 192 105
284 191 106
285 190 106
286 189 107
285 188 107
286 187 107
287 186 108
287 185 108
288 184 109
289 183 109
289 182 109
290 181 110
289 180 109
290 179 110
290 178 110
291 177 110
291 176 110
291 175 110
292 174 111
292 173 111
293 172 111
294 171 112
294 170 113
295 169 113
295 168 113
300 167 115
301 166 115
302 165 115
303 164 115
304 163 116
305 162 116
305 161 116
306 160 115
307 159 115
307 158 115
127
250 259 25
250 259 26
250 259 27
250 259 28
250 259 29
250 259 30
250 259 31
250 259 32
250 259 33
250 259 34
250 259 35
250 258 36
250 258 37
250 258 38
250 259 39
251 258 40
251 258 41
251 257 42
252 256 43
251 255 43
251 254 43
252 253 43
253 252 44
253 252 45
252 251 46
253 251 47
253 251 48
253 250 49
254 250 50
253 250 51
254 249 52
254 248 53
254 247 54
254 247 55
255 246 56
255 246 57
255 245 58
256 244 59
256 244 60
257 243 61
257 243 62
257 242 63
257 241 64
257 240 65
258 239 66
259 238 67
259 237 68
260 237 69
260 236 70
260 235 71
261 234 72
261 233 73
262 232 74
262 231 75
262 230 76
263 229 77
263 228 78
264 228 79
264 227 80
265 226 81
266 225 82
266 224 83
267 223 84
267 222 85
268 221 86
268 220 87
269 219 88
270 218 89
270 217 89
271 216 90
271 215 90
271 214 91
271 213 91
272 212 92
273 211 93
274 210 94
274 209 94
275 208 95
275 207 96
276 206 97
277 205 98
277 204 99
277 203 99
277 202 100
278 201 101
279 200 102
279 199 102
280 198 103
281 197 104
282 196 104
282 195 104
282 194 105
282 193 105
283 192 105
284 191 106
285 190 106
286 189 107
285 188 107
286 187 107
287 186 108
287 185 108
288 184 109
289 183 109
289 182 109
290 181 110
289 180 109
290 179 110
290 178 110
291 177 110
291 176 110
291 175 110
292 174 111
292 173 111
293 172 111
294 171 112
294 170 113
295 169 113
295 168 113
300 167 115
301 166 115
302 165 115
303 164 115
304 163 116
305 162 116
304 161 116
303 160 115
302 159 115
122
250 259 25
250 259 26
250 259 27
250 259 28
250 259 29
250 259 30
250 259 31
250 259 32
250 259 33
250 259 34
250 259 35
250 258 36
250 258 37
250 258 38
250 259 39
251 258 40
251 258 41
251 257 42
252 256 43
252 257 44
251 258 45
251 258 46
250 259 47
251 258 48
251 258 49
251 259 50
251 259 51
250 260 52
250 260 53
250 260 54
250 260 55
250 260 56
250 260 57
250 260 58
250 260 59
250 261 60
250 260 61
250 259 62
251 259 63
252 259 64
251 258 65
250 258 66
251 258 67
252 259 68
252 259 69
253 260 70
253 259 71
253 259 72
254 258 73
255 258 74
254 258 75
254 258 76
254 258 77
253 258 78
253 258 79
253 258 80
254 258 81
254 258 82
254 257 83
255 257 84
255 257 85
255 257 86
255 256 87
256 255 88
255 254 89
255 255 90
255 256 91
255 257 92
254 257 93
255 258 94
254 257 95
254 257 96
255 257 97
254 257 98
254 257 99
255 257 100
254 256 101
255 256 102
256 255 103
255 255 104
255 255 105
254 255 106
254 254 107
254 254 108
254 254 109
253 254 110
254 253 111
254 253 112
253 253 113
254 253 114
254 253 115
254 252 116
254 252 117
255 252 118
255 251 119
255 251 120
255 250 121
255 249 122
255 248 123
255 248 124
255 247 125
255 246 126
256 245 127
255 245 128
255 245 129
256 244 130
256 244 131
255 243 132
254 244 132
253 243 132
253 242 131
253 241 130
252 240 129
251 239 128
252 240 127
251 240 126
250 241 125
250 241 124
249 242 123
250 242 122
249 242 121
249 243 120
119
250 259 25
250 259 26
250 259 27
250 259 28
250 259 29
250 259 30
250 259 31
250 259 32
250 259 33
250 259 34
250 259 35
250 258 36
250 258 37
250 258 38
250 259 39
251 258 40
251 258 41
251 257 42
252 256 43
251 255 43
251 254 43
252 253 43
253 252 44
253 252 45
252 251 46
253 251 47
253 251 48
253 250 49
254 250 50
253 250 51
254 249 52
254 248 53
254 247 54
254 247 55
255 246 56
255 246 57
255 245 58
256 244 59
256 244 60
257 243 61
257 243 62
257 242 63
257 241 64
257 240 65
258 239 66
259 238 67
259 237 68
260 237 69
260 236 70
260 235 71
261 234 72
261 233 73
262 232 74
262 231 75
262 230 76
263 229 77
263 228 78
264 228 79
264 227 80
265 226 81
266 225 82
266 224 83
267 223 84
267 222 85
268 221 86
268 220 87
269 219 88
270 218 89
270 217 89
271 216 90
271 215 90
271 214 91
271 213 91
272 212 92
273 211 93
274 210 94
274 209 94
275 208 95
275 207 96
276 206 97
277 205 98
277 204 99
277 203 99
277 202 100
278 201 101
279 200 102
279 199 102
280 198 103
281 197 104
282 196 104
282 195 104
282 194 105
282 193 105
283 192 105
284 191 106
285 190 106
286 189 107
285 188 107
286 187 107
287 186 108
287 185 108
288 184 109
289 183 109
289 182 109
290 181 110
289 180 109
290 179 110
290 178 110
291 177 110
291 176 110
291 175 110
292 174 111
292 173 111
293 172 111
294 171 112
294 170 113
295 169 113
295 168 113
297 163 115
119
250 259 25
250 259 26
250 259 27
250 259 28
250 259 29
250 259 30
250 259 31
250 259 32
250 259 33
250 259 34
250 259 35
250 258 36
250 258 37
250 258 38
250 259 39
251 258 40
251 258 41
251 257 42
252 256 43
251 255 43
251 254 43
252 253 43
253 252 44
253 252 45
252 251 46
253 251 47
253 251 48
253 250 49
254 250 50
253 250 51
254 249 52
254 248 53
254 247 54
254 247 55
255 246 56
255 246 57
255 245 58
256 244 59
256 244 60
257 243 61
257 243 62
257 242 63
257 241 64
257 240 65
258 239 66
259 238 67
259 237 68
260 237 69
260 236 70
260 235 71
261 234 72
261 233 73
262 232 74
262 231 75
262 230 76
263 229 77
263 228 78
264 228 79
264 227 80
265 226 81
266 225 82
266 224 83
267 223 84
267 222 85
268 221 86
268 220 87
269 219 88
270 218 89
270 217 89
271 216 90
271 215 90
271 214 91
271 213 91
272 212 92
273 211 93
274 210 94
274 209 94
275 208 95
275 207 96
276 206 97
277 205 98
277 204 99
277 203 99
277 202 100
278 201 101
279 200 102
279 199 102
280 198 103
281 197 104
282 196 104
282 195 104
282 194 105
282 193 105
283 192 105
284 191 106
285 190 106
286 189 107
285 188 107
286 187 107
287 186 108
287 185 108
288 184 109
289 183 109
289 182 109
290 181 110
289 180 109
290 179 110
290 178 110
291 177 110
291 176 110
291 175 110
292 174 111
292 173 111
293 172 111
294 171 112
294 170 113
295 169 113
295 168 113
300 167 115
118
250 259 25
250 259 26
250 259 27
250 259 28
250 259 29
250 259 30
250 259 31
250 259 32
250 259 33
250 259 34
250 259 35
250 258 36
250 258 37
250 258 38
250 259 39
251 258 40
251 258 41
251 257 42
252 256 43
251 255 43
251 254 43
252 253 43
253 252 44
253 252 45
252 251 46
253 251 47
253 251 48
253 250 49
254 250 50
253 250 51
254 249 52
254 248 53
254 247 54
254 247 55
255 246 56
255 246 57
255 245 58
256 244 59
256 244 60
257 243 61
257 243 62
257 242 63
257 241 64
257 240 65
258 239 66
259 238 67
259 237 68
260 237 69
260 236 70
260 235 71
261 234 72
261 233 73
262 232 74
262 231 75
262 230 76
263 229 77
263 228 78
264 228 79
264 227 80
265 226 81
266 225 82
266 224 83
267 223 84
267 222 85
268 221 86
268 220 87
269 219 88
270 218 89
270 217 89
271 216 90
271 215 90
271 214 91
271 213 91
272 212 92
273 211 93
274 210 94
274 209 94
275 208 95
275 207 96
276 206 97
277 205 98
277 204 99
277 203 99
277 202 100
278 201 101
279 200 102
279 199 102
280 198 103
281 197 104
282 196 104
282 195 104
282 194 105
282 193 105
283 192 105
284 191 106
285 190 106
286 189 107
285 188 107
286 187 107
287 186 108
287 185 108
288 184 109
289 183 109
289 182 109
290 181 110
289 180 109
290 179 110
290 178 110
291 177 110
291 176 110
291 175 110
292 174 111
292 173 111
293 172 111
294 171 112
294 170 113
295 169 113
295 168 113
117
250 259 25
250 259 26
250 259 27
250 259 28
250 259 29
250 259 30
250 259 31
250 259 32
250 259 33
250 259 34
250 259 35
250 258 36
250 258 37
250 258 38
250 259 39
251 258 40
251 258 41
251 257 42
252 256 43
252 257 44
251 258 45
251 258 46
250 259 47
251 258 48
251 258 49
251 259 50
251 259 51
250 260 52
250 260 53
250 260 54
250 260 55
250 260 56
250 260 57
250 260 58
250 260 59
250 261 60
250 260 61
250 259 62
251 259 63
252 259 64
251 258 65
250 258 66
251 258 67
252 259 68
252 259 69
253 260 70
253 259 71
253 259 72
254 258 73
255 258 74
254 258 75
254 258 76
254 258 77
253 258 78
253 258 79
253 258 80
254 258 81
254 258 82
254 257 83
255 257 84
255 257 85
255 257 86
255 256 87
256 255 88
255 254 89
255 253 89
255 252 89
256 251 90
256 251 91
256 250 92
255 249 93
256 250 94
255 249 95
255 248 96
256 248 97
256 247 98
257 247 99
257 246 100
258 246 101
259 245 102
259 245 103
258 245 104
258 244 105
258 243 105
257 242 106
258 241 107
258 240 108
258 239 109
258 238 109
259 237 110
259 236 110
260 235 111
261 234 112
261 233 113
262 233 114
263 232 115
263 232 116
264 231 117
265 231 118
264 230 119
265 229 120
265 229 121
265 228 122
266 228 123
265 227 124
266 227 125
265 226 126
266 226 127
265 225 128
265 224 129
266 223 130
267 222 131
267 221 131
268 220 132
269 219 133
270 218 134
283 225 141
114
250 259 25
250 259 26
250 259 27
250 259 28
250 259 29
250 259 30
250 259 31
250 259 32
250 259 33
250 259 34
250 259 35
250 258 36
250 258 37
250 258 38
250 259 39
251 258 40
251 258 41
251 257 42
252 256 43
252 257 44
251 258 45
251 258 46
250 259 47
251 258 48
251 258 49
251 259 50
251 259 51
250 260 52
250 260 53
250 260 54
250 260 55
250 260 56
250 260 57
250 260 58
250 260 59
250 261 60
250 260 61
250 259 62
251 259 63
252 259 64
251 258 65
250 258 66
251 258 67
252 259 68
252 259 69
253 260 70
253 259 71
253 259 72
254 258 73
255 258 74
254 258 75
254 258 76
254 258 77
253 258 78
253 258 79
253 258 80
254 258 81
254 258 82
254 257 83
255 257 84
255 257 85
255 257 86
255 256 87
256 255 88
255 254 89
255 255 90
255 256 91
255 257 92
254 257 93
255 258 94
254 257 95
254 257 96
255 257 97
254 257 98
254 257 99
255 257 100
254 256 101
255 256 102
256 255 103
255 255 104
255 255 105
254 255 106
254 254 107
254 254 108
254 254 109
253 254 110
254 253 111
254 253 112
253 253 113
254 253 114
254 253 115
254 252 116
254 252 117
255 252 118
255 251 119
255 251 120
255 250 121
255 249 122
255 248 123
255 248 124
255 247 125
255 246 126
256 245 127
255 245 128
255 245 129
256 244 130
256 244 131
255 243 132
254 244 132
253 243 132
252 243 133
251 242 132
251 241 131
250 240 130
114
250 259 25
250 259 26
250 259 27
250 259 28
250 259 29
250 259 30
250 259 31
250 259 32
250 259 33
250 259 34
250 259 35
250 258 36
250 258 37
250 258 38
250 259 39
251 258 40
251 258 41
251 257 42
252 256 43
252 257 44
251 258 45
251 258 46
250 259 47
251 258 48
251 258 49
251 259 50
251 259 51
250 260 52
250 260 53
250 260 54
250 260 55
250 260 56
250 260 57
250 260 58
250 260 59
250 261 60
250 260 61
250 259 62
251 259 63
252 259 64
251 258 65
251 257 66
252 258 67
253 257 68
253 256 68
254 255 68
254 254 69
254 253 70
253 252 70
253 251 71
254 250 72
253 249 73
254 248 74
254 247 75
255 246 75
255 245 76
255 244 77
255 244 78
255 244 79
256 243 80
256 242 81
256 241 82
255 240 83
255 239 84
256 238 84
256 237 85
256 237 86
256 236 87
257 236 88
257 235 89
257 234 90
258 233 91
258 232 92
258 231 93
258 230 94
258 229 95
259 228 95
259 227 96
259 226 97
259 226 98
260 225 99
260 224 100
260 223 101
260 222 101
260 221 102
260 220 103
261 219 103
260 218 104
260 217 104
260 216 105
261 215 105
261 214 106
261 213 107
262 212 107
261 211 107
261 210 108
261 209 108
262 208 109
261 207 109
262 206 110
262 205 110
262 204 110
263 203 111
264 203 110
265 203 110
266 203 110
267 202 110
268 201 110
269 200 111
270 201 112
270 200 113
271 199 113
271 198 114
272 197 115
110
250 259 25
250 259 26
250 259 27
250 259 28
250 259 29
250 259 30
250 259 31
250 259 32
250 259 33
250 259 34
250 259 35
250 258 36
250 258 37
250 258 38
250 259 39
251 258 40
251 258 41
251 257 42
252 256 43
252 257 44
251 258 45
251 258 46
250 259 47
251 258 48
251 258 49
251 259 50
251 259 51
250 260 52
250 260 53
250 260 54
250 260 55
250 260 56
250 260 57
250 260 58
250 260 59
250 261 60
249 261 61
248 261 62
247 262 62
246 263 63
246 264 64
245 264 65
245 265 66
245 266 67
246 267 68
246 268 69
245 268 70
245 268 71
245 269 72
245 270 73
244 270 74
243 270 75
243 271 76
242 271 77
242 272 78
242 273 79
242 274 80
241 275 81
241 276 82
240 276 83
240 277 84
239 278 85
238 278 86
238 279 87
237 280 88
236 281 89
236 282 90
235 282 91
234 283 92
234 284 93
234 285 94
234 286 95
233 287 96
232 287 97
232 288 98
231 289 99
231 290 99
231 291 100
230 292 101
229 293 101
228 294 102
228 295 102
227 296 103
227 297 103
226 298 103
225 299 104
224 300 104
223 300 104
222 301 105
222 302 105
221 303 105
220 304 106
219 305 107
218 306 107
217 307 108
217 308 109
216 309 109
215 310 109
214 311 109
213 312 110
212 313 110
212 314 110
212 315 110
211 316 111
210 317 111
209 318 111
208 319 112
207 320 112
207 321 112
206 322 112
103
250 259 25
250 259 26
250 259 27
250 259 28
250 259 29
250 259 30
250 259 31
250 259 32
250 259 33
250 259 34
250 259 35
250 258 36
250 258 37
250 258 38
250 259 39
251 258 40
251 258 41
251 257 42
252 256 43
252 257 44
251 258 45
251 258 46
250 259 47
251 258 48
251 258 49
251 259 50
251 259 51
250 260 52
250 260 53
250 260 54
250 260 55
250 260 56
250 260 57
250 260 58
250 260 59
250 261 60
250 260 61
250 259 62
251 259 63
252 259 64
251 258 65
250 258 66
251 258 67
252 259 68
252 259 69
253 260 70
253 259 71
253 259 72
254 258 73
255 258 74
254 258 75
254 258 76
254 258 77
253 258 78
253 258 79
253 258 80
254 258 81
254 258 82
254 257 83
255 257 84
255 257 85
255 257 86
255 256 87
256 255 88
255 254 89
255 253 89
255 252 89
256 251 90
256 251 91
256 250 92
255 249 93
256 250 94
255 249 95
255 248 96
256 248 97
256 247 98
257 247 99
257 246 100
258 246 101
259 245 102
259 245 103
258 245 104
258 244 105
258 243 105
257 242 106
258 241 107
258 240 108
258 239 109
258 238 109
259 237 110
259 236 110
260 235 111
261 234 112
261 233 113
262 233 114
263 233 114
264 234 113
265 235 112
266 235 112
267 235 112
268 236 111
269 236 110
270 235 109
103
250 259 25
250 259 26
250 259 27
250 259 28
250 259 29
250 259 30
250 259 31
250 259 32
250 259 33
250 259 34
250 259 35
250 258 36
250 258 37
250 258 38
250 259 39
251 258 40
251 258 41
251 257 42
252 256 43
252 257 44
251 258 45
251 258 46
250 259 47
251 258 48
251 258 49
251 259 50
251 259 51
250 260 52
250 260 53
250 260 54
250 260 55
250 260 56
250 260 57
250 260 58
250 260 59
250 261 60
250 260 61
250 259 62
251 259 63
252 259 64
251 258 65
250 258 66
251 258 67
252 259 68
252 259 69
253 260 70
253 259 71
253 259 72
254 258 73
255 258 74
254 258 75
254 258 76
254 258 77
253 258 78
253 258 79
253 258 80
254 258 81
254 258 82
254 257 83
255 257 84
255 257 85
255 257 86
255 256 87
256 255 88
255 254 89
255 253 89
255 252 89
256 251 90
256 251 91
256 250 92
255 249 93
256 250 94
255 249 95
255 248 96
256 248 97
256 247 98
257 247 99
257 246 100
258 246 101
259 245 102
259 245 103
258 245 104
258 244 105
258 243 105
257 242 106
258 241 107
258 240 108
258 239 109
258 238 109
259 237 110
259 236 110
260 235 111
261 234 112
261 233 113
262 233 114
263 233 114
264 234 113
265 235 112
265 236 111
266 236 110
267 236 109
268 236 108
269 236 108
100
250 259 25
250 259 26
250 259 27
250 259 28
250 259 29
250 259 30
250 259 31
250 259 32
250 259 33
250 259 34
250 259 35
250 258 36
250 258 37
250 258 38
250 259 39
251 258 40
251 258 41
251 257 42
252 256 43
252 257 44
251 258 45
251 258 46
250 259 47
251 258 48
251 258 49
251 259 50
251 259 51
250 260 52
250 260 53
250 260 54
250 260 55
250 260 56
250 260 57
250 260 58
250 260 59
250 261 60
250 260 61
250 259 62
251 259 63
252 259 64
251 258 65
250 258 66
251 258 67
252 259 68
252 259 69
253 260 70
253 259 71
253 259 72
254 258 73
255 258 74
254 258 75
254 258 76
254 258 77
253 258 78
253 258 79
253 258 80
254 258 81
254 258 82
254 257 83
255 257 84
255 257 85
255 257 86
255 256 87
256 255 88
255 254 89
255 255 90
255 256 91
255 257 92
254 257 93
255 258 94
254 257 95
254 257 96
255 257 97
254 257 98
254 257 99
255 258 100
255 259 100
254 260 101
253 261 102
252 261 103
253 262 104
253 262 105
252 262 106
253 263 107
252 263 108
252 263 109
251 263 110
250 263 111
249 263 111
248 262 111
247 262 112
246 261 113
246 261 114
245 261 115
245 262 116
245 262 117
245 262 118
245 262 119
245 262 120
246 263 129
99
250 259 25
250 259 26
250 259 27
250 259 28
250 259 29
250 259 30
250 259 31
250 259 32
250 259 33
250 259 34
250 259 35
250 258 36
250 258 37
250 258 38
250 259 39
251 258 40
251 258 41
251 257 42
252 256 43
252 257 44
251 258 45
251 258 46
250 259 47
251 258 48
251 258 49
251 259 50
251 259 51
250 260 52
250 260 53
250 260 54
250 260 55
250 260 56
250 260 57
250 260 58
250 260 59
250 261 60
250 260 61
250 259 62
251 259 63
252 259 64
251 258 65
250 258 66
251 258 67
252 259 68
252 259 69
253 260 70
253 259 71
253 259 72
254 258 73
255 258 74
254 258 75
254 258 76
254 258 77
253 258 78
253 258 79
253 258 80
254 258 81
254 258 82
254 257 83
255 257 84
255 257 85
255 257 86
255 256 87
256 255 88
255 254 89
255 255 90
255 256 91
255 257 92
254 257 93
255 258 94
254 257 95
254 257 96
255 257 97
254 257 98
254 257 99
255 258 100
255 259 100
254 260 101
253 261 102
252 261 103
253 262 104
253 262 105
252 262 106
253 263 107
252 263 108
252 263 109
251 263 110
250 263 111
249 263 111
248 262 111
247 262 112
246 261 113
246 261 114
245 261 115
245 262 116
245 262 117
245 262 118
245 262 119
245 262 120
97
250 259 25
250 259 26
250 259 27
250 259 28
250 259 29
250 259 30
250 259 31
250 259 32
250 259 33
250 259 34
250 259 35
250 258 36
250 258 37
250 258 38
250 259 39
251 258 40
251 258 41
251 257 42
252 256 43
252 257 44
251 258 45
251 258 46
250 259 47
251 258 48
251 258 49
251 259 50
251 259 51
250 260 52
250 260 53
250 260 54
250 260 55
250 260 56
250 260 57
250 260 58
250 260 59
250 261 60
249 261 61
248 261 62
247 262 62
246 263 63
246 264 64
245 264 65
245 265 66
245 266 67
246 267 68
246 268 69
245 268 70
245 268 71
245 269 72
245 270 73
244 270 74
243 270 75
243 271 76
242 271 77
242 272 78
242 273 79
242 274 80
241 275 81
241 276 82
240 276 83
240 277 84
239 278 85
238 278 86
238 279 87
237 280 88
236 281 89
236 282 90
235 282 91
234 283 92
234 284 93
234 285 94
234 286 95
233 287 96
232 287 97
232 288 98
231 289 99
231 290 99
231 291 100
230 292 101
229 293 101
228 294 102
228 295 102
227 296 103
227 297 103
226 298 103
225 299 104
224 300 104
223 300 104
222 301 105
222 302 105
221 303 105
220 304 106
219 305 107
218 306 107
217 307 108
217 308 109
219 314 109
97
250 259 25
250 259 26
250 259 27
250 259 28
250 259 29
250 259 30
250 259 31
250 259 32
250 259 33
250 259 34
250 259 35
250 258 36
250 258 37
250 258 38
250 259 39
251 258 40
251 258 41
251 257 42
252 256 43
252 257 44
251 258 45
251 258 46
250 259 47
251 258 48
251 258 49
251 259 50
251 259 51
250 260 52
250 260 53
250 260 54
250 260 55
250 260 56
250 260 57
250 260 58
250 260 59
250 261 60
250 260 61
250 259 62
251 259 63
252 259 64
251 258 65
250 258 66
251 258 67
252 259 68
252 259 69
253 260 70
253 259 71
253 259 72
254 258 73
255 258 74
254 258 75
254 258 76
254 258 77
253 258 78
253 258 79
253 258 80
254 258 81
254 258 82
254 257 83
255 257 84
255 257 85
255 257 86
255 256 87
256 255 88
255 254 89
255 253 89
255 252 89
256 251 90
256 251 91
256 250 92
255 249 93
256 250 94
255 249 95
255 248 96
256 248 97
256 247 98
257 247 99
257 246 100
258 246 101
259 245 102
259 245 103
258 245 104
258 244 105
258 243 105
257 242 106
258 241 107
258 240 108
258 239 109
258 238 109
259 237 110
259 236 110
260 235 111
261 234 112
261 233 113
262 233 114
263 232 115
275 232 114
94
250 259 25
250 259 26
250 259 27
250 259 28
250 259 29
250 259 30
250 259 31
250 259 32
250 259 33
250 259 34
250 259 35
250 258 36
250 258 37
250 258 38
250 259 39
251 258 40
251 258 41
251 257 42
252 256 43
252 257 44
251 258 45
251 258 46
250 259 47
251 258 48
251 258 49
251 259 50
251 259 51
250 260 52
250 260 53
250 260 54
250 260 55
250 260 56
250 260 57
250 260 58
250 260 59
250 261 60
250 260 61
250 259 62
251 259 63
252 259 64
251 258 65
251 257 66
252 258 67
253 257 68
253 256 68
254 255 68
254 254 69
254 253 70
253 252 70
253 251 71
254 250 72
253 249 73
254 248 74
254 247 75
255 246 75
255 245 76
255 244 77
255 244 78
255 244 79
256 243 80
256 242 81
256 241 82
255 240 83
255 239 84
256 238 84
256 237 85
256 237 86
256 236 87
257 236 88
257 235 89
257 234 90
258 233 91
258 232 92
258 231 93
258 230 94
258 229 95
259 228 95
259 227 96
259 226 97
259 226 98
260 225 99
260 224 100
260 223 101
260 222 101
260 221 102
260 220 103
261 219 103
260 218 104
260 217 104
260 216 105
261 215 105
261 214 106
261 213 107
252 213 108
90
250 259 25
250 259 26
250 259 27
250 259 28
250 259 29
250 259 30
250 259 31
250 259 32
250 259 33
250 259 34
250 259 35
250 258 36
250 258 37
250 258 38
250 259 39
251 258 40
251 258 41
251 257 42
252 256 43
252 257 44
251 258 45
251 258 46
250 259 47
251 258 48
251 258 49
251 259 50
251 259 51
250 260 52
250 260 53
250 260 54
250 260 55
250 260 56
250 260 57
250 260 58
250 260 59
250 261 60
249 261 61
248 261 62
247 262 62
246 263 63
246 264 64
245 264 65
245 265 66
245 266 67
246 267 68
246 268 69
245 268 70
245 268 71
245 269 72
245 270 73
244 270 74
243 270 75
243 271 76
242 271 77
242 272 78
242 273 79
242 274 80
241 275 81
241 276 82
240 276 83
240 277 84
239 278 85
238 278 86
238 279 87
237 280 88
236 281 89
236 282 90
235 282 91
234 283 92
234 284 93
234 285 94
234 286 95
233 287 96
232 287 97
232 288 98
231 289 99
231 290 99
231 291 100
230 292 101
229 293 101
228 294 102
228 295 102
227 296 103
227 297 103
226 298 103
225 299 104
224 300 104
225 301 104
226 302 104
227 303 103
90
250 259 25
250 259 26
250 259 27
250 259 28
250 259 29
250 259 30
250 259 31
250 259 32
250 259 33
250 259 34
250 259 35
250 258 36
250 258 37
250 258 38
250 259 39
251 258 40
251 258 41
251 257 42
252 256 43
251 255 43
251 254 43
252 253 43
253 252 44
253 252 45
252 251 46
253 251 47
253 251 48
253 250 49
254 250 50
253 250 51
254 249 52
254 248 53
254 247 54
254 247 55
255 246 56
255 246 57
255 245 58
256 244 59
256 244 60
257 243 61
257 243 62
257 242 63
257 241 64
257 240 65
258 239 66
259 238 67
259 237 68
260 237 69
260 236 70
260 235 71
261 234 72
261 233 73
262 232 74
262 231 75
262 230 76
263 229 77
263 228 78
264 228 79
264 227 80
265 226 81
266 225 82
266 224 83
267 223 84
267 222 85
268 221 86
268 220 87
269 219 88
270 218 89
270 217 89
271 216 90
271 215 90
271 214 91
271 213 91
272 212 92
273 211 93
274 210 94
274 209 94
275 208 95
275 207 96
276 206 97
277 205 98
277 204 99
277 203 99
277 202 100
278 201 101
279 200 102
279 199 102
280 198 103
281 197 104
286 203 108
86
250 259 25
250 259 26
250 259 27
250 259 28
250 259 29
250 259 30
250 259 31
250 259 32
250 259 33
250 259 34
250 259 35
250 258 36
250 258 37
250 258 38
250 259 39
251 258 40
251 258 41
251 257 42
252 256 43
252 257 44
251 258 45
251 258 46
250 259 47
251 258 48
251 258 49
251 259 50
251 259 51
250 260 52
250 260 53
250 260 54
250 260 55
250 260 56
250 260 57
250 260 58
250 260 59
250 261 60
250 260 61
250 259 62
251 259 63
252 259 64
251 258 65
250 258 66
251 258 67
252 259 68
252 259 69
253 260 70
253 259 71
253 259 72
254 258 73
255 258 74
254 258 75
254 258 76
254 258 77
253 258 78
253 258 79
253 258 80
254 258 81
254 258 82
254 257 83
255 257 84
255 257 85
255 257 86
255 256 87
256 255 88
255 254 89
255 253 89
255 252 89
256 251 90
256 251 91
256 250 92
255 249 93
256 250 94
255 249 95
254 248 96
253 249 97
253 250 98
252 251 99
251 252 100
250 251 101
250 251 102
249 250 103
249 249 104
248 249 105
248 248 106
248 247 107
248 247 108
84
250 259 25
250 259 26
250 259 27
250 259 28
250 259 29
250 259 30
250 259 31
250 259 32
250 259 33
250 259 34
250 259 35
250 258 36
250 258 37
250 258 38
250 259 39
251 258 40
251 258 41
251 257 42
252 256 43
252 257 44
251 258 45
251 258 46
250 259 47
251 258 48
251 258 49
251 259 50
251 259 51
250 260 52
250 260 53
250 260 54
250 260 55
250 260 56
250 260 57
250 260 58
250 260 59
250 261 60
250 260 61
250 259 62
251 259 63
252 259 64
251 258 65
250 258 66
251 258 67
252 259 68
252 259 69
253 260 70
253 259 71
253 259 72
254 258 73
255 258 74
254 258 75
254 258 76
254 258 77
253 258 78
253 258 79
253 258 80
254 258 81
254 258 82
254 257 83
255 257 84
255 257 85
255 257 86
255 256 87
256 255 88
255 254 89
255 253 89
255 252 89
256 251 90
256 251 91
256 250 92
255 249 93
256 250 94
255 249 95
255 248 96
256 248 97
256 247 98
257 247 99
257 246 100
258 246 101
259 245 102
260 245 102
261 246 102
262 247 101
263 248 102
83
250 259 25
250 259 26
250 259 27
250 259 28
250 259 29
250 259 30
250 259 31
250 259 32
250 259 33
250 259 34
250 259 35
250 258 36
250 258 37
250 258 38
250 259 39
251 258 40
251 258 41
251 257 42
252 256 43
252 257 44
251 258 45
251 258 46
250 259 47
251 258 48
251 258 49
251 259 50
251 259 51
250 260 52
250 260 53
250 260 54
250 260 55
250 260 56
250 260 57
250 260 58
250 260 59
250 261 60
250 260 61
250 259 62
251 259 63
252 259 64
251 258 65
250 258 66
251 258 67
252 259 68
252 259 69
253 260 70
253 259 71
253 259 72
254 258 73
255 258 74
254 258 75
254 258 76
254 258 77
253 258 78
253 258 79
253 258 80
254 258 81
254 258 82
254 257 83
255 257 84
255 257 85
255 257 86
255 256 87
256 255 88
255 254 89
255 255 90
255 256 91
255 257 92
254 257 93
255 258 94
254 257 95
254 257 96
255 257 97
254 257 98
254 257 99
255 257 100
254 256 101
255 256 102
256 255 103
257 256 103
258 255 104
259 254 105
260 253 106
81
250 259 25
250 259 26
250 259 27
250 259 28
250 259 29
250 259 30
250 259 31
250 259 32
250 259 33
250 259 34
250 259 35
250 258 36
250 258 37
250 258 38
250 259 39
251 258 40
251 258 41
251 257 42
252 256 43
252 257 44
251 258 45
251 258 46
250 259 47
251 258 48
251 258 49
251 259 50
251 259 51
250 260 52
250 260 53
250 260 54
250 260 55
250 260 56
250 260 57
250 260 58
250 260 59
250 261 60
250 260 61
250 259 62
251 259 63
252 259 64
251 258 65
250 258 66
251 258 67
252 259 68
252 259 69
253 260 70
253 259 71
253 259 72
254 258 73
255 258 74
254 258 75
254 258 76
254 258 77
253 258 78
253 258 79
253 258 80
254 258 81
254 258 82
254 257 83
255 257 84
255 257 85
255 257 86
255 256 87
256 255 88
255 254 89
255 253 89
255 252 89
256 251 90
256 251 91
256 250 92
255 249 93
256 250 94
255 249 95
254 248 96
253 248 95
252 248 96
251 248 97
250 249 98
249 248 97
248 249 97
247 250 98
81
250 259 25
250 259 26
250 259 27
250 259 28
250 259 29
250 259 30
250 259 31
250 259 32
250 259 33
250 259 34
250 259 35
250 258 36
250 258 37
250 258 38
250 259 39
251 258 40
251 258 41
251 257 42
252 256 43
252 257 44
251 258 45
251 258 46
250 259 47
251 258 48
251 258 49
251 259 50
251 259 51
250 260 52
250 260 53
250 260 54
250 260 55
250 260 56
250 260 57
250 260 58
250 260 59
250 261 60
250 260 61
250 259 62
251 259 63
252 259 64
251 258 65
250 258 66
251 258 67
252 259 68
252 259 69
253 260 70
253 259 71
253 259 72
254 258 73
255 258 74
254 258 75
254 258 76
254 258 77
253 258 78
253 258 79
253 258 80
254 258 81
254 258 82
254 257 83
255 257 84
255 257 85
255 257 86
255 256 87
256 255 88
255 254 89
255 255 90
255 256 91
255 257 92
254 257 93
255 258 94
254 257 95
254 256 95
255 255 96
256 254 97
257 253 97
258 252 96
259 251 96
260 251 97
260 252 98
259 253 99
259 254 100
80
250 259 25
250 259 26
250 259 27
250 259 28
250 259 29
250 259 30
250 259 31
250 259 32
250 259 33
250 259 34
250 259 35
250 258 36
250 258 37
250 258 38
250 259 39
251 258 40
251 258 41
251 257 42
252 256 43
252 257 44
251 258 45
251 258 46
250 259 47
251 258 48
251 258 49
251 259 50
251 259 51
250 260 52
250 260 53
250 260 54
250 260 55
250 260 56
250 260 57
250 260 58
250 260 59
250 261 60
250 260 61
250 259 62
251 259 63
252 259 64
251 258 65
250 258 66
251 258 67
252 259 68
252 259 69
253 260 70
253 259 71
253 259 72
254 258 73
255 258 74
254 258 75
254 258 76
254 258 77
253 258 78
253 258 79
253 258 80
254 258 81
254 258 82
254 257 83
255 257 84
255 257 85
255 257 86
255 256 87
256 255 88
255 254 89
255 255 90
255 256 91
255 257 92
254 257 93
255 258 94
254 257 95
254 257 96
255 257 97
254 257 98
254 257 99
255 257 100
254 256 101
254 255 100
254 254 100
254 253 100
80
250 259 25
250 259 26
250 259 27
250 259 28
250 259 29
250 259 30
250 259 31
250 259 32
250 259 33
250 259 34
250 259 35
250 258 36
250 258 37
250 258 38
250 259 39
251 258 40
251 258 41
251 257 42
252 256 43
252 257 44
251 258 45
251 258 46
250 259 47
251 258 48
251 258 49
251 259 50
251 259 51
250 260 52
250 260 53
250 260 54
250 260 55
250 260 56
250 260 57
250 260 58
250 260 59
250 261 60
250 260 61
250 259 62
251 259 63
252 259 64
251 258 65
250 258 66
251 258 67
252 259 68
252 259 69
253 260 70
253 259 71
253 259 72
254 258 73
255 258 74
254 258 75
254 258 76
254 258 77
253 258 78
253 258 79
253 258 80
254 258 81
254 258 82
254 257 83
255 257 84
255 257 85
255 257 86
255 256 87
256 255 88
255 254 89
255 255 90
255 256 91
255 257 92
254 257 93
255 258 94
254 257 95
254 257 96
255 257 97
254 257 98
254 257 99
255 257 100
256 257 100
257 256 100
258 256 100
259 255 100
80
250 259 25
250 259 26
250 259 27
250 259 28
250 259 29
250 259 30
250 259 31
250 259 32
250 259 33
250 259 34
250 259 35
250 258 36
250 258 37
250 258 38
250 259 39
251 258 40
251 258 41
251 257 42
252 256 43
252 257 44
251 258 45
251 258 46
250 259 47
251 258 48
251 258 49
251 259 50
251 259 51
250 260 52
250 260 53
250 260 54
250 260 55
250 260 56
250 260 57
250 260 58
250 260 59
250 261 60
250 260 61
250 259 62
251 259 63
252 259 64
251 258 65
250 258 66
251 258 67
252 259 68
252 259 69
253 260 70
253 259 71
253 259 72
254 258 73
255 258 74
254 258 75
254 258 76
254 258 77
253 258 78
253 258 79
253 258 80
254 258 81
254 258 82
254 257 83
255 257 84
255 257 85
255 257 86
255 256 87
256 255 88
255 254 89
255 253 89
255 252 89
256 251 90
256 251 91
256 250 92
255 249 93
256 250 94
255 249 95
254 248 96
253 248 95
252 248 94
251 249 94
250 250 94
249 251 95
249 252 96
79
250 259 25
250 259 26
250 259 27
250 259 28
250 259 29
250 259 30
250 259 31
250 259 32
250 259 33
250 259 34
250 259 35
250 258 36
250 258 37
250 258 38
250 259 39
251 258 40
251 258 41
251 257 42
252 256 43
252 257 44
251 258 45
251 258 46
250 259 47
251 258 48
251 258 49
251 259 50
251 259 51
250 260 52
250 260 53
250 260 54
250 260 55
250 260 56
250 260 57
250 260 58
250 260 59
250 261 60
250 260 61
250 259 62
251 259 63
252 259 64
251 258 65
250 258 66
251 258 67
252 259 68
252 259 69
253 260 70
253 259 71
253 259 72
254 258 73
255 258 74
254 258 75
254 258 76
254 258 77
253 258 78
253 258 79
253 258 80
254 258 81
254 258 82
254 257 83
255 257 84
255 257 85
255 257 86
255 256 87
256 255 88
255 254 89
255 255 90
255 256 91
255 257 92
254 257 93
255 258 94
254 257 95
254 257 96
255 257 97
256 257 97
257 257 97
258 256 97
259 255 97
260 254 97
261 253 96
79
250 259 25
250 259 26
250 259 27
250 259 28
250 259 29
250 259 30
250 259 31
250 259 32
250 259 33
250 259 34
250 259 35
250 258 36
250 258 37
250 258 38
250 259 39
251 258 40
251 258 41
251 257 42
252 256 43
252 257 44
251 258 45
251 258 46
250 259 47
251 258 48
251 258 49
251 259 50
251 259 51
250 260 52
250 260 53
250 260 54
250 260 55
250 260 56
250 260 57
250 260 58
250 260 59
250 261 60
250 260 61
250 259 62
251 259 63
252 259 64
251 258 65
250 258 66
251 258 67
252 259 68
252 259 69
253 260 70
253 259 71
253 259 72
254 258 73
255 258 74
254 258 75
254 258 76
254 258 77
253 258 78
253 258 79
253 258 80
254 258 81
254 258 82
254 257 83
255 257 84
255 257 85
255 257 86
255 256 87
256 255 88
255 254 89
255 253 89
255 252 89
256 251 90
256 251 91
256 250 92
255 249 93
256 250 94
255 249 95
255 248 96
256 248 97
257 249 97
256 250 97
255 251 97
254 252 98
78
250 259 25
250 259 26
250 259 27
250 259 28
250 259 29
250 259 30
250 259 31
250 259 32
250 259 33
250 259 34
250 259 35
250 258 36
250 258 37
250 258 38
250 259 39
251 258 40
251 258 41
251 257 42
252 256 43
252 257 44
251 258 45
251 258 46
250 259 47
251 258 48
251 258 49
251 259 50
251 259 51
250 260 52
250 260 53
250 260 54
250 260 55
250 260 56
250 260 57
250 260 58
250 260 59
250 261 60
250 260 61
250 259 62
251 259 63
252 259 64
251 258 65
250 258 66
251 258 67
252 259 68
252 259 69
253 260 70
253 259 71
253 259 72
254 258 73
255 258 74
254 258 75
254 258 76
254 258 77
253 258 78
253 258 79
253 258 80
254 258 81
254 258 82
254 257 83
255 257 84
255 257 85
255 257 86
255 256 87
256 255 88
255 254 89
255 253 89
255 252 89
256 251 90
256 251 91
256 250 92
255 249 93
254 249 93
253 250 93
253 251 94
252 252 95
251 253 95
251 254 96
251 255 97
77
250 259 25
250 259 26
250 259 27
250 259 28
250 259 29
250 259 30
250 259 31
250 259 32
250 259 33
250 259 34
250 259 35
250 258 36
250 258 37
250 258 38
250 259 39
251 258 40
251 258 41
251 257 42
252 256 43
252 257 44
251 258 45
251 258 46
250 259 47
251 258 48
251 258 49
251 259 50
251 259 51
250 260 52
250 260 53
250 260 54
250 260 55
250 260 56
250 260 57
250 260 58
250 260 59
250 261 60
250 260 61
250 259 62
251 259 63
252 259 64
251 258 65
250 258 66
251 258 67
252 259 68
252 259 69
253 260 70
253 259 71
253 259 72
254 258 73
255 258 74
254 258 75
254 258 76
254 258 77
253 258 78
253 258 79
253 258 80
254 258 81
254 258 82
254 257 83
255 257 84
255 257 85
255 257 86
255 256 87
256 255 88
255 254 89
255 253 89
255 252 89
256 251 90
256 251 91
256 250 92
255 249 93
256 250 94
255 249 95
255 248 96
256 248 97
257 249 97
258 250 96
74
250 259 25
250 259 26
250 259 27
250 259 28
250 259 29
250 259 30
250 259 31
250 259 32
250 259 33
250 259 34
250 259 35
250 258 36
250 258 37
250 258 38
250 259 39
251 258 40
251 258 41
251 257 42
252 256 43
252 257 44
251 258 45
251 258 46
250 259 47
251 258 48
251 258 49
251 259 50
251 259 51
250 260 52
250 260 53
250 260 54
250 260 55
250 260 56
250 260 57
250 260 58
250 260 59
250 261 60
250 260 61
250 259 62
251 259 63
252 259 64
251 258 65
250 258 66
251 258 67
252 259 68
252 259 69
253 260 70
253 259 71
253 259 72
254 258 73
255 258 74
254 258 75
254 258 76
254 258 77
253 258 78
253 258 79
253 258 80
254 258 81
254 258 82
254 257 83
255 257 84
255 257 85
255 257 86
255 256 87
256 255 88
255 254 89
255 253 89
255 252 89
256 251 90
256 251 91
256 250 92
257 251 93
256 252 94
255 253 95
254 254 95
74
250 259 25
250 259 26
250 259 27
250 259 28
250 259 29
250 259 30
250 259 31
250 259 32
250 259 33
250 259 34
250 259 35
250 258 36
250 258 37
250 258 38
250 259 39
251 258 40
251 258 41
251 257 42
252 256 43
252 257 44
251 258 45
251 258 46
250 259 47
251 258 48
251 258 49
251 259 50
251 259 51
250 260 52
250 260 53
250 260 54
250 260 55
250 260 56
250 260 57
250 260 58
250 260 59
250 261 60
250 260 61
250 259 62
251 259 63
252 259 64
251 258 65
250 258 66
251 258 67
252 259 68
252 259 69
253 260 70
253 259 71
253 259 72
254 258 73
255 258 74
254 258 75
254 258 76
254 258 77
253 258 78
253 258 79
253 258 80
254 258 81
254 258 82
254 257 83
255 257 84
255 257 85
255 257 86
255 256 87
256 255 88
257 255 89
258 255 88
259 254 89
260 254 90
261 253 90
262 252 89
262 251 90
263 251 91
263 251 92
263 250 93
71
250 259 25
250 259 26
250 259 27
250 259 28
250 259 29
250 259 30
250 259 31
250 259 32
250 259 33
250 259 34
250 259 35
250 258 36
250 258 37
250 258 38
250 259 39
251 258 40
251 258 41
251 257 42
252 256 43
252 257 44
251 258 45
251 258 46
250 259 47
251 258 48
251 258 49
251 259 50
251 259 51
250 260 52
250 260 53
250 260 54
250 260 55
250 260 56
250 260 57
250 260 58
250 260 59
250 261 60
250 260 61
250 259 62
251 259 63
252 259 64
251 258 65
250 258 66
251 258 67
252 259 68
252 259 69
253 260 70
253 259 71
253 259 72
254 258 73
255 258 74
254 258 75
254 258 76
254 258 77
253 258 78
253 258 79
253 258 80
254 258 81
254 258 82
254 257 83
255 257 84
255 257 85
255 257 86
255 256 87
256 255 88
257 255 89
258 255 88
259 254 89
260 254 90
261 253 90
262 252 89
262 252 88
71
250 259 25
250 259 26
250 259 27
250 259 28
250 259 29
250 259 30
250 259 31
250 259 32
250 259 33
250 259 34
250 259 35
250 258 36
250 258 37
250 258 38
250 259 39
251 258 40
251 258 41
251 257 42
252 256 43
252 257 44
251 258 45
251 258 46
250 259 47
251 258 48
251 258 49
251 259 50
251 259 51
250 260 52
250 260 53
250 260 54
250 260 55
250 260 56
250 260 57
250 260 58
250 260 59
250 261 60
250 260 61
250 259 62
251 259 63
252 259 64
251 258 65
250 258 66
251 258 67
252 259 68
252 259 69
253 260 70
253 259 71
253 259 72
254 258 73
255 258 74
254 258 75
254 258 76
254 258 77
253 258 78
253 258 79
253 258 80
254 258 81
254 258 82
254 257 83
255 257 84
255 257 85
255 257 86
255 256 87
256 255 88
257 255 89
258 255 88
259 254 89
260 254 90
261 253 90
262 252 89
263 253 90
70
250 259 25
250 259 26
250 259 27
250 259 28
250 259 29
250 259 30
250 259 31
250 259 32
250 259 33
250 259 34
250 259 35
250 258 36
250 258 37
250 258 38
250 259 39
251 258 40
251 258 41
251 257 42
252 256 43
252 257 44
251 258 45
251 258 46
250 259 47
251 258 48
251 258 49
251 259 50
251 259 51
250 260 52
250 260 53
250 260 54
250 260 55
250 260 56
250 260 57
250 260 58
250 260 59
250 261 60
250 260 61
250 259 62
251 259 63
252 259 64
251 258 65
250 258 66
251 258 67
252 259 68
252 259 69
253 260 70
253 259 71
253 259 72
254 258 73
255 258 74
254 258 75
254 258 76
254 258 77
253 258 78
253 258 79
253 258 80
254 258 81
254 258 82
254 257 83
255 257 84
255 257 85
255 257 86
255 256 87
256 255 88
257 255 89
258 255 88
259 255 88
260 255 87
261 254 86
262 253 87
70
250 259 25
250 259 26
250 259 27
250 259 28
250 259 29
250 259 30
250 259 31
250 259 32
250 259 33
250 259 34
250 259 35
250 258 36
250 258 37
250 258 38
250 259 39
251 258 40
251 258 41
251 257 42
252 256 43
252 257 44
251 258 45
251 258 46
250 259 47
251 258 48
251 258 49
251 259 50
251 259 51
250 260 52
250 260 53
250 260 54
250 260 55
250 260 56
250 260 57
250 260 58
250 260 59
250 261 60
250 260 61
250 259 62
251 259 63
252 259 64
251 258 65
250 258 66
251 258 67
252 259 68
252 259 69
253 260 70
253 259 71
253 259 72
254 258 73
255 258 74
254 258 75
254 258 76
254 258 77
253 258 78
253 258 79
253 258 80
254 258 81
254 258 82
254 257 83
255 257 84
255 257 85
255 257 86
255 256 87
256 255 88
257 255 89
258 255 88
259 254 89
260 254 90
261 253 90
262 254 91
65
250 259 25
250 259 26
250 259 27
250 259 28
250 259 29
250 259 30
250 259 31
250 259 32
250 259 33
250 259 34
250 259 35
250 258 36
250 258 37
250 258 38
250 259 39
251 258 40
251 258 41
251 257 42
252 256 43
251 255 43
251 254 43
252 253 43
253 252 44
253 252 45
252 251 46
253 251 47
253 251 48
253 250 49
254 250 50
253 250 51
254 249 52
254 248 53
254 247 54
254 247 55
255 246 56
255 246 57
255 245 58
256 244 59
256 244 60
257 243 61
257 243 62
257 242 63
257 241 64
257 240 65
258 239 66
259 238 67
259 237 68
260 237 69
260 236 70
260 235 71
261 234 72
261 233 73
262 232 74
262 231 75
262 230 76
263 229 77
263 228 78
264 228 79
264 227 80
265 226 81
266 225 82
266 224 83
267 223 84
267 222 85
262 220 85
62
250 259 25
250 259 26
250 259 27
250 259 28
250 259 29
250 259 30
250 259 31
250 259 32
250 259 33
250 259 34
250 259 35
250 258 36
250 258 37
250 258 38
250 259 39
251 258 40
251 258 41
251 257 42
252 256 43
251 255 43
251 254 43
252 253 43
253 252 44
253 252 45
252 251 46
253 251 47
253 251 48
253 250 49
254 250 50
253 250 51
254 249 52
254 248 53
254 247 54
254 247 55
255 246 56
255 246 57
255 245 58
256 244 59
256 244 60
257 243 61
257 243 62
257 242 63
257 241 64
257 240 65
258 239 66
259 238 67
259 237 68
260 237 69
260 236 70
260 235 71
261 234 72
261 233 73
262 232 74
262 231 75
262 230 76
263 229 77
263 228 78
264 228 79
264 227 80
265 226 81
264 225 82
263 225 82
57
250 259 25
250 259 26
250 259 27
250 259 28
250 259 29
250 259 30
250 259 31
250 259 32
250 259 33
250 259 34
250 259 35
250 258 36
250 258 37
250 258 38
250 259 39
251 258 40
251 258 41
251 257 42
252 256 43
252 257 44
251 258 45
251 258 46
250 259 47
251 258 48
251 258 49
251 259 50
251 259 51
250 260 52
250 260 53
250 260 54
250 260 55
250 260 56
250 260 57
250 260 58
250 260 59
250 261 60
250 260 61
250 259 62
251 259 63
252 259 64
251 258 65
250 258 66
251 258 67
252 259 68
252 259 69
253 260 70
254 261 70
255 262 70
256 263 71
257 264 71
258 264 70
258 265 69
257 266 68
257 267 69
258 268 68
257 269 68
256 270 68
56
250 259 25
250 259 26
250 259 27
250 259 28
250 259 29
250 259 30
250 259 31
250 259 32
250 259 33
250 259 34
250 259 35
250 258 36
250 258 37
250 258 38
250 259 39
251 258 40
251 258 41
251 257 42
252 256 43
252 257 44
251 258 45
251 258 46
250 259 47
251 258 48
251 258 49
251 259 50
251 259 51
250 260 52
250 260 53
250 260 54
250 260 55
250 260 56
250 260 57
250 260 58
250 260 59
250 261 60
250 260 61
250 259 62
251 259 63
252 259 64
251 258 65
251 257 66
252 258 67
253 257 68
253 256 68
254 255 68
254 254 69
254 253 70
253 252 70
253 251 71
254 250 72
253 249 73
252 249 73
251 249 74
250 249 74
249 248 75
54
250 259 25
250 259 26
250 259 27
250 259 28
250 259 29
250 259 30
250 259 31
250 259 32
250 259 33
250 259 34
250 259 35
250 258 36
250 258 37
250 258 38
250 259 39
251 258 40
251 258 41
251 257 42
252 256 43
252 257 44
251 258 45
251 258 46
250 259 47
251 258 48
251 258 49
251 259 50
251 259 51
250 260 52
250 260 53
250 260 54
250 260 55
250 260 56
250 260 57
250 260 58
250 260 59
250 261 60
250 260 61
250 259 62
251 259 63
252 259 64
251 258 65
251 257 66
252 258 67
253 257 68
253 256 68
254 255 68
255 255 69
256 255 70
257 255 71
258 255 71
259 254 72
260 254 73
261 254 73
261 253 64
53
250 259 25
250 259 26
250 259 27
250 259 28
250 259 29
250 259 30
250 259 31
250 259 32
250 259 33
250 259 34
250 259 35
250 258 36
250 258 37
250 258 38
250 259 39
251 258 40
251 258 41
251 257 42
252 256 43
252 257 44
251 258 45
251 258 46
250 259 47
251 258 48
251 258 49
251 259 50
251 259 51
250 260 52
250 260 53
250 260 54
250 260 55
250 260 56
250 260 57
250 260 58
250 260 59
250 261 60
250 260 61
250 259 62
251 259 63
252 259 64
251 258 65
251 257 66
252 258 67
253 257 68
253 256 68
254 255 68
255 255 69
256 255 70
257 255 71
258 255 71
259 254 72
260 254 73
261 254 73
53
250 259 25
250 259 26
250 259 27
250 259 28
250 259 29
250 259 30
250 259 31
250 259 32
250 259 33
250 259 34
250 259 35
250 258 36
250 258 37
250 258 38
250 259 39
251 258 40
251 258 41
251 257 42
252 256 43
252 257 44
251 258 45
251 258 46
250 259 47
251 258 48
251 258 49
251 259 50
251 259 51
250 260 52
250 260 53
250 260 54
250 260 55
250 260 56
250 260 57
250 260 58
250 260 59
250 261 60
250 260 61
250 259 62
251 259 63
252 259 64
251 258 65
251 257 66
252 258 67
253 257 68
253 256 68
254 255 68
254 254 69
254 253 70
253 252 70
252 252 70
251 252 70
250 252 70
249 252 70
33
250 259 25
250 259 26
250 259 27
250 259 28
250 259 29
250 259 30
250 259 31
250 259 32
250 259 33
250 259 34
250 259 35
250 258 36
250 258 37
250 258 38
250 259 39
251 258 40
251 258 41
251 257 42
252 256 43
252 257 44
251 258 45
251 258 46
250 259 47
251 258 48
251 257 49
250 256 49
249 255 49
248 255 50
249 255 51
249 254 52
249 253 53
249 253 54
249 252 55
29
250 259 25
250 259 26
250 259 27
250 259 28
250 259 29
250 259 30
250 259 31
250 259 32
250 259 33
250 259 34
250 259 35
250 258 36
250 258 37
250 258 38
250 259 39
251 258 40
251 258 41
251 257 42
252 256 43
252 257 44
253 257 45
254 256 46
254 256 47
255 256 48
255 255 49
254 255 50
253 256 51
252 255 51
251 254 50
29
250 259 25
250 259 26
250 259 27
250 259 28
250 259 29
250 259 30
250 259 31
250 259 32
250 259 33
250 259 34
250 259 35
250 258 36
250 258 37
250 258 38
250 259 39
251 258 40
251 258 41
251 257 42
252 256 43
252 257 44
253 257 45
254 256 46
254 256 47
255 256 48
255 255 49
254 255 50
255 255 51
255 255 52
255 255 53
28
250 259 25
250 259 26
250 259 27
250 259 28
250 259 29
250 259 30
250 259 31
250 259 32
250 259 33
250 259 34
250 259 35
250 258 36
250 258 37
250 258 38
250 259 39
251 258 40
251 258 41
251 257 42
252 256 43
252 257 44
251 258 45
251 258 46
250 259 47
251 258 48
251 258 49
251 259 50
251 259 51
251 258 52
28
250 259 25
250 259 26
250 259 27
250 259 28
250 259 29
250 259 30
250 259 31
250 259 32
250 259 33
250 259 34
250 259 35
250 258 36
250 258 37
250 258 38
250 259 39
251 258 40
251 258 41
251 257 42
252 256 43
252 257 44
253 257 45
254 256 46
254 256 47
255 256 48
255 255 49
254 255 50
253 256 51
252 257 52
27
250 259 25
250 259 26
250 259 27
250 259 28
250 259 29
250 259 30
250 259 31
250 259 32
250 259 33
250 259 34
250 259 35
250 258 36
250 258 37
250 258 38
250 259 39
251 258 40
251 258 41
251 257 42
252 256 43
252 257 44
253 257 45
254 256 46
254 256 47
255 256 48
255 255 49
255 256 50
254 257 51
26
250 259 25
250 259 26
250 259 27
250 259 28
250 259 29
250 259 30
250 259 31
250 259 32
250 259 33
250 259 34
250 259 35
250 258 36
250 258 37
250 258 38
250 259 39
251 258 40
251 258 41
251 257 42
252 256 43
252 257 44
251 258 45
251 258 46
250 259 47
251 258 48
252 258 48
253 258 48
25
250 259 25
250 259 26
250 259 27
250 259 28
250 259 29
250 259 30
250 259 31
250 259 32
250 259 33
250 259 34
250 259 35
250 258 36
250 258 37
250 258 38
250 259 39
251 258 40
251 258 41
251 257 42
252 256 43
252 257 44
251 256 45
250 255 46
250 254 47
250 253 47
251 252 46
25
250 259 25
250 259 26
250 259 27
250 259 28
250 259 29
250 259 30
250 259 31
250 259 32
250 259 33
250 259 34
250 259 35
250 258 36
250 258 37
250 258 38
250 259 39
251 258 40
251 258 41
251 257 42
252 256 43
252 257 44
253 257 45
254 256 46
254 256 47
255 257 48
254 258 49
24
250 259 25
250 259 26
250 259 27
250 259 28
250 259 29
250 259 30
250 259 31
250 259 32
250 259 33
250 259 34
250 259 35
250 258 36
250 258 37
250 258 38
250 259 39
251 258 40
251 258 41
251 257 42
252 256 43
252 257 44
253 257 45
254 256 46
253 255 45
253 254 46
