75
227
257 257 24
257 257 25
257 257 26
257 257 27
257 258 28
257 258 29
257 258 30
257 258 31
257 258 32
257 258 33
257 258 34
257 258 35
257 258 36
257 259 37
257 259 38
257 259 39
257 259 40
257 259 41
258 260 42
257 260 43
258 261 44
257 260 45
257 260 46
257 260 47
257 259 48
258 260 49
257 259 50
257 259 51
257 259 52
257 259 53
257 259 54
257 259 55
257 259 56
257 259 57
257 260 58
257 260 59
257 260 60
257 260 61
257 261 62
257 261 63
257 261 64
257 261 65
257 261 66
257 261 67
257 261 68
257 262 69
257 262 70
257 263 71
257 262 72
257 262 73
257 261 74
257 262 75
257 262 76
257 261 77
257 261 78
257 260 79
256 259 80
257 260 81
257 261 82
257 262 83
257 262 84
257 262 85
257 261 86
256 261 87
255 261 88
255 260 89
255 260 90
255 261 91
256 262 92
257 263 93
256 264 94
257 264 95
258 264 96
257 264 97
256 264 98
256 265 99
257 264 100
256 264 101
256 264 102
257 263 103
256 262 104
256 261 105
257 262 106
257 263 107
257 264 108
257 265 109
256 266 110
256 267 110
256 268 109
256 269 109
257 270 110
257 271 109
257 272 108
256 273 107
256 274 106
256 275 105
256 276 105
257 277 105
258 278 106
258 279 107
259 280 108
259 281 109
259 282 110
260 283 111
259 284 112
260 285 113
260 286 114
260 287 115
261 288 116
261 289 116
261 290 117
261 291 118
261 292 119
262 293 120
262 294 120
263 295 121
263 296 122
263 297 122
263 298 123
264 299 124
264 300 125
264 301 125
264 302 126
264 303 126
265 304 127
266 305 128
266 306 128
266 307 129
267 308 130
267 309 130
267 310 130
268 311 131
268 312 131
268 313 132
269 314 132
269 315 132
270 316 133
270 317 133
271 318 134
271 319 134
271 320 135
272 321 136
272 322 136
272 323 136
272 324 136
273 325 137
273 326 137
274 327 138
274 328 138
275 329 139
275 330 139
275 331 139
276 332 139
276 333 139
277 334 140
277 335 140
278 336 141
278 337 141
278 338 140
279 339 141
279 340 141
279 341 141
280 342 141
281 343 142
282 344 142
282 345 142
283 346 142
283 347 142
283 348 142
284 349 142
285 350 143
285 351 143
285 352 143
285 353 143
286 354 143
286 355 143
286 356 143
286 357 143
287 358 143
287 359 143
288 360 143
288 361 143
289 362 143
290 363 144
291 364 144
291 365 144
291 366 144
292 367 144
293 368 144
294 369 144
294 370 144
294 371 143
295 372 143
296 373 143
297 374 143
297 375 143
298 376 143
298 377 143
298 378 143
298 379 143
299 380 143
299 381 143
300 382 143
301 383 143
302 384 143
302 385 142
303 386 142
304 387 143
305 388 142
306 389 142
306 390 141
306 391 141
307 392 140
307 393 140
308 394 140
309 395 139
310 396 139
311 397 139
311 398 138
312 399 138
313 400 138
314 401 138
314 402 138
315 403 138
316 404 137
317 404 136
318 405 136
200
257 257 24
257 257 25
257 257 26
257 257 27
257 258 28
257 258 29
257 258 30
257 258 31
257 258 32
257 258 33
257 258 34
257 258 35
257 258 36
257 259 37
257 259 38
257 259 39
257 259 40
257 259 41
258 260 42
257 260 43
258 261 44
257 260 45
257 260 46
257 260 47
257 259 48
258 260 49
257 259 50
257 259 51
257 259 52
257 259 53
257 259 54
257 259 55
257 259 56
257 259 57
257 260 58
257 260 59
257 260 60
257 260 61
257 261 62
257 261 63
257 261 64
257 261 65
257 261 66
257 261 67
257 261 68
257 262 69
257 262 70
257 263 71
257 262 72
257 262 73
257 261 74
257 262 75
257 262 76
257 261 77
257 261 78
257 260 79
256 259 80
257 260 81
257 261 82
257 262 83
257 262 84
257 262 85
257 261 86
256 261 87
255 261 88
255 260 89
255 260 90
255 261 91
256 262 92
257 263 93
256 264 94
257 264 95
258 264 96
257 264 97
256 264 98
256 265 99
257 264 100
256 264 101
256 264 102
257 263 103
256 262 104
256 261 105
257 262 106
257 263 107
257 264 108
257 265 109
256 266 110
256 267 110
256 268 109
256 269 109
257 270 110
257 271 109
257 272 108
256 273 107
256 274 106
256 275 105
256 276 105
257 277 105
258 278 106
258 279 107
259 280 108
259 281 109
259 282 110
260 283 111
259 284 112
260 285 113
260 286 114
260 287 115
261 288 116
261 289 116
261 290 117
261 291 118
261 292 119
262 293 120
262 294 120
263 295 121
263 296 122
263 297 122
263 298 123
264 299 124
264 300 125
264 301 125
264 302 126
264 303 126
265 304 127
266 305 128
266 306 128
266 307 129
267 308 130
267 309 130
267 310 130
268 311 131
268 312 131
268 313 132
269 314 132
269 315 132
270 316 133
270 317 133
271 318 134
271 319 134
271 320 135
272 321 136
272 322 136
272 323 136
272 324 136
273 325 137
273 326 137
274 327 138
274 328 138
275 329 139
275 330 139
275 331 139
276 332 139
276 333 139
277 334 140
277 335 140
278 336 141
278 337 141
278 338 140
279 339 141
279 340 141
279 341 141
280 342 141
281 343 142
282 344 142
282 345 142
283 346 142
283 347 142
283 348 142
284 349 142
285 350 143
285 351 143
285 352 143
285 353 143
286 354 143
286 355 143
286 356 143
286 357 143
287 358 143
287 359 143
288 360 143
288 361 143
289 362 143
290 363 144
291 364 144
291 365 144
291 366 144
292 367 144
293 368 144
294 369 144
294 370 144
294 371 143
295 372 143
294 373 143
294 374 143
294 375 143
294 376 143
294 377 143
295 378 142
296 379 142
198
257 257 24
257 257 25
257 257 26
257 257 27
257 258 28
257 258 29
257 258 30
257 258 31
257 258 32
257 258 33
257 258 34
257 258 35
257 258 36
257 259 37
257 259 38
257 259 39
257 259 40
257 259 41
258 260 42
257 260 43
258 261 44
257 260 45
257 260 46
257 260 47
257 259 48
258 260 49
257 259 50
257 259 51
257 259 52
257 259 53
257 259 54
257 259 55
257 259 56
257 259 57
257 260 58
257 260 59
257 260 60
257 260 61
257 261 62
257 261 63
257 261 64
257 261 65
257 261 66
257 261 67
257 261 68
257 262 69
257 262 70
257 263 71
257 262 72
257 262 73
257 261 74
257 262 75
257 262 76
257 261 77
257 261 78
257 260 79
256 259 80
257 260 81
257 261 82
257 262 83
257 262 84
257 262 85
257 261 86
256 261 87
255 261 88
255 260 89
255 260 90
255 261 91
256 262 92
257 263 93
256 264 94
257 264 95
258 264 96
257 264 97
256 264 98
256 265 99
257 264 100
256 264 101
256 264 102
257 263 103
256 262 104
256 261 105
257 260 106
256 259 107
256 258 108
256 257 109
255 256 110
256 256 111
256 256 112
256 255 113
256 255 114
256 254 115
255 254 116
254 253 117
255 253 118
256 252 119
255 252 120
255 252 121
254 251 122
254 251 123
254 251 124
254 250 125
254 250 126
254 249 127
254 249 128
254 249 129
254 248 130
254 247 131
254 247 132
254 247 133
253 246 134
253 246 135
253 245 136
253 245 137
253 245 138
253 244 139
253 244 140
253 244 141
253 243 142
253 242 143
253 242 144
253 242 145
253 241 146
253 240 147
252 239 148
252 238 149
252 238 150
252 237 151
251 236 152
251 236 153
251 235 154
251 235 155
251 235 156
251 234 157
251 234 158
251 234 159
250 233 160
249 232 161
248 231 161
247 230 162
247 229 163
248 228 164
249 227 165
248 227 166
248 226 167
248 225 168
248 224 169
248 225 170
247 225 171
247 224 172
248 223 173
248 222 174
247 221 175
247 221 176
246 220 177
246 219 178
245 218 179
244 217 180
244 217 181
244 216 182
243 215 183
243 215 184
243 214 185
243 213 186
242 212 187
242 211 188
242 210 189
241 210 190
241 209 191
241 208 192
240 208 193
239 207 194
239 206 195
239 205 196
239 204 197
239 203 198
239 203 199
238 202 200
238 202 201
238 202 202
237 201 203
237 200 204
237 199 205
237 198 206
237 197 207
237 197 208
237 196 209
237 195 210
236 194 211
236 193 212
236 192 213
236 191 214
236 191 215
237 190 216
238 189 217
238 189 218
239 188 219
239 187 219
184
257 257 24
257 257 25
257 257 26
257 257 27
257 258 28
257 258 29
257 258 30
257 258 31
257 258 32
257 258 33
257 258 34
257 258 35
257 258 36
257 259 37
257 259 38
257 259 39
257 259 40
257 259 41
258 260 42
257 260 43
258 261 44
257 260 45
257 260 46
257 260 47
257 259 48
258 260 49
257 259 50
257 259 51
257 259 52
257 259 53
257 259 54
257 259 55
257 259 56
257 259 57
257 260 58
257 260 59
257 260 60
257 260 61
257 261 62
257 261 63
257 261 64
257 261 65
257 261 66
257 261 67
257 261 68
257 262 69
257 262 70
257 263 71
257 262 72
257 262 73
257 261 74
257 262 75
257 262 76
257 261 77
257 261 78
257 260 79
256 259 80
257 260 81
257 261 82
257 262 83
257 262 84
257 262 85
257 261 86
256 261 87
255 261 88
255 260 89
255 260 90
255 261 91
256 262 92
257 263 93
256 264 94
257 264 95
258 264 96
257 264 97
256 264 98
256 265 99
257 264 100
256 264 101
256 264 102
257 263 103
256 262 104
256 261 105
257 260 106
256 259 107
256 258 108
256 257 109
255 256 110
256 256 111
256 256 112
256 255 113
256 255 114
256 254 115
255 254 116
254 253 117
255 253 118
256 252 119
255 252 120
255 252 121
254 251 122
254 251 123
254 251 124
254 250 125
254 250 126
254 249 127
254 249 128
254 249 129
254 248 130
254 247 131
254 247 132
254 247 133
253 246 134
253 246 135
253 245 136
253 245 137
253 245 138
253 244 139
253 244 140
253 244 141
253 243 142
253 242 143
253 242 144
253 242 145
253 241 146
253 240 147
252 239 148
252 238 149
252 238 150
252 237 151
251 236 152
251 236 153
251 235 154
251 235 155
251 235 156
251 234 157
251 234 158
251 234 159
250 233 160
249 232 161
248 231 161
247 230 162
247 229 163
248 228 164
249 227 165
248 227 166
248 226 167
248 225 168
248 224 169
248 225 170
247 225 171
247 224 172
248 223 173
248 222 174
247 221 175
247 221 176
246 220 177
246 219 178
245 218 179
244 217 180
244 217 181
244 216 182
243 215 183
243 215 184
243 214 185
243 213 186
242 212 187
242 211 188
242 210 189
241 210 190
241 209 191
241 208 192
240 208 193
239 207 194
239 206 195
239 205 196
239 204 197
239 203 198
239 203 199
238 202 200
238 202 201
238 202 202
237 201 203
237 200 204
237 199 204
238 198 203
184
257 257 24
257 257 25
257 257 26
257 257 27
257 258 28
257 258 29
257 258 30
257 258 31
257 258 32
257 258 33
257 258 34
257 258 35
257 258 36
257 259 37
257 259 38
257 259 39
257 259 40
257 259 41
258 260 42
257 260 43
258 261 44
257 260 45
257 260 46
257 260 47
257 259 48
258 260 49
257 259 50
257 259 51
257 259 52
257 259 53
257 259 54
257 259 55
257 259 56
257 259 57
257 260 58
257 260 59
257 260 60
257 260 61
257 261 62
257 261 63
257 261 64
257 261 65
257 261 66
257 261 67
257 261 68
257 262 69
257 262 70
257 263 71
257 262 72
257 262 73
257 261 74
257 262 75
257 262 76
257 261 77
257 261 78
257 260 79
256 259 80
257 260 81
257 261 82
257 262 83
257 262 84
257 262 85
257 261 86
256 261 87
255 261 88
255 260 89
255 260 90
255 261 91
256 262 92
257 263 93
256 264 94
257 264 95
258 264 96
257 264 97
256 264 98
256 265 99
257 264 100
256 264 101
256 264 102
257 263 103
256 262 104
256 261 105
257 260 106
256 259 107
256 258 108
256 257 109
255 256 110
256 256 111
256 256 112
256 255 113
256 255 114
256 254 115
255 254 116
254 253 117
255 253 118
256 252 119
255 252 120
255 252 121
254 251 122
254 251 123
254 251 124
254 250 125
254 250 126
254 249 127
254 249 128
254 249 129
254 248 130
254 247 131
254 247 132
254 247 133
253 246 134
253 246 135
253 245 136
253 245 137
253 245 138
253 244 139
253 244 140
253 244 141
253 243 142
253 242 143
253 242 144
253 242 145
253 241 146
253 240 147
252 239 148
252 238 149
252 238 150
252 237 151
251 236 152
251 236 153
251 235 154
251 235 155
251 235 156
251 234 157
251 234 158
251 234 159
250 233 160
249 232 161
248 231 161
247 230 162
247 229 163
248 228 164
249 227 165
248 227 166
248 226 167
248 225 168
248 224 169
248 225 170
247 225 171
247 224 172
248 223 173
248 222 174
247 221 175
247 221 176
246 220 177
246 219 178
245 218 179
244 217 180
244 217 181
244 216 182
243 215 183
243 215 184
243 214 185
243 213 186
242 212 187
242 211 188
242 210 189
241 210 190
241 209 191
241 208 192
240 208 193
239 207 194
239 206 195
239 205 196
239 204 197
239 203 198
239 203 199
238 202 200
238 202 201
239 202 202
240 201 202
240 200 203
240 199 203
239 198 203
181
257 257 24
257 257 25
257 257 26
257 257 27
257 258 28
257 258 29
257 258 30
257 258 31
257 258 32
257 258 33
257 258 34
257 258 35
257 258 36
257 259 37
257 259 38
257 259 39
257 259 40
257 259 41
258 260 42
257 260 43
258 261 44
257 260 45
257 260 46
257 260 47
257 259 48
258 260 49
257 259 50
257 259 51
257 259 52
257 259 53
257 259 54
257 259 55
257 259 56
257 259 57
257 260 58
257 260 59
257 260 60
257 260 61
257 261 62
257 261 63
257 261 64
257 261 65
257 261 66
257 261 67
257 261 68
257 262 69
257 262 70
257 263 71
257 262 72
257 262 73
257 261 74
257 262 75
257 262 76
257 261 77
257 261 78
257 260 79
256 259 80
255 258 79
255 257 80
255 256 81
256 255 82
256 255 83
256 255 84
257 255 85
257 254 86
256 254 87
256 254 88
257 253 89
256 253 90
257 253 91
256 253 92
256 253 93
257 253 94
257 253 95
257 252 96
257 252 97
258 253 98
257 253 99
256 252 100
256 251 101
256 251 102
257 250 103
257 250 104
257 250 105
257 250 106
257 249 107
256 249 108
257 249 109
258 249 110
257 248 111
257 249 112
258 248 113
258 247 114
258 248 115
257 248 116
258 247 117
258 246 118
259 246 119
258 245 120
258 244 121
258 244 122
259 244 123
259 243 124
259 244 125
260 244 126
261 244 127
261 244 128
260 244 129
260 243 130
259 242 131
260 241 130
261 241 131
260 240 132
260 239 133
260 238 133
260 237 134
261 236 135
262 235 136
263 234 137
262 233 138
262 233 139
263 232 140
263 232 141
263 231 142
264 231 143
264 230 144
264 229 145
264 228 146
264 227 147
264 226 148
264 225 149
264 224 150
264 224 151
264 223 152
264 222 153
265 221 154
265 220 155
265 219 156
266 218 157
266 217 158
267 216 159
268 215 160
268 214 160
269 213 161
269 212 162
269 211 163
269 210 163
270 209 164
269 208 164
269 207 164
270 206 165
270 205 165
271 204 166
271 203 166
271 202 166
271 201 166
271 200 167
272 199 167
272 198 167
272 197 167
271 196 167
271 195 167
271 194 168
272 193 168
272 192 168
273 191 168
273 190 168
274 189 168
274 188 168
274 187 168
274 186 168
274 185 168
274 184 168
272 176 168
272 175 167
273 174 167
272 173 167
272 172 166
273 171 166
272 170 165
270 166 163
180
257 257 24
257 257 25
257 257 26
257 257 27
257 258 28
257 258 29
257 258 30
257 258 31
257 258 32
257 258 33
257 258 34
257 258 35
257 258 36
257 259 37
257 259 38
257 259 39
257 259 40
257 259 41
258 260 42
257 260 43
258 261 44
257 260 45
257 260 46
257 260 47
257 259 48
258 260 49
257 259 50
257 259 51
257 259 52
257 259 53
257 259 54
257 259 55
257 259 56
257 259 57
257 260 58
257 260 59
257 260 60
257 260 61
257 261 62
257 261 63
257 261 64
257 261 65
257 261 66
257 261 67
257 261 68
257 262 69
257 262 70
257 263 71
257 262 72
257 262 73
257 261 74
257 262 75
257 262 76
257 261 77
257 261 78
257 260 79
256 259 80
255 258 79
255 257 80
255 256 81
256 255 82
256 255 83
256 255 84
257 255 85
257 254 86
256 254 87
256 254 88
257 253 89
256 253 90
257 253 91
256 253 92
256 253 93
257 253 94
257 253 95
257 252 96
257 252 97
258 253 98
257 253 99
256 252 100
256 251 101
256 251 102
257 250 103
257 250 104
257 250 105
257 250 106
257 249 107
256 249 108
257 249 109
258 249 110
257 248 111
257 249 112
258 248 113
258 247 114
258 248 115
257 248 116
258 247 117
258 246 118
259 246 119
258 245 120
258 244 121
258 244 122
259 244 123
259 243 124
259 244 125
260 244 126
261 244 127
261 244 128
260 244 129
260 243 130
259 242 131
260 241 130
261 241 131
260 240 132
260 239 133
260 238 133
260 237 134
261 236 135
262 235 136
263 234 137
262 233 138
262 233 139
263 232 140
263 232 141
263 231 142
264 231 143
264 230 144
264 229 145
264 228 146
264 227 147
264 226 148
264 225 149
264 224 150
264 224 151
264 223 152
264 222 153
265 221 154
265 220 155
265 219 156
266 218 157
266 217 158
267 216 159
268 215 160
268 214 160
269 213 161
269 212 162
269 211 163
269 210 163
270 209 164
269 208 164
269 207 164
270 206 165
270 205 165
271 204 166
271 203 166
271 202 166
271 201 166
271 200 167
272 199 167
272 198 167
272 197 167
271 196 167
271 195 167
271 194 168
272 193 168
272 192 168
273 191 168
273 190 168
274 189 168
274 188 168
274 187 168
274 186 168
274 185 168
274 184 168
272 176 168
272 175 167
273 174 167
272 173 167
272 172 166
273 171 166
272 170 165
174
257 257 24
257 257 25
257 257 26
257 257 27
257 258 28
257 258 29
257 258 30
257 258 31
257 258 32
257 258 33
257 258 34
257 258 35
257 258 36
257 259 37
257 259 38
257 259 39
257 259 40
257 259 41
258 260 42
257 260 43
258 261 44
257 260 45
257 260 46
257 260 47
257 259 48
258 260 49
257 259 50
257 259 51
257 259 52
257 259 53
257 259 54
257 259 55
257 259 56
257 259 57
257 260 58
257 260 59
257 260 60
257 260 61
257 261 62
257 261 63
257 261 64
257 261 65
257 261 66
257 261 67
257 261 68
257 262 69
257 262 70
257 263 71
257 262 72
257 262 73
257 261 74
257 262 75
257 262 76
257 261 77
257 261 78
257 260 79
256 259 80
255 258 79
255 257 80
255 256 81
256 255 82
256 255 83
256 255 84
257 255 85
257 254 86
256 254 87
256 254 88
257 253 89
256 253 90
257 253 91
256 253 92
256 253 93
257 253 94
257 253 95
257 252 96
257 252 97
258 253 98
257 253 99
256 252 100
256 251 101
256 251 102
257 250 103
257 250 104
257 250 105
257 250 106
257 249 107
256 249 108
257 249 109
258 249 110
257 248 111
257 249 112
258 248 113
258 247 114
258 248 115
257 248 116
258 247 117
258 246 118
259 246 119
258 245 120
258 244 121
258 244 122
259 244 123
259 243 124
259 244 125
260 244 126
261 244 127
261 244 128
260 244 129
260 243 130
259 242 131
260 241 130
261 241 131
260 240 132
260 239 133
260 238 133
260 237 134
261 236 135
262 235 136
263 234 137
262 233 138
262 233 139
263 232 140
263 232 141
263 231 142
264 231 143
264 230 144
264 229 145
264 228 146
264 227 147
264 226 148
264 225 149
264 224 150
264 224 151
264 223 152
264 222 153
265 221 154
265 220 155
265 219 156
266 218 157
266 217 158
267 216 159
268 215 160
268 214 160
269 213 161
269 212 162
269 211 163
269 210 163
270 209 164
269 208 164
269 207 164
270 206 165
270 205 165
271 204 166
271 203 166
271 202 166
271 201 166
271 200 167
272 199 167
272 198 167
272 197 167
271 196 167
271 195 167
271 194 168
272 193 168
272 192 168
273 191 168
273 190 168
274 189 168
274 188 168
274 187 168
274 186 168
274 185 168
274 184 168
272 176 168
173
257 257 24
257 257 25
257 257 26
257 257 27
257 258 28
257 258 29
257 258 30
257 258 31
257 258 32
257 258 33
257 258 34
257 258 35
257 258 36
257 259 37
257 259 38
257 259 39
257 259 40
257 259 41
258 260 42
257 260 43
258 261 44
257 260 45
257 260 46
257 260 47
257 259 48
258 260 49
257 259 50
257 259 51
257 259 52
257 259 53
257 259 54
257 259 55
257 259 56
257 259 57
257 260 58
257 260 59
257 260 60
257 260 61
257 261 62
257 261 63
257 261 64
257 261 65
257 261 66
257 261 67
257 261 68
257 262 69
257 262 70
257 263 71
257 262 72
257 262 73
257 261 74
257 262 75
257 262 76
257 261 77
257 261 78
257 260 79
256 259 80
257 260 81
257 261 82
257 262 83
257 262 84
257 262 85
257 261 86
256 261 87
255 261 88
255 260 89
255 260 90
255 261 91
256 262 92
257 263 93
256 264 94
257 264 95
258 264 96
257 264 97
256 264 98
256 265 99
257 264 100
256 264 101
256 264 102
257 263 103
256 262 104
256 261 105
257 262 106
257 263 107
257 264 108
257 265 109
256 266 110
256 266 111
256 266 112
256 266 113
255 267 114
255 268 115
255 269 116
255 270 117
254 270 118
254 269 119
253 268 120
253 267 121
253 266 122
254 266 123
255 266 124
256 266 125
257 265 125
258 265 126
258 265 127
259 265 128
259 265 129
260 264 130
259 265 131
258 266 132
257 266 133
256 267 134
256 268 135
256 268 136
255 269 137
256 270 138
256 270 139
256 271 140
256 271 141
255 271 142
255 271 143
255 272 144
254 273 145
255 273 146
255 273 147
254 274 148
254 274 149
255 274 150
255 274 151
255 274 152
255 275 153
254 276 154
255 277 155
254 277 156
254 278 157
254 278 158
254 279 159
255 279 160
255 280 161
255 280 162
255 281 163
255 281 164
255 282 165
255 282 166
255 283 167
256 283 168
256 284 169
256 285 170
255 285 171
256 286 172
255 286 173
256 287 174
256 287 175
256 288 176
256 288 177
256 289 178
256 289 179
256 290 180
257 291 181
256 291 182
257 291 183
257 292 184
256 292 185
257 293 186
257 293 187
257 294 188
257 295 189
258 295 190
258 295 191
258 296 192
258 295 193
258 296 194
258 297 195
173
257 257 24
257 257 25
257 257 26
257 257 27
257 258 28
257 258 29
257 258 30
257 258 31
257 258 32
257 258 33
257 258 34
257 258 35
257 258 36
257 259 37
257 259 38
257 259 39
257 259 40
257 259 41
258 260 42
257 260 43
258 261 44
257 260 45
257 260 46
257 260 47
257 259 48
258 260 49
257 259 50
257 259 51
257 259 52
257 259 53
257 259 54
257 259 55
257 259 56
257 259 57
257 260 58
257 260 59
257 260 60
257 260 61
257 261 62
257 261 63
257 261 64
257 261 65
257 261 66
257 261 67
257 261 68
257 262 69
257 262 70
257 263 71
257 262 72
257 262 73
257 261 74
257 262 75
257 262 76
257 261 77
257 261 78
257 260 79
256 259 80
255 258 79
255 257 80
255 256 81
256 255 82
256 255 83
256 255 84
257 255 85
257 254 86
256 254 87
256 254 88
257 253 89
256 253 90
257 253 91
256 253 92
256 253 93
257 253 94
257 253 95
257 252 96
257 252 97
258 253 98
257 253 99
256 252 100
256 251 101
256 251 102
257 250 103
257 250 104
257 250 105
257 250 106
257 249 107
256 249 108
257 249 109
258 249 110
257 248 111
257 249 112
258 248 113
258 247 114
258 248 115
257 248 116
258 247 117
258 246 118
259 246 119
258 245 120
258 244 121
258 244 122
259 244 123
259 243 124
259 244 125
260 244 126
261 244 127
261 244 128
260 244 129
260 243 130
259 242 131
260 241 130
261 241 131
260 240 132
260 239 133
260 238 133
260 237 134
261 236 135
262 235 136
263 234 137
262 233 138
262 233 139
263 232 140
263 232 141
263 231 142
264 231 143
264 230 144
264 229 145
264 228 146
264 227 147
264 226 148
264 225 149
264 224 150
264 224 151
264 223 152
264 222 153
265 221 154
265 220 155
265 219 156
266 218 157
266 217 158
267 216 159
268 215 160
268 214 160
269 213 161
269 212 162
269 211 163
269 210 163
270 209 164
269 208 164
269 207 164
270 206 165
270 205 165
271 204 166
271 203 166
271 202 166
271 201 166
271 200 167
272 199 167
272 198 167
272 197 167
271 196 167
271 195 167
271 194 168
272 193 168
272 192 168
273 191 168
273 190 168
274 189 168
274 188 168
274 187 168
274 186 168
274 185 168
274 184 168
167
257 257 24
257 257 25
257 257 26
257 257 27
257 258 28
257 258 29
257 258 30
257 258 31
257 258 32
257 258 33
257 258 34
257 258 35
257 258 36
257 259 37
257 259 38
257 259 39
257 259 40
257 259 41
258 260 42
257 260 43
258 261 44
257 260 45
257 260 46
257 260 47
257 259 48
258 260 49
257 259 50
257 259 51
257 259 52
257 259 53
257 259 54
257 259 55
257 259 56
257 259 57
257 260 58
257 260 59
257 260 60
257 260 61
257 261 62
257 261 63
257 261 64
257 261 65
257 261 66
257 261 67
257 261 68
257 262 69
257 262 70
257 263 71
257 262 72
257 262 73
257 261 74
257 262 75
257 262 76
257 261 77
257 261 78
257 260 79
256 259 80
257 260 81
257 261 82
257 262 83
257 262 84
257 262 85
257 261 86
256 261 87
255 261 88
255 260 89
255 260 90
255 261 91
256 262 92
257 263 93
256 264 94
257 264 95
258 264 96
257 264 97
256 264 98
256 265 99
257 264 100
256 264 101
256 264 102
257 263 103
256 262 104
256 261 105
257 262 106
257 263 107
257 264 108
257 265 109
256 266 110
256 266 111
256 266 112
256 266 113
255 267 114
255 268 115
255 269 116
255 270 117
254 271 118
253 272 119
253 273 120
252 274 121
253 275 121
254 276 122
253 277 123
253 277 124
253 278 125
254 279 126
253 279 127
253 279 128
253 280 129
254 281 130
254 281 131
253 282 132
254 283 133
253 283 134
253 284 135
254 285 136
254 286 137
253 286 138
253 287 139
254 288 140
253 288 141
253 289 142
252 289 143
252 290 144
252 291 144
251 292 145
251 293 146
251 294 147
251 295 148
251 296 149
251 296 150
251 297 151
251 298 152
251 298 153
251 298 154
250 299 155
250 299 156
250 299 157
250 300 158
250 300 159
250 300 160
250 300 161
250 300 162
250 301 163
250 301 164
250 302 165
250 303 166
251 304 167
251 304 168
251 304 169
250 305 170
251 306 171
251 306 172
251 306 173
251 306 174
250 306 175
250 307 176
251 306 177
250 307 178
249 307 179
249 307 180
250 308 181
249 309 182
249 308 183
250 309 184
251 310 185
250 311 184
251 312 185
254 312 185
167
257 257 24
257 257 25
257 257 26
257 257 27
257 258 28
257 258 29
257 258 30
257 258 31
257 258 32
257 258 33
257 258 34
257 258 35
257 258 36
257 259 37
257 259 38
257 259 39
257 259 40
257 259 41
258 260 42
257 260 43
258 261 44
257 260 45
257 260 46
257 260 47
257 259 48
258 260 49
257 259 50
257 259 51
257 259 52
257 259 53
257 259 54
257 259 55
257 259 56
257 259 57
257 260 58
257 260 59
257 260 60
257 260 61
257 261 62
257 261 63
257 261 64
257 261 65
257 261 66
257 261 67
257 261 68
257 262 69
257 262 70
257 263 71
257 262 72
257 262 73
257 261 74
257 262 75
257 262 76
257 261 77
257 261 78
257 260 79
256 259 80
257 260 81
257 261 82
257 262 83
257 262 84
257 262 85
257 261 86
256 261 87
255 261 88
255 260 89
255 260 90
255 261 91
256 262 92
257 263 93
256 264 94
257 264 95
258 264 96
257 264 97
256 264 98
256 265 99
257 264 100
256 264 101
256 264 102
257 263 103
256 262 104
256 261 105
257 262 106
257 263 107
257 264 108
257 265 109
256 266 110
256 266 111
256 266 112
256 266 113
255 267 114
255 268 115
255 269 116
255 270 117
254 271 118
253 272 119
253 273 120
252 274 121
253 275 121
254 276 122
253 277 123
253 277 124
253 278 125
254 279 126
253 279 127
253 279 128
253 280 129
254 281 130
254 281 131
253 282 132
254 283 133
253 283 134
253 284 135
254 285 136
254 286 137
253 286 138
253 287 139
254 288 140
253 288 141
253 289 142
252 289 143
252 290 144
252 291 144
251 292 145
251 293 146
251 294 147
251 295 148
251 296 149
251 296 150
251 297 151
251 298 152
251 298 153
251 298 154
250 299 155
250 299 156
250 299 157
250 300 158
250 300 159
250 300 160
250 300 161
250 300 162
250 301 163
250 301 164
250 302 165
250 303 166
251 304 167
251 304 168
251 304 169
250 305 170
251 306 171
251 306 172
251 306 173
251 306 174
250 306 175
250 307 176
251 306 177
250 307 178
249 307 179
249 307 180
250 308 181
249 309 182
249 308 183
250 309 184
251 310 185
252 311 186
252 312 186
252 313 187
165
257 257 24
257 257 25
257 257 26
257 257 27
257 258 28
257 258 29
257 258 30
257 258 31
257 258 32
257 258 33
257 258 34
257 258 35
257 258 36
257 259 37
257 259 38
257 259 39
257 259 40
257 259 41
258 260 42
257 260 43
258 261 44
257 260 45
257 260 46
257 260 47
257 259 48
258 260 49
257 259 50
257 259 51
257 259 52
257 259 53
257 259 54
257 259 55
257 259 56
257 259 57
257 260 58
257 260 59
257 260 60
257 260 61
257 261 62
257 261 63
257 261 64
257 261 65
257 261 66
257 261 67
257 261 68
257 262 69
257 262 70
257 263 71
257 262 72
257 262 73
257 261 74
257 262 75
257 262 76
257 261 77
257 261 78
257 260 79
256 259 80
257 260 81
257 261 82
257 262 83
257 262 84
257 262 85
257 261 86
256 261 87
255 261 88
255 260 89
255 260 90
255 261 91
256 262 92
257 263 93
256 264 94
257 264 95
258 264 96
257 264 97
256 264 98
256 265 99
257 264 100
256 264 101
256 264 102
257 263 103
256 262 104
256 261 105
257 262 106
257 263 107
257 264 108
257 265 109
256 266 110
256 266 111
256 266 112
256 266 113
255 267 114
255 268 115
255 269 116
255 270 117
254 271 118
253 272 119
253 273 120
252 274 121
253 275 121
254 276 122
253 277 123
253 277 124
253 278 125
254 279 126
253 279 127
253 279 128
253 280 129
254 281 130
254 281 131
253 282 132
254 283 133
253 283 134
253 284 135
254 285 136
254 286 137
253 286 138
253 287 139
254 288 140
253 288 141
253 289 142
252 289 143
252 290 144
252 291 144
251 292 145
251 293 146
251 294 147
251 295 148
251 296 149
251 296 150
251 297 151
251 298 152
251 298 153
251 298 154
250 299 155
250 299 156
250 299 157
250 300 158
250 300 159
250 300 160
250 300 161
250 300 162
250 301 163
250 301 164
250 302 165
250 303 166
251 304 167
251 304 168
251 304 169
250 305 170
251 306 171
251 306 172
251 306 173
251 306 174
250 306 175
250 307 176
251 306 177
250 307 178
249 307 179
249 307 180
250 308 181
249 309 182
249 308 183
250 309 184
249 309 185
249 309 186
165
257 257 24
257 257 25
257 257 26
257 257 27
257 258 28
257 258 29
257 258 30
257 258 31
257 258 32
257 258 33
257 258 34
257 258 35
257 258 36
257 259 37
257 259 38
257 259 39
257 259 40
257 259 41
258 260 42
257 260 43
258 261 44
257 260 45
257 260 46
257 260 47
257 259 48
258 260 49
257 259 50
257 259 51
257 259 52
257 259 53
257 259 54
257 259 55
257 259 56
257 259 57
257 260 58
257 260 59
257 260 60
257 260 61
257 261 62
257 261 63
257 261 64
257 261 65
257 261 66
257 261 67
257 261 68
257 262 69
257 262 70
257 263 71
257 262 72
257 262 73
257 261 74
257 262 75
257 262 76
257 261 77
257 261 78
257 260 79
256 259 80
255 258 79
255 257 80
255 256 81
256 255 82
256 255 83
256 255 84
257 255 85
257 254 86
256 254 87
256 254 88
257 253 89
256 253 90
257 253 91
256 253 92
256 253 93
257 253 94
257 253 95
257 252 96
257 252 97
258 253 98
257 253 99
256 252 100
256 251 101
256 251 102
257 250 103
257 250 104
257 250 105
257 250 106
257 249 107
256 249 108
257 249 109
258 249 110
257 248 111
257 249 112
258 248 113
258 247 114
258 248 115
257 248 116
258 247 117
258 246 118
259 246 119
258 245 120
258 244 121
258 244 122
259 244 123
259 243 124
259 244 125
260 244 126
261 244 127
261 244 128
260 244 129
260 243 130
259 242 131
260 241 130
261 241 131
260 240 132
260 239 133
260 238 133
260 237 134
261 236 135
262 235 136
263 234 137
262 233 138
262 233 139
263 232 140
263 232 141
263 231 142
264 231 143
264 230 144
264 229 145
264 228 146
264 227 147
264 226 148
264 225 149
264 224 150
264 224 151
264 223 152
264 222 153
265 221 154
265 220 155
265 219 156
266 218 157
266 217 158
267 216 159
268 215 160
268 214 160
269 213 161
269 212 162
269 211 163
269 210 163
270 209 164
269 208 164
269 207 164
270 206 165
270 205 165
271 204 166
271 203 166
271 202 166
271 201 166
271 200 167
272 199 167
272 198 167
273 197 167
274 196 168
275 195 168
274 194 168
274 193 168
274 192 168
152
257 257 24
257 257 25
257 257 26
257 257 27
257 258 28
257 258 29
257 258 30
257 258 31
257 258 32
257 258 33
257 258 34
257 258 35
257 258 36
257 259 37
257 259 38
257 259 39
257 259 40
257 259 41
258 260 42
257 260 43
258 261 44
257 260 45
257 260 46
257 260 47
257 259 48
258 260 49
257 259 50
257 259 51
257 259 52
257 259 53
257 259 54
257 259 55
257 259 56
257 259 57
257 260 58
257 260 59
257 260 60
257 260 61
257 261 62
257 261 63
257 261 64
257 261 65
257 261 66
257 261 67
257 261 68
257 262 69
257 262 70
257 263 71
257 262 72
257 262 73
257 261 74
257 262 75
257 262 76
257 261 77
257 261 78
257 260 79
256 259 80
257 260 81
257 261 82
257 262 83
257 262 84
257 262 85
257 261 86
256 261 87
255 261 88
255 260 89
255 260 90
255 261 91
256 262 92
257 263 93
256 264 94
257 264 95
258 264 96
257 264 97
256 264 98
256 265 99
257 264 100
256 264 101
256 264 102
257 263 103
256 262 104
256 261 105
257 260 106
256 259 107
256 258 108
256 257 109
255 256 110
256 256 111
256 256 112
256 255 113
256 255 114
256 254 115
255 254 116
254 253 117
255 253 118
256 252 119
255 252 120
255 252 121
254 251 122
254 251 123
254 251 124
254 250 125
254 250 126
254 249 127
254 249 128
254 249 129
254 248 130
254 247 131
254 247 132
254 247 133
253 246 134
253 246 135
253 245 136
253 245 137
253 245 138
253 244 139
253 244 140
253 244 141
253 243 142
253 242 143
253 242 144
253 242 145
253 241 146
253 240 147
252 239 148
252 238 149
252 238 150
252 237 151
251 236 152
251 236 153
251 235 154
251 235 155
251 235 156
251 234 157
251 234 158
251 234 159
250 233 160
249 232 161
248 231 161
247 230 162
247 229 163
248 228 164
249 227 165
248 227 166
248 226 167
248 225 168
248 224 169
248 225 170
247 225 171
247 224 172
247 224 173
246 224 174
136
257 257 24
257 257 25
257 257 26
257 257 27
257 258 28
257 258 29
257 258 30
257 258 31
257 258 32
257 258 33
257 258 34
257 258 35
257 258 36
257 259 37
257 259 38
257 259 39
257 259 40
257 259 41
258 260 42
257 260 43
258 261 44
257 260 45
257 260 46
257 260 47
257 259 48
258 260 49
257 259 50
257 259 51
257 259 52
257 259 53
257 259 54
257 259 55
257 259 56
257 259 57
257 260 58
257 260 59
257 260 60
257 260 61
257 261 62
257 261 63
257 261 64
257 261 65
257 261 66
257 261 67
257 261 68
257 262 69
257 262 70
257 263 71
257 262 72
257 262 73
257 261 74
257 262 75
257 262 76
257 261 77
257 261 78
257 260 79
256 259 80
257 260 81
257 261 82
257 262 83
257 262 84
257 262 85
257 261 86
256 261 87
255 261 88
255 260 89
255 260 90
255 261 91
256 262 92
257 263 93
256 264 94
257 264 95
258 264 96
257 264 97
256 264 98
256 265 99
257 264 100
256 264 101
256 264 102
257 263 103
256 262 104
256 261 105
257 260 106
256 259 107
256 258 108
256 257 109
255 256 110
256 256 111
256 256 112
256 255 113
256 255 114
256 254 115
255 254 116
254 253 117
255 253 118
256 252 119
255 252 120
255 252 121
254 251 122
254 251 123
254 251 124
254 250 125
254 250 126
254 249 127
254 249 128
254 249 129
254 248 130
254 247 131
254 247 132
254 247 133
253 246 134
253 246 135
253 245 136
253 245 137
253 245 138
253 244 139
253 244 140
253 244 141
253 243 142
253 242 143
253 242 144
253 242 145
253 241 146
253 240 147
252 239 148
252 238 149
252 238 150
252 237 151
251 236 152
251 236 153
251 235 154
251 235 155
251 235 156
251 234 157
250 233 157
250 229 157
136
257 257 24
257 257 25
257 257 26
257 257 27
257 258 28
257 258 29
257 258 30
257 258 31
257 258 32
257 258 33
257 258 34
257 258 35
257 258 36
257 259 37
257 259 38
257 259 39
257 259 40
257 259 41
258 260 42
257 260 43
258 261 44
257 260 45
257 260 46
257 260 47
257 259 48
258 260 49
257 259 50
257 259 51
257 259 52
257 259 53
257 259 54
257 259 55
257 259 56
257 259 57
257 260 58
257 260 59
257 260 60
257 260 61
257 261 62
257 261 63
257 261 64
257 261 65
257 261 66
257 261 67
257 261 68
257 262 69
257 262 70
257 263 71
257 262 72
257 262 73
257 261 74
257 262 75
257 262 76
257 261 77
257 261 78
257 260 79
256 259 80
257 260 81
257 261 82
257 262 83
257 262 84
257 262 85
257 261 86
256 261 87
255 261 88
255 260 89
255 260 90
255 261 91
256 262 92
257 263 93
256 264 94
257 264 95
258 264 96
257 264 97
256 264 98
256 265 99
257 264 100
256 264 101
256 264 102
257 263 103
256 262 104
256 261 105
257 260 106
256 259 107
256 258 108
256 257 109
255 256 110
256 256 111
256 256 112
256 255 113
256 255 114
256 254 115
255 254 116
254 253 117
255 253 118
256 252 119
255 252 120
255 252 121
254 251 122
254 251 123
254 251 124
254 250 125
254 250 126
254 249 127
254 249 128
254 249 129
254 248 130
254 247 131
254 247 132
254 247 133
253 246 134
253 246 135
253 245 136
253 245 137
253 245 138
253 244 139
253 244 140
253 244 141
253 243 142
253 242 143
253 242 144
253 242 145
253 241 146
253 240 147
252 239 148
252 238 149
252 238 150
252 237 151
251 236 152
251 236 153
251 235 154
250 234 154
250 233 154
250 232 154
249 231 155
250 232 156
132
257 257 24
257 257 25
257 257 26
257 257 27
257 258 28
257 258 29
257 258 30
257 258 31
257 258 32
257 258 33
257 258 34
257 258 35
257 258 36
257 259 37
257 259 38
257 259 39
257 259 40
257 259 41
258 260 42
257 260 43
258 261 44
257 260 45
257 260 46
257 260 47
257 259 48
258 260 49
257 259 50
257 259 51
257 259 52
257 259 53
257 259 54
257 259 55
257 259 56
257 259 57
257 260 58
257 260 59
257 260 60
257 260 61
257 261 62
257 261 63
257 261 64
257 261 65
257 261 66
257 261 67
257 261 68
257 262 69
257 262 70
257 263 71
257 262 72
257 262 73
257 261 74
257 262 75
257 262 76
257 261 77
257 261 78
257 260 79
256 259 80
257 260 81
257 261 82
257 262 83
257 262 84
257 262 85
257 261 86
256 261 87
255 261 88
255 260 89
255 260 90
255 261 91
256 262 92
257 263 93
256 264 94
257 264 95
258 264 96
257 264 97
256 264 98
256 265 99
257 264 100
256 264 101
256 264 102
257 263 103
256 262 104
256 261 105
257 262 106
257 263 107
257 264 108
257 265 109
256 266 110
256 266 111
256 266 112
256 266 113
255 267 114
255 268 115
255 269 116
255 270 117
254 270 118
254 269 119
253 268 120
253 267 121
253 266 122
254 266 123
255 266 124
256 266 125
257 265 125
258 265 126
258 265 127
259 265 128
259 265 129
260 264 130
259 265 131
258 266 132
257 266 133
256 267 134
256 268 135
256 268 136
255 269 137
256 270 138
256 270 139
256 271 140
256 271 141
255 271 142
255 271 143
255 272 144
254 273 145
255 273 146
255 273 147
254 274 148
253 274 148
252 275 148
251 275 148
250 275 148
249 275 148
248 276 148
132
257 257 24
257 257 25
257 257 26
257 257 27
257 258 28
257 258 29
257 258 30
257 258 31
257 258 32
257 258 33
257 258 34
257 258 35
257 258 36
257 259 37
257 259 38
257 259 39
257 259 40
257 259 41
258 260 42
257 260 43
258 261 44
257 260 45
257 260 46
257 260 47
257 259 48
258 260 49
257 259 50
257 259 51
257 259 52
257 259 53
257 259 54
257 259 55
257 259 56
257 259 57
257 260 58
257 260 59
257 260 60
257 260 61
257 261 62
257 261 63
257 261 64
257 261 65
257 261 66
257 261 67
257 261 68
257 262 69
257 262 70
257 263 71
257 262 72
257 262 73
257 261 74
257 262 75
257 262 76
257 261 77
257 261 78
257 260 79
256 259 80
257 260 81
257 261 82
257 262 83
257 262 84
257 262 85
257 261 86
256 261 87
255 261 88
255 260 89
255 260 90
255 261 91
256 262 92
257 263 93
256 264 94
257 264 95
258 264 96
257 264 97
256 264 98
256 265 99
257 264 100
256 264 101
256 264 102
257 263 103
256 262 104
256 261 105
257 262 106
257 263 107
257 264 108
257 265 109
256 266 110
256 266 111
256 266 112
256 266 113
255 267 114
255 268 115
255 269 116
255 270 117
254 270 118
254 269 119
253 268 120
253 267 121
253 266 122
254 266 123
255 266 124
256 266 125
257 265 125
258 265 126
258 265 127
259 265 128
259 265 129
260 264 130
259 265 131
258 266 132
257 266 133
256 267 134
256 268 135
256 268 136
255 269 137
256 270 138
256 270 139
256 271 140
256 271 141
255 271 142
255 271 143
255 272 144
254 273 145
253 273 145
252 274 145
251 274 145
250 274 145
249 274 145
248 275 145
247 276 145
246 276 146
247 277 147
130
257 257 24
257 257 25
257 257 26
257 257 27
257 258 28
257 258 29
257 258 30
257 258 31
257 258 32
257 258 33
257 258 34
257 258 35
257 258 36
257 259 37
257 259 38
257 259 39
257 259 40
257 259 41
258 260 42
257 260 43
258 261 44
257 260 45
257 260 46
257 260 47
257 259 48
258 260 49
257 259 50
257 259 51
257 259 52
257 259 53
257 259 54
257 259 55
257 259 56
257 259 57
257 260 58
257 260 59
257 260 60
257 260 61
257 261 62
257 261 63
257 261 64
257 261 65
257 261 66
257 261 67
257 261 68
257 262 69
257 262 70
257 263 71
257 262 72
257 262 73
257 261 74
257 262 75
257 262 76
257 261 77
257 261 78
257 260 79
256 259 80
257 260 81
257 261 82
257 262 83
257 262 84
257 262 85
257 261 86
256 261 87
255 261 88
255 260 89
255 260 90
255 261 91
256 262 92
257 263 93
256 264 94
257 264 95
258 264 96
257 264 97
256 264 98
256 265 99
257 264 100
256 264 101
256 264 102
257 263 103
256 262 104
256 261 105
257 262 106
257 263 107
257 264 108
257 265 109
256 266 110
256 266 111
256 266 112
256 266 113
255 267 114
255 268 115
255 269 116
255 270 117
254 271 118
253 272 119
253 273 120
252 274 121
253 275 121
254 276 122
253 277 123
253 277 124
253 278 125
254 279 126
253 279 127
253 279 128
253 280 129
254 281 130
254 281 131
253 282 132
254 283 133
253 283 134
253 284 135
254 285 136
254 286 137
253 286 138
253 287 139
254 288 140
253 288 141
253 289 142
252 289 143
252 290 144
253 291 144
254 290 144
255 290 144
256 290 144
257 290 144
258 291 145
259 290 146
260 291 147
129
257 257 24
257 257 25
257 257 26
257 257 27
257 258 28
257 258 29
257 258 30
257 258 31
257 258 32
257 258 33
257 258 34
257 258 35
257 258 36
257 259 37
257 259 38
257 259 39
257 259 40
257 259 41
258 260 42
257 260 43
258 261 44
257 260 45
257 260 46
257 260 47
257 259 48
258 260 49
257 259 50
257 259 51
257 259 52
257 259 53
257 259 54
257 259 55
257 259 56
257 259 57
257 260 58
257 260 59
257 260 60
257 260 61
257 261 62
257 261 63
257 261 64
257 261 65
257 261 66
257 261 67
257 261 68
257 262 69
257 262 70
257 263 71
257 262 72
257 262 73
257 261 74
257 262 75
257 262 76
257 261 77
257 261 78
257 260 79
256 259 80
257 260 81
257 261 82
257 262 83
257 262 84
257 262 85
257 261 86
256 261 87
255 261 88
255 260 89
255 260 90
255 261 91
256 262 92
257 263 93
256 264 94
257 264 95
258 264 96
257 264 97
256 264 98
256 265 99
257 264 100
256 264 101
256 264 102
257 263 103
256 262 104
256 261 105
257 262 106
257 263 107
257 264 108
257 265 109
256 266 110
256 266 111
256 266 112
256 266 113
255 267 114
255 268 115
255 269 116
255 270 117
254 270 118
254 269 119
253 268 120
253 267 121
253 266 122
254 266 123
255 266 124
256 266 125
257 265 125
258 265 126
258 265 127
259 265 128
259 265 129
260 264 130
259 265 131
258 266 132
257 266 133
256 267 134
256 268 135
256 268 136
255 269 137
256 270 138
256 270 139
256 271 140
256 271 141
255 271 142
255 271 143
255 272 144
254 273 145
255 273 146
256 274 146
257 274 146
258 275 146
259 276 146
260 276 147
129
257 257 24
257 257 25
257 257 26
257 257 27
257 258 28
257 258 29
257 258 30
257 258 31
257 258 32
257 258 33
257 258 34
257 258 35
257 258 36
257 259 37
257 259 38
257 259 39
257 259 40
257 259 41
258 260 42
257 260 43
258 261 44
257 260 45
257 260 46
257 260 47
257 259 48
258 260 49
257 259 50
257 259 51
257 259 52
257 259 53
257 259 54
257 259 55
257 259 56
257 259 57
257 260 58
257 260 59
257 260 60
257 260 61
257 261 62
257 261 63
257 261 64
257 261 65
257 261 66
257 261 67
257 261 68
257 262 69
257 262 70
257 263 71
257 262 72
257 262 73
257 261 74
257 262 75
257 262 76
257 261 77
257 261 78
257 260 79
256 259 80
257 260 81
257 261 82
257 262 83
257 262 84
257 262 85
257 261 86
256 261 87
255 261 88
255 260 89
255 260 90
255 261 91
256 262 92
257 263 93
256 264 94
257 264 95
258 264 96
257 264 97
256 264 98
256 265 99
257 264 100
256 264 101
256 264 102
257 263 103
256 262 104
256 261 105
257 262 106
257 263 107
257 264 108
257 265 109
256 266 110
256 266 111
256 266 112
256 266 113
255 267 114
255 268 115
255 269 116
255 270 117
254 271 118
253 272 119
253 273 120
252 274 121
253 275 121
254 276 122
253 277 123
253 277 124
253 278 125
254 279 126
253 279 127
253 279 128
253 280 129
254 281 130
254 281 131
253 282 132
254 283 133
253 283 134
253 284 135
254 285 136
254 286 137
253 286 138
253 287 139
254 288 140
253 288 141
253 289 142
252 289 143
252 290 144
253 291 144
254 290 144
255 290 144
256 290 144
257 290 144
258 291 145
259 292 146
128
257 257 24
257 257 25
257 257 26
257 257 27
257 258 28
257 258 29
257 258 30
257 258 31
257 258 32
257 258 33
257 258 34
257 258 35
257 258 36
257 259 37
257 259 38
257 259 39
257 259 40
257 259 41
258 260 42
257 260 43
258 261 44
257 260 45
257 260 46
257 260 47
257 259 48
258 260 49
257 259 50
257 259 51
257 259 52
257 259 53
257 259 54
257 259 55
257 259 56
257 259 57
257 260 58
257 260 59
257 260 60
257 260 61
257 261 62
257 261 63
257 261 64
257 261 65
257 261 66
257 261 67
257 261 68
257 262 69
257 262 70
257 263 71
257 262 72
257 262 73
257 261 74
257 262 75
257 262 76
257 261 77
257 261 78
257 260 79
256 259 80
257 260 81
257 261 82
257 262 83
257 262 84
257 262 85
257 261 86
256 261 87
255 261 88
255 260 89
255 260 90
255 261 91
256 262 92
257 263 93
256 264 94
257 264 95
258 264 96
257 264 97
256 264 98
256 265 99
257 264 100
256 264 101
256 264 102
257 263 103
256 262 104
256 261 105
257 262 106
257 263 107
257 264 108
257 265 109
256 266 110
256 266 111
256 266 112
256 266 113
255 267 114
255 268 115
255 269 116
255 270 117
254 270 118
254 269 119
253 268 120
253 267 121
253 266 122
254 266 123
255 266 124
256 266 125
257 265 125
258 265 126
258 265 127
259 265 128
259 265 129
260 264 130
259 265 131
258 266 132
257 266 133
256 267 134
256 268 135
256 268 136
255 269 137
256 270 138
257 271 138
258 272 138
258 273 138
258 274 138
259 275 138
260 276 138
260 277 139
261 278 140
262 279 141
262 279 142
262 280 143
263 280 154
127
257 257 24
257 257 25
257 257 26
257 257 27
257 258 28
257 258 29
257 258 30
257 258 31
257 258 32
257 258 33
257 258 34
257 258 35
257 258 36
257 259 37
257 259 38
257 259 39
257 259 40
257 259 41
258 260 42
257 260 43
258 261 44
257 260 45
257 260 46
257 260 47
257 259 48
258 260 49
257 259 50
257 259 51
257 259 52
257 259 53
257 259 54
257 259 55
257 259 56
257 259 57
257 260 58
257 260 59
257 260 60
257 260 61
257 261 62
257 261 63
257 261 64
257 261 65
257 261 66
257 261 67
257 261 68
257 262 69
257 262 70
257 263 71
257 262 72
257 262 73
257 261 74
257 262 75
257 262 76
257 261 77
257 261 78
257 260 79
256 259 80
257 260 81
257 261 82
257 262 83
257 262 84
257 262 85
257 261 86
256 261 87
255 261 88
255 260 89
255 260 90
255 261 91
256 262 92
257 263 93
256 264 94
257 264 95
258 264 96
257 264 97
256 264 98
256 265 99
257 264 100
256 264 101
256 264 102
257 263 103
256 262 104
256 261 105
257 262 106
257 263 107
257 264 108
257 265 109
256 266 110
256 266 111
256 266 112
256 266 113
255 267 114
255 268 115
255 269 116
255 270 117
254 270 118
254 269 119
253 268 120
253 267 121
253 266 122
254 266 123
255 266 124
256 266 125
257 265 125
258 265 126
258 265 127
259 265 128
259 265 129
260 264 130
259 265 131
258 266 132
257 266 133
256 267 134
256 268 135
256 268 136
255 269 137
256 270 138
257 271 138
258 272 138
258 273 138
258 274 138
259 275 138
260 276 138
260 277 139
261 278 140
262 279 141
262 279 142
262 280 143
126
257 257 24
257 257 25
257 257 26
257 257 27
257 258 28
257 258 29
257 258 30
257 258 31
257 258 32
257 258 33
257 258 34
257 258 35
257 258 36
257 259 37
257 259 38
257 259 39
257 259 40
257 259 41
258 260 42
257 260 43
258 261 44
257 260 45
257 260 46
257 260 47
257 259 48
258 260 49
257 259 50
257 259 51
257 259 52
257 259 53
257 259 54
257 259 55
257 259 56
257 259 57
257 260 58
257 260 59
257 260 60
257 260 61
257 261 62
257 261 63
257 261 64
257 261 65
257 261 66
257 261 67
257 261 68
257 262 69
257 262 70
257 263 71
257 262 72
257 262 73
257 261 74
257 262 75
257 262 76
257 261 77
257 261 78
257 260 79
256 259 80
255 258 79
255 257 80
255 256 81
256 255 82
256 255 83
256 255 84
257 255 85
257 254 86
256 254 87
256 254 88
257 253 89
256 253 90
257 253 91
256 253 92
256 253 93
257 253 94
257 253 95
257 252 96
257 252 97
258 253 98
257 253 99
256 252 100
256 251 101
256 251 102
257 250 103
257 250 104
257 250 105
257 250 106
257 249 107
256 249 108
257 249 109
258 249 110
257 248 111
257 249 112
258 248 113
258 247 114
258 248 115
257 248 116
258 247 117
258 246 118
259 246 119
258 245 120
258 244 121
258 244 122
259 244 123
259 243 124
259 244 125
260 244 126
261 244 127
261 244 128
260 244 129
260 243 130
259 242 131
260 241 130
261 241 131
260 240 132
260 239 133
260 238 133
260 237 134
261 236 135
262 236 136
263 237 135
264 238 136
263 240 141
262 239 142
263 239 143
263 238 144
263 237 145
264 237 146
123
257 257 24
257 257 25
257 257 26
257 257 27
257 258 28
257 258 29
257 258 30
257 258 31
257 258 32
257 258 33
257 258 34
257 258 35
257 258 36
257 259 37
257 259 38
257 259 39
257 259 40
257 259 41
258 260 42
257 260 43
258 261 44
257 260 45
257 260 46
257 260 47
257 259 48
258 260 49
257 259 50
257 259 51
257 259 52
257 259 53
257 259 54
257 259 55
257 259 56
257 259 57
257 260 58
257 260 59
257 260 60
257 260 61
257 261 62
257 261 63
257 261 64
257 261 65
257 261 66
257 261 67
257 261 68
257 262 69
257 262 70
257 263 71
257 262 72
257 262 73
257 261 74
257 262 75
257 262 76
257 261 77
257 261 78
257 260 79
256 259 80
257 260 81
257 261 82
257 262 83
257 262 84
257 262 85
257 261 86
256 261 87
255 261 88
255 260 89
255 260 90
255 261 91
256 262 92
257 263 93
256 264 94
257 264 95
258 264 96
257 264 97
256 264 98
256 265 99
257 264 100
256 264 101
256 264 102
257 263 103
256 262 104
256 261 105
257 262 106
257 263 107
257 264 108
257 265 109
256 266 110
256 266 111
256 266 112
256 266 113
255 267 114
255 268 115
255 269 116
255 270 117
254 270 118
254 269 119
253 268 120
253 267 121
253 266 122
254 266 123
255 266 124
256 266 125
257 265 125
258 265 126
258 265 127
259 265 128
259 265 129
260 264 130
261 264 131
262 264 132
263 265 133
264 266 134
264 267 135
265 268 136
266 269 137
266 269 138
266 269 139
266 268 140
266 268 141
267 269 142
267 269 143
268 269 144
268 269 145
122
257 257 24
257 257 25
257 257 26
257 257 27
257 258 28
257 258 29
257 258 30
257 258 31
257 258 32
257 258 33
257 258 34
257 258 35
257 258 36
257 259 37
257 259 38
257 259 39
257 259 40
257 259 41
258 260 42
257 260 43
258 261 44
257 260 45
257 260 46
257 260 47
257 259 48
258 260 49
257 259 50
257 259 51
257 259 52
257 259 53
257 259 54
257 259 55
257 259 56
257 259 57
257 260 58
257 260 59
257 260 60
257 260 61
257 261 62
257 261 63
257 261 64
257 261 65
257 261 66
257 261 67
257 261 68
257 262 69
257 262 70
257 263 71
257 262 72
257 262 73
257 261 74
257 262 75
257 262 76
257 261 77
257 261 78
257 260 79
256 259 80
255 258 79
255 257 80
255 256 81
256 255 82
256 255 83
256 255 84
257 255 85
257 254 86
256 254 87
256 254 88
257 253 89
256 253 90
257 253 91
256 253 92
256 253 93
257 253 94
257 253 95
257 252 96
257 252 97
258 253 98
257 253 99
256 252 100
256 251 101
256 251 102
257 250 103
257 250 104
257 250 105
257 250 106
257 249 107
256 249 108
257 249 109
258 249 110
257 248 111
257 249 112
258 248 113
258 247 114
258 248 115
257 248 116
258 247 117
258 246 118
259 246 119
258 245 120
258 244 121
258 244 122
259 244 123
259 243 124
259 244 125
260 244 126
261 244 127
261 244 128
260 244 129
260 243 130
259 242 131
260 241 130
261 241 131
260 240 132
260 239 133
260 238 133
260 237 134
261 236 135
262 235 136
263 234 137
264 235 137
265 236 137
266 237 137
122
257 257 24
257 257 25
257 257 26
257 257 27
257 258 28
257 258 29
257 258 30
257 258 31
257 258 32
257 258 33
257 258 34
257 258 35
257 258 36
257 259 37
257 259 38
257 259 39
257 259 40
257 259 41
258 260 42
257 260 43
258 261 44
257 260 45
257 260 46
257 260 47
257 259 48
258 260 49
257 259 50
257 259 51
257 259 52
257 259 53
257 259 54
257 259 55
257 259 56
257 259 57
257 260 58
257 260 59
257 260 60
257 260 61
257 261 62
257 261 63
257 261 64
257 261 65
257 261 66
257 261 67
257 261 68
257 262 69
257 262 70
257 263 71
257 262 72
257 262 73
257 261 74
257 262 75
257 262 76
257 261 77
257 261 78
257 260 79
256 259 80
257 260 81
257 261 82
257 262 83
257 262 84
257 262 85
257 261 86
256 261 87
255 261 88
255 260 89
255 260 90
255 261 91
256 262 92
257 263 93
256 264 94
257 264 95
258 264 96
257 264 97
256 264 98
256 265 99
257 264 100
256 264 101
256 264 102
257 263 103
256 262 104
256 261 105
257 262 106
257 263 107
257 264 108
257 265 109
256 266 110
256 266 111
256 266 112
256 266 113
255 267 114
255 268 115
255 269 116
255 270 117
254 270 118
254 269 119
253 268 120
253 267 121
253 266 122
254 266 123
255 266 124
256 266 125
257 265 125
258 265 126
258 265 127
259 265 128
259 265 129
260 264 130
261 264 131
262 264 132
263 265 133
264 266 134
264 267 135
265 268 136
266 269 137
267 270 137
267 271 137
268 272 138
267 273 138
266 274 138
267 275 139
267 276 140
121
257 257 24
257 257 25
257 257 26
257 257 27
257 258 28
257 258 29
257 258 30
257 258 31
257 258 32
257 258 33
257 258 34
257 258 35
257 258 36
257 259 37
257 259 38
257 259 39
257 259 40
257 259 41
258 260 42
257 260 43
258 261 44
257 260 45
257 260 46
257 260 47
257 259 48
258 260 49
257 259 50
257 259 51
257 259 52
257 259 53
257 259 54
257 259 55
257 259 56
257 259 57
257 260 58
257 260 59
257 260 60
257 260 61
257 261 62
257 261 63
257 261 64
257 261 65
257 261 66
257 261 67
257 261 68
257 262 69
257 262 70
257 263 71
257 262 72
257 262 73
257 261 74
257 262 75
257 262 76
257 261 77
257 261 78
257 260 79
256 259 80
255 258 79
255 257 80
255 256 81
256 255 82
256 255 83
256 255 84
257 255 85
257 254 86
256 254 87
256 254 88
257 253 89
256 253 90
257 253 91
256 253 92
256 253 93
257 253 94
257 253 95
257 252 96
257 252 97
258 253 98
257 253 99
256 252 100
256 251 101
256 251 102
257 250 103
257 250 104
257 250 105
257 250 106
257 249 107
256 249 108
257 249 109
258 249 110
257 248 111
257 249 112
258 248 113
258 247 114
258 248 115
257 248 116
258 247 117
258 246 118
259 246 119
258 245 120
258 244 121
258 244 122
259 244 123
259 243 124
259 244 125
260 244 126
261 244 127
261 244 128
260 244 129
260 243 130
259 242 131
260 241 130
261 241 131
260 240 132
260 239 133
260 238 133
260 237 134
261 236 135
262 236 136
263 237 135
264 238 136
263 240 141
121
257 257 24
257 257 25
257 257 26
257 257 27
257 258 28
257 258 29
257 258 30
257 258 31
257 258 32
257 258 33
257 258 34
257 258 35
257 258 36
257 259 37
257 259 38
257 259 39
257 259 40
257 259 41
258 260 42
257 260 43
258 261 44
257 260 45
257 260 46
257 260 47
257 259 48
258 260 49
257 259 50
257 259 51
257 259 52
257 259 53
257 259 54
257 259 55
257 259 56
257 259 57
257 260 58
257 260 59
257 260 60
257 260 61
257 261 62
257 261 63
257 261 64
257 261 65
257 261 66
257 261 67
257 261 68
257 262 69
257 262 70
257 263 71
257 262 72
257 262 73
257 261 74
257 262 75
257 262 76
257 261 77
257 261 78
257 260 79
256 259 80
255 258 79
255 257 80
255 256 81
256 255 82
256 255 83
256 255 84
257 255 85
257 254 86
256 254 87
256 254 88
257 253 89
256 253 90
257 253 91
256 253 92
256 253 93
257 253 94
257 253 95
257 252 96
257 252 97
258 253 98
257 253 99
256 252 100
256 251 101
256 251 102
257 250 103
257 250 104
257 250 105
257 250 106
257 249 107
256 249 108
257 249 109
258 249 110
257 248 111
257 249 112
258 248 113
258 247 114
258 248 115
257 248 116
258 247 117
258 246 118
259 246 119
258 245 120
258 244 121
258 244 122
259 244 123
259 243 124
259 244 125
260 244 126
261 244 127
261 244 128
260 244 129
260 243 130
259 242 131
260 241 130
261 241 131
260 240 132
260 239 133
260 238 133
260 237 134
261 236 135
262 236 136
263 237 135
264 238 136
265 238 136
114
257 257 24
257 257 25
257 257 26
257 257 27
257 258 28
257 258 29
257 258 30
257 258 31
257 258 32
257 258 33
257 258 34
257 258 35
257 258 36
257 259 37
257 259 38
257 259 39
257 259 40
257 259 41
258 260 42
257 260 43
258 261 44
257 260 45
257 260 46
257 260 47
257 259 48
258 260 49
257 259 50
257 259 51
257 259 52
257 259 53
257 259 54
257 259 55
257 259 56
257 259 57
257 260 58
257 260 59
257 260 60
257 260 61
257 261 62
257 261 63
257 261 64
257 261 65
257 261 66
257 261 67
257 261 68
257 262 69
257 262 70
257 263 71
257 262 72
257 262 73
257 261 74
257 262 75
257 262 76
257 261 77
257 261 78
257 260 79
256 259 80
255 258 79
255 257 80
255 256 81
256 255 82
256 255 83
256 255 84
257 255 85
257 254 86
256 254 87
256 254 88
257 253 89
256 253 90
257 253 91
256 253 92
256 253 93
257 253 94
257 253 95
257 252 96
257 252 97
258 253 98
257 253 99
256 252 100
256 251 101
256 251 102
257 250 103
257 250 104
257 250 105
257 250 106
257 249 107
256 249 108
257 249 109
258 249 110
257 248 111
257 249 112
258 248 113
258 247 114
258 248 115
257 248 116
258 247 117
258 246 118
259 246 119
258 245 120
258 244 121
258 244 122
259 244 123
259 243 124
259 244 125
260 244 126
261 244 127
261 244 128
260 244 129
260 243 130
259 242 131
260 241 130
261 241 131
262 241 132
262 242 133
114
257 257 24
257 257 25
257 257 26
257 257 27
257 258 28
257 258 29
257 258 30
257 258 31
257 258 32
257 258 33
257 258 34
257 258 35
257 258 36
257 259 37
257 259 38
257 259 39
257 259 40
257 259 41
258 260 42
257 260 43
258 261 44
257 260 45
257 260 46
257 260 47
257 259 48
258 260 49
257 259 50
257 259 51
257 259 52
257 259 53
257 259 54
257 259 55
257 259 56
257 259 57
257 260 58
257 260 59
257 260 60
257 260 61
257 261 62
257 261 63
257 261 64
257 261 65
257 261 66
257 261 67
257 261 68
257 262 69
257 262 70
257 263 71
257 262 72
257 262 73
257 261 74
257 262 75
257 262 76
257 261 77
257 261 78
257 260 79
256 259 80
255 258 79
255 257 80
255 256 81
256 255 82
256 255 83
256 255 84
257 255 85
257 254 86
256 254 87
256 254 88
257 253 89
256 253 90
257 253 91
256 253 92
256 253 93
257 253 94
257 253 95
257 252 96
257 252 97
258 253 98
257 253 99
256 252 100
256 251 101
256 251 102
257 250 103
257 250 104
257 250 105
257 250 106
257 249 107
256 249 108
257 249 109
258 249 110
257 248 111
257 249 112
258 248 113
258 247 114
258 248 115
257 248 116
258 247 117
258 246 118
259 246 119
258 245 120
258 244 121
258 244 122
259 244 123
259 243 124
259 244 125
260 244 126
261 244 127
261 244 128
260 244 129
259 244 130
260 244 131
261 244 132
262 244 133
262 243 134
263 243 135
111
257 257 24
257 257 25
257 257 26
257 257 27
257 258 28
257 258 29
257 258 30
257 258 31
257 258 32
257 258 33
257 258 34
257 258 35
257 258 36
257 259 37
257 259 38
257 259 39
257 259 40
257 259 41
258 260 42
257 260 43
258 261 44
257 260 45
257 260 46
257 260 47
257 259 48
258 260 49
257 259 50
257 259 51
257 259 52
257 259 53
257 259 54
257 259 55
257 259 56
257 259 57
257 260 58
257 260 59
257 260 60
257 260 61
257 261 62
257 261 63
257 261 64
257 261 65
257 261 66
257 261 67
257 261 68
257 262 69
257 262 70
257 263 71
257 262 72
257 262 73
257 261 74
257 262 75
257 262 76
257 261 77
257 261 78
257 260 79
256 259 80
257 260 81
257 261 82
257 262 83
257 262 84
257 262 85
257 261 86
256 261 87
255 261 88
255 260 89
255 260 90
255 261 91
256 262 92
257 263 93
256 264 94
257 264 95
258 264 96
257 264 97
256 264 98
256 265 99
257 264 100
256 264 101
256 264 102
257 263 103
256 262 104
256 261 105
257 260 106
256 259 107
256 258 108
256 257 109
255 256 110
256 256 111
256 256 112
256 255 113
256 255 114
256 254 115
255 254 116
254 253 117
255 253 118
256 252 119
255 252 120
255 252 121
254 251 122
254 251 123
254 251 124
254 250 125
254 250 126
254 249 127
254 249 128
254 249 129
254 248 130
254 247 131
255 246 131
256 245 130
257 244 129
111
257 257 24
257 257 25
257 257 26
257 257 27
257 258 28
257 258 29
257 258 30
257 258 31
257 258 32
257 258 33
257 258 34
257 258 35
257 258 36
257 259 37
257 259 38
257 259 39
257 259 40
257 259 41
258 260 42
257 260 43
258 261 44
257 260 45
257 260 46
257 260 47
257 259 48
258 260 49
257 259 50
257 259 51
257 259 52
257 259 53
257 259 54
257 259 55
257 259 56
257 259 57
257 260 58
257 260 59
257 260 60
257 260 61
257 261 62
257 261 63
257 261 64
257 261 65
257 261 66
257 261 67
257 261 68
257 262 69
257 262 70
257 263 71
257 262 72
257 262 73
257 261 74
257 262 75
257 262 76
257 261 77
257 261 78
257 260 79
256 259 80
255 258 79
255 257 80
255 256 81
256 255 82
256 255 83
256 255 84
257 255 85
257 254 86
256 254 87
256 254 88
257 253 89
256 253 90
257 253 91
256 253 92
256 253 93
257 253 94
257 253 95
257 252 96
257 252 97
258 253 98
257 253 99
256 252 100
256 251 101
256 251 102
257 250 103
257 250 104
257 250 105
257 250 106
257 249 107
256 249 108
257 249 109
258 249 110
257 248 111
257 249 112
258 248 113
258 247 114
258 248 115
257 248 116
258 247 117
258 246 118
259 246 119
258 245 120
258 244 121
258 244 122
259 244 123
259 243 124
259 244 125
260 244 126
261 244 127
261 244 128
260 244 129
260 243 130
259 242 131
259 243 132
110
257 257 24
257 257 25
257 257 26
257 257 27
257 258 28
257 258 29
257 258 30
257 258 31
257 258 32
257 258 33
257 258 34
257 258 35
257 258 36
257 259 37
257 259 38
257 259 39
257 259 40
257 259 41
258 260 42
257 260 43
258 261 44
257 260 45
257 260 46
257 260 47
257 259 48
258 260 49
257 259 50
257 259 51
257 259 52
257 259 53
257 259 54
257 259 55
257 259 56
257 259 57
257 260 58
257 260 59
257 260 60
257 260 61
257 261 62
257 261 63
257 261 64
257 261 65
257 261 66
257 261 67
257 261 68
257 262 69
257 262 70
257 263 71
257 262 72
257 262 73
257 261 74
257 262 75
257 262 76
257 261 77
257 261 78
257 260 79
256 259 80
257 260 81
257 261 82
257 262 83
257 262 84
257 262 85
257 261 86
256 261 87
255 261 88
255 260 89
255 260 90
255 261 91
256 262 92
257 263 93
256 264 94
257 264 95
258 264 96
257 264 97
256 264 98
256 265 99
257 264 100
256 264 101
256 264 102
257 263 103
256 262 104
256 261 105
257 260 106
256 259 107
256 258 108
256 257 109
255 256 110
256 256 111
256 256 112
256 255 113
256 255 114
256 254 115
255 254 116
254 253 117
255 253 118
256 252 119
255 252 120
255 252 121
254 251 122
254 251 123
254 251 124
254 250 125
254 250 126
254 249 127
254 249 128
254 249 129
255 249 130
256 248 131
257 249 131
258 249 131
110
257 257 24
257 257 25
257 257 26
257 257 27
257 258 28
257 258 29
257 258 30
257 258 31
257 258 32
257 258 33
257 258 34
257 258 35
257 258 36
257 259 37
257 259 38
257 259 39
257 259 40
257 259 41
258 260 42
257 260 43
258 261 44
257 260 45
257 260 46
257 260 47
257 259 48
258 260 49
257 259 50
257 259 51
257 259 52
257 259 53
257 259 54
257 259 55
257 259 56
257 259 57
257 260 58
257 260 59
257 260 60
257 260 61
257 261 62
257 261 63
257 261 64
257 261 65
257 261 66
257 261 67
257 261 68
257 262 69
257 262 70
257 263 71
257 262 72
257 262 73
257 261 74
257 262 75
257 262 76
257 261 77
257 261 78
257 260 79
256 259 80
255 258 79
255 257 80
255 256 81
256 255 82
256 255 83
256 255 84
257 255 85
257 254 86
256 254 87
256 254 88
257 253 89
256 253 90
257 253 91
256 253 92
256 253 93
257 253 94
257 253 95
257 252 96
257 252 97
258 253 98
257 253 99
256 252 100
256 251 101
256 251 102
257 250 103
257 250 104
257 250 105
257 250 106
257 249 107
256 249 108
257 249 109
258 249 110
257 248 111
257 249 112
258 248 113
258 247 114
258 248 115
257 248 116
258 247 117
258 246 118
259 246 119
260 247 120
260 248 121
261 249 122
261 249 123
260 248 124
261 247 125
261 248 126
260 247 127
260 247 128
261 247 129
260 248 130
259 249 131
109
257 257 24
257 257 25
257 257 26
257 257 27
257 258 28
257 258 29
257 258 30
257 258 31
257 258 32
257 258 33
257 258 34
257 258 35
257 258 36
257 259 37
257 259 38
257 259 39
257 259 40
257 259 41
258 260 42
257 260 43
258 261 44
257 260 45
257 260 46
257 260 47
257 259 48
258 260 49
257 259 50
257 259 51
257 259 52
257 259 53
257 259 54
257 259 55
257 259 56
257 259 57
257 260 58
257 260 59
257 260 60
257 260 61
257 261 62
257 261 63
257 261 64
257 261 65
257 261 66
257 261 67
257 261 68
257 262 69
257 262 70
257 263 71
257 262 72
257 262 73
257 261 74
257 262 75
257 262 76
257 261 77
257 261 78
257 260 79
256 259 80
257 260 81
257 261 82
257 262 83
257 262 84
257 262 85
257 261 86
256 261 87
255 261 88
255 260 89
255 260 90
255 261 91
256 262 92
257 263 93
256 264 94
257 264 95
258 264 96
257 264 97
256 264 98
256 265 99
257 264 100
256 264 101
256 264 102
257 263 103
256 262 104
256 261 105
257 262 106
257 263 107
257 264 108
257 265 109
256 266 110
256 266 111
256 266 112
256 266 113
255 267 114
255 268 115
255 269 116
255 270 117
254 271 118
253 272 119
254 273 119
253 274 118
252 275 118
251 276 119
251 277 118
250 278 117
249 279 117
250 280 117
249 281 118
249 282 119
249 283 120
248 283 121
248 284 122
106
257 257 24
257 257 25
257 257 26
257 257 27
257 258 28
257 258 29
257 258 30
257 258 31
257 258 32
257 258 33
257 258 34
257 258 35
257 258 36
257 259 37
257 259 38
257 259 39
257 259 40
257 259 41
258 260 42
257 260 43
258 261 44
257 260 45
257 260 46
257 260 47
257 259 48
258 260 49
257 259 50
257 259 51
257 259 52
257 259 53
257 259 54
257 259 55
257 259 56
257 259 57
257 260 58
257 260 59
257 260 60
257 260 61
257 261 62
257 261 63
257 261 64
257 261 65
257 261 66
257 261 67
257 261 68
257 262 69
257 262 70
257 263 71
257 262 72
257 262 73
257 261 74
257 262 75
257 262 76
257 261 77
257 261 78
257 260 79
256 259 80
257 260 81
257 261 82
257 262 83
257 262 84
257 262 85
257 261 86
256 261 87
255 261 88
255 260 89
255 260 90
255 261 91
256 262 92
257 263 93
256 264 94
257 264 95
258 264 96
257 264 97
256 264 98
256 265 99
257 264 100
256 264 101
256 264 102
257 263 103
256 262 104
256 261 105
257 262 106
257 263 107
257 264 108
257 265 109
256 266 110
256 266 111
256 266 112
257 265 113
258 265 114
259 265 113
259 265 112
260 265 111
261 266 110
262 266 109
263 266 108
264 265 108
265 266 107
266 267 106
265 268 105
266 269 105
267 270 105
266 271 106
266 272 106
266 273 106
105
257 257 24
257 257 25
257 257 26
257 257 27
257 258 28
257 258 29
257 258 30
257 258 31
257 258 32
257 258 33
257 258 34
257 258 35
257 258 36
257 259 37
257 259 38
257 259 39
257 259 40
257 259 41
258 260 42
257 260 43
258 261 44
257 260 45
257 260 46
257 260 47
257 259 48
258 260 49
257 259 50
257 259 51
257 259 52
257 259 53
257 259 54
257 259 55
257 259 56
257 259 57
257 260 58
257 260 59
257 260 60
257 260 61
257 261 62
257 261 63
257 261 64
257 261 65
257 261 66
257 261 67
257 261 68
257 262 69
257 262 70
257 263 71
257 262 72
257 262 73
257 261 74
257 262 75
257 262 76
257 261 77
257 261 78
257 260 79
256 259 80
255 258 79
255 257 80
255 256 81
256 255 82
256 255 83
256 255 84
257 255 85
257 254 86
256 254 87
256 254 88
257 253 89
256 253 90
257 253 91
256 253 92
256 253 93
257 253 94
257 253 95
257 252 96
257 252 97
258 253 98
257 253 99
256 252 100
256 251 101
256 251 102
257 250 103
257 250 104
257 250 105
257 250 106
257 249 107
256 249 108
257 249 109
258 249 110
257 248 111
257 249 112
258 248 113
258 247 114
258 248 115
257 248 116
258 247 117
258 246 118
259 246 119
258 245 120
258 244 121
258 244 122
259 244 123
260 245 123
261 246 123
262 246 124
105
257 257 24
257 257 25
257 257 26
257 257 27
257 258 28
257 258 29
257 258 30
257 258 31
257 258 32
257 258 33
257 258 34
257 258 35
257 258 36
257 259 37
257 259 38
257 259 39
257 259 40
257 259 41
258 260 42
257 260 43
258 261 44
257 260 45
257 260 46
257 260 47
257 259 48
258 260 49
257 259 50
257 259 51
257 259 52
257 259 53
257 259 54
257 259 55
257 259 56
257 259 57
257 260 58
257 260 59
257 260 60
257 260 61
257 261 62
257 261 63
257 261 64
257 261 65
257 261 66
257 261 67
257 261 68
257 262 69
257 262 70
257 263 71
257 262 72
257 262 73
257 261 74
257 262 75
257 262 76
257 261 77
257 261 78
257 260 79
256 259 80
257 260 81
257 261 82
257 262 83
257 262 84
257 262 85
257 261 86
256 261 87
255 261 88
255 260 89
255 260 90
255 261 91
256 262 92
257 263 93
256 264 94
257 264 95
258 264 96
257 264 97
256 264 98
256 265 99
257 264 100
256 264 101
256 264 102
257 263 103
256 262 104
256 261 105
257 262 106
257 263 107
257 264 108
257 265 109
256 266 110
256 266 111
256 266 112
256 266 113
255 267 114
255 268 115
255 269 116
255 270 117
254 271 118
253 272 119
254 273 119
253 274 118
254 275 117
254 276 116
253 277 115
252 278 114
252 279 115
253 280 116
254 281 117
105
257 257 24
257 257 25
257 257 26
257 257 27
257 258 28
257 258 29
257 258 30
257 258 31
257 258 32
257 258 33
257 258 34
257 258 35
257 258 36
257 259 37
257 259 38
257 259 39
257 259 40
257 259 41
258 260 42
257 260 43
258 261 44
257 260 45
257 260 46
257 260 47
257 259 48
258 260 49
257 259 50
257 259 51
257 259 52
257 259 53
257 259 54
257 259 55
257 259 56
257 259 57
257 260 58
257 260 59
257 260 60
257 260 61
257 261 62
257 261 63
257 261 64
257 261 65
257 261 66
257 261 67
257 261 68
257 262 69
257 262 70
257 263 71
257 262 72
257 262 73
257 261 74
257 262 75
257 262 76
257 261 77
257 261 78
257 260 79
256 259 80
257 260 81
257 261 82
257 262 83
257 262 84
257 262 85
257 261 86
256 261 87
255 261 88
255 260 89
255 260 90
255 261 91
256 262 92
257 263 93
256 264 94
257 264 95
258 264 96
257 264 97
256 264 98
256 265 99
257 264 100
256 264 101
256 264 102
257 263 103
256 262 104
256 261 105
257 262 106
257 263 107
257 264 108
257 265 109
256 266 110
256 266 111
256 266 112
256 266 113
255 267 114
255 268 115
255 269 116
255 270 117
254 271 118
253 272 119
254 273 119
253 274 118
252 275 118
251 276 119
251 277 118
250 278 117
249 279 117
250 280 117
251 281 117
105
257 257 24
257 257 25
257 257 26
257 257 27
257 258 28
257 258 29
257 258 30
257 258 31
257 258 32
257 258 33
257 258 34
257 258 35
257 258 36
257 259 37
257 259 38
257 259 39
257 259 40
257 259 41
258 260 42
257 260 43
258 261 44
257 260 45
257 260 46
257 260 47
257 259 48
258 260 49
257 259 50
257 259 51
257 259 52
257 259 53
257 259 54
257 259 55
257 259 56
257 259 57
257 260 58
257 260 59
257 260 60
257 260 61
257 261 62
257 261 63
257 261 64
257 261 65
257 261 66
257 261 67
257 261 68
257 262 69
257 262 70
257 263 71
257 262 72
257 262 73
257 261 74
257 262 75
257 262 76
257 261 77
257 261 78
257 260 79
256 259 80
257 260 81
257 261 82
257 262 83
257 262 84
257 262 85
257 261 86
256 261 87
255 261 88
255 260 89
255 260 90
255 261 91
256 262 92
257 263 93
256 264 94
257 264 95
258 264 96
257 264 97
256 264 98
256 265 99
257 264 100
256 264 101
256 264 102
257 263 103
256 262 104
256 261 105
257 262 106
257 263 107
257 264 108
257 265 109
256 266 110
256 266 111
256 266 112
256 266 113
255 267 114
255 268 115
255 269 116
255 270 117
254 271 118
253 272 119
253 273 120
252 274 121
253 275 121
254 276 122
254 277 121
255 278 120
254 279 120
253 280 119
252 281 118
105
257 257 24
257 257 25
257 257 26
257 257 27
257 258 28
257 258 29
257 258 30
257 258 31
257 258 32
257 258 33
257 258 34
257 258 35
257 258 36
257 259 37
257 259 38
257 259 39
257 259 40
257 259 41
258 260 42
257 260 43
258 261 44
257 260 45
257 260 46
257 260 47
257 259 48
258 260 49
257 259 50
257 259 51
257 259 52
257 259 53
257 259 54
257 259 55
257 259 56
257 259 57
257 260 58
257 260 59
257 260 60
257 260 61
257 261 62
257 261 63
257 261 64
257 261 65
257 261 66
257 261 67
257 261 68
257 262 69
257 262 70
257 263 71
257 262 72
257 262 73
257 261 74
257 262 75
257 262 76
257 261 77
257 261 78
257 260 79
256 259 80
257 260 81
257 261 82
257 262 83
257 262 84
257 262 85
257 261 86
256 261 87
255 261 88
255 260 89
255 260 90
255 261 91
256 262 92
257 263 93
256 264 94
257 264 95
258 264 96
257 264 97
256 264 98
256 265 99
257 264 100
256 264 101
256 264 102
257 263 103
256 262 104
256 261 105
257 262 106
257 263 107
257 264 108
257 265 109
256 266 110
256 266 111
256 266 112
256 266 113
255 267 114
255 268 115
255 269 116
255 270 117
254 271 118
253 272 119
254 273 119
253 274 118
252 274 118
251 275 118
250 276 118
249 277 118
248 278 117
247 279 118
247 280 119
104
257 257 24
257 257 25
257 257 26
257 257 27
257 258 28
257 258 29
257 258 30
257 258 31
257 258 32
257 258 33
257 258 34
257 258 35
257 258 36
257 259 37
257 259 38
257 259 39
257 259 40
257 259 41
258 260 42
257 260 43
258 261 44
257 260 45
257 260 46
257 260 47
257 259 48
258 260 49
257 259 50
257 259 51
257 259 52
257 259 53
257 259 54
257 259 55
257 259 56
257 259 57
257 260 58
257 260 59
257 260 60
257 260 61
257 261 62
257 261 63
257 261 64
257 261 65
257 261 66
257 261 67
257 261 68
257 262 69
257 262 70
257 263 71
257 262 72
257 262 73
257 261 74
257 262 75
257 262 76
257 261 77
257 261 78
257 260 79
256 259 80
257 260 81
257 261 82
257 262 83
257 262 84
257 262 85
257 261 86
256 261 87
255 261 88
255 260 89
255 260 90
255 261 91
256 262 92
257 263 93
256 264 94
257 264 95
258 264 96
257 264 97
256 264 98
256 265 99
257 264 100
256 264 101
256 264 102
257 263 103
256 262 104
256 261 105
257 262 106
257 263 107
257 264 108
257 265 109
256 266 110
256 266 111
256 266 112
256 266 113
255 267 114
255 268 115
255 269 116
255 270 117
254 271 118
253 272 119
253 273 120
252 274 121
253 275 121
254 276 122
254 277 121
255 278 120
256 279 119
255 280 118
104
257 257 24
257 257 25
257 257 26
257 257 27
257 258 28
257 258 29
257 258 30
257 258 31
257 258 32
257 258 33
257 258 34
257 258 35
257 258 36
257 259 37
257 259 38
257 259 39
257 259 40
257 259 41
258 260 42
257 260 43
258 261 44
257 260 45
257 260 46
257 260 47
257 259 48
258 260 49
257 259 50
257 259 51
257 259 52
257 259 53
257 259 54
257 259 55
257 259 56
257 259 57
257 260 58
257 260 59
257 260 60
257 260 61
257 261 62
257 261 63
257 261 64
257 261 65
257 261 66
257 261 67
257 261 68
257 262 69
257 262 70
257 263 71
257 262 72
257 262 73
257 261 74
257 262 75
257 262 76
257 261 77
257 261 78
257 260 79
256 259 80
257 260 81
257 261 82
257 262 83
257 262 84
257 262 85
257 261 86
256 261 87
255 261 88
255 260 89
255 260 90
255 261 91
256 262 92
257 263 93
256 264 94
257 264 95
258 264 96
257 264 97
256 264 98
256 265 99
257 264 100
256 264 101
256 264 102
257 263 103
256 262 104
256 261 105
257 262 106
257 263 107
257 264 108
257 265 109
256 266 110
256 266 111
256 266 112
256 266 113
255 267 114
255 268 115
255 269 116
255 270 117
254 271 118
253 272 119
254 273 119
253 274 118
252 274 118
251 275 118
250 276 118
249 277 118
248 278 119
248 279 120
100
257 257 24
257 257 25
257 257 26
257 257 27
257 258 28
257 258 29
257 258 30
257 258 31
257 258 32
257 258 33
257 258 34
257 258 35
257 258 36
257 259 37
257 259 38
257 259 39
257 259 40
257 259 41
258 260 42
257 260 43
258 261 44
257 260 45
257 260 46
257 260 47
257 259 48
258 260 49
257 259 50
257 259 51
257 259 52
257 259 53
257 259 54
257 259 55
257 259 56
257 259 57
257 260 58
257 260 59
257 260 60
257 260 61
257 261 62
257 261 63
257 261 64
257 261 65
257 261 66
257 261 67
257 261 68
257 262 69
257 262 70
257 263 71
257 262 72
257 262 73
257 261 74
257 262 75
257 262 76
257 261 77
257 261 78
257 260 79
256 259 80
257 260 81
257 261 82
257 262 83
257 262 84
257 262 85
257 261 86
256 261 87
255 261 88
255 260 89
255 260 90
255 261 91
256 262 92
257 263 93
256 264 94
257 264 95
258 264 96
257 264 97
256 264 98
256 265 99
257 264 100
256 264 101
256 264 102
257 263 103
256 262 104
256 261 105
257 262 106
257 263 107
257 264 108
257 265 109
256 266 110
256 267 110
256 268 109
256 269 109
257 270 110
256 271 110
256 272 109
257 273 108
258 274 109
259 275 110
260 276 110
261 277 109
261 278 108
260 279 107
100
257 257 24
257 257 25
257 257 26
257 257 27
257 258 28
257 258 29
257 258 30
257 258 31
257 258 32
257 258 33
257 258 34
257 258 35
257 258 36
257 259 37
257 259 38
257 259 39
257 259 40
257 259 41
258 260 42
257 260 43
258 261 44
257 260 45
257 260 46
257 260 47
257 259 48
258 260 49
257 259 50
257 259 51
257 259 52
257 259 53
257 259 54
257 259 55
257 259 56
257 259 57
257 260 58
257 260 59
257 260 60
257 260 61
257 261 62
257 261 63
257 261 64
257 261 65
257 261 66
257 261 67
257 261 68
257 262 69
257 262 70
257 263 71
257 262 72
257 262 73
257 261 74
257 262 75
257 262 76
257 261 77
257 261 78
257 260 79
256 259 80
257 260 81
257 261 82
257 262 83
257 262 84
257 262 85
257 261 86
256 261 87
255 261 88
255 260 89
255 260 90
255 261 91
256 262 92
257 263 93
256 264 94
257 264 95
258 264 96
257 264 97
256 264 98
256 265 99
257 264 100
256 264 101
256 264 102
257 263 103
256 262 104
256 261 105
257 260 106
256 259 107
256 258 108
256 257 109
255 256 110
256 256 111
256 256 112
256 255 113
256 255 114
256 254 115
255 254 116
254 253 117
255 253 118
256 252 119
257 253 120
258 254 119
259 254 119
260 254 119
99
257 257 24
257 257 25
257 257 26
257 257 27
257 258 28
257 258 29
257 258 30
257 258 31
257 258 32
257 258 33
257 258 34
257 258 35
257 258 36
257 259 37
257 259 38
257 259 39
257 259 40
257 259 41
258 260 42
257 260 43
258 261 44
257 260 45
257 260 46
257 260 47
257 259 48
258 260 49
257 259 50
257 259 51
257 259 52
257 259 53
257 259 54
257 259 55
257 259 56
257 259 57
257 260 58
257 260 59
257 260 60
257 260 61
257 261 62
257 261 63
257 261 64
257 261 65
257 261 66
257 261 67
257 261 68
257 262 69
257 262 70
257 263 71
257 262 72
257 262 73
257 261 74
257 262 75
257 262 76
257 261 77
257 261 78
257 260 79
256 259 80
255 258 79
255 257 80
255 256 81
256 255 82
256 255 83
256 255 84
257 255 85
257 254 86
256 254 87
256 254 88
257 253 89
256 253 90
257 253 91
256 253 92
256 253 93
257 253 94
257 253 95
257 252 96
257 252 97
258 253 98
257 253 99
256 252 100
256 251 101
256 251 102
257 250 103
257 250 104
257 250 105
257 250 106
257 249 107
256 249 108
257 249 109
258 249 110
257 248 111
257 249 112
256 250 113
257 251 114
258 250 115
258 250 116
259 251 117
260 251 118
260 252 119
261 253 118
99
257 257 24
257 257 25
257 257 26
257 257 27
257 258 28
257 258 29
257 258 30
257 258 31
257 258 32
257 258 33
257 258 34
257 258 35
257 258 36
257 259 37
257 259 38
257 259 39
257 259 40
257 259 41
258 260 42
257 260 43
258 261 44
257 260 45
257 260 46
257 260 47
257 259 48
258 260 49
257 259 50
257 259 51
257 259 52
257 259 53
257 259 54
257 259 55
257 259 56
257 259 57
257 260 58
257 260 59
257 260 60
257 260 61
257 261 62
257 261 63
257 261 64
257 261 65
257 261 66
257 261 67
257 261 68
257 262 69
257 262 70
257 263 71
257 262 72
257 262 73
257 261 74
257 262 75
257 262 76
257 261 77
257 261 78
257 260 79
256 259 80
255 258 79
255 257 80
255 256 81
256 255 82
256 255 83
256 255 84
257 255 85
257 254 86
256 254 87
256 254 88
257 253 89
256 253 90
257 253 91
256 253 92
256 253 93
257 253 94
257 253 95
257 252 96
257 252 97
258 253 98
257 253 99
256 252 100
256 251 101
256 251 102
257 250 103
257 250 104
257 250 105
257 250 106
257 249 107
256 249 108
257 249 109
258 249 110
257 248 111
257 249 112
256 250 113
257 251 114
258 250 115
258 250 116
259 251 117
260 251 118
260 252 119
259 252 120
98
257 257 24
257 257 25
257 257 26
257 257 27
257 258 28
257 258 29
257 258 30
257 258 31
257 258 32
257 258 33
257 258 34
257 258 35
257 258 36
257 259 37
257 259 38
257 259 39
257 259 40
257 259 41
258 260 42
257 260 43
258 261 44
257 260 45
257 260 46
257 260 47
257 259 48
258 260 49
257 259 50
257 259 51
257 259 52
257 259 53
257 259 54
257 259 55
257 259 56
257 259 57
257 260 58
257 260 59
257 260 60
257 260 61
257 261 62
257 261 63
257 261 64
257 261 65
257 261 66
257 261 67
257 261 68
257 262 69
257 262 70
257 263 71
257 262 72
257 262 73
257 261 74
257 262 75
257 262 76
257 261 77
257 261 78
257 260 79
256 259 80
257 260 81
257 261 82
257 262 83
257 262 84
257 262 85
257 261 86
256 261 87
255 261 88
255 260 89
255 260 90
255 261 91
256 262 92
257 263 93
256 264 94
257 264 95
258 264 96
257 264 97
256 264 98
256 265 99
257 264 100
256 264 101
256 264 102
257 263 103
256 262 104
256 261 105
257 262 106
257 263 107
257 264 108
257 265 109
256 266 110
256 267 110
256 268 109
256 269 109
257 270 110
257 271 111
257 272 112
258 271 113
259 271 113
260 271 113
261 271 113
262 270 113
98
257 257 24
257 257 25
257 257 26
257 257 27
257 258 28
257 258 29
257 258 30
257 258 31
257 258 32
257 258 33
257 258 34
257 258 35
257 258 36
257 259 37
257 259 38
257 259 39
257 259 40
257 259 41
258 260 42
257 260 43
258 261 44
257 260 45
257 260 46
257 260 47
257 259 48
258 260 49
257 259 50
257 259 51
257 259 52
257 259 53
257 259 54
257 259 55
257 259 56
257 259 57
257 260 58
257 260 59
257 260 60
257 260 61
257 261 62
257 261 63
257 261 64
257 261 65
257 261 66
257 261 67
257 261 68
257 262 69
257 262 70
257 263 71
257 262 72
257 262 73
257 261 74
257 262 75
257 262 76
257 261 77
257 261 78
257 260 79
256 259 80
257 260 81
257 261 82
257 262 83
257 262 84
257 262 85
257 261 86
256 261 87
255 261 88
255 260 89
255 260 90
255 261 91
256 262 92
257 263 93
256 264 94
257 264 95
258 264 96
257 264 97
256 264 98
256 265 99
257 264 100
256 264 101
256 264 102
257 263 103
256 262 104
256 261 105
257 262 106
257 263 107
257 264 108
257 265 109
256 266 110
256 267 110
256 268 109
256 269 109
257 270 110
257 271 111
258 272 111
259 273 111
260 274 111
261 275 111
261 276 112
260 275 113
97
257 257 24
257 257 25
257 257 26
257 257 27
257 258 28
257 258 29
257 258 30
257 258 31
257 258 32
257 258 33
257 258 34
257 258 35
257 258 36
257 259 37
257 259 38
257 259 39
257 259 40
257 259 41
258 260 42
257 260 43
258 261 44
257 260 45
257 260 46
257 260 47
257 259 48
258 260 49
257 259 50
257 259 51
257 259 52
257 259 53
257 259 54
257 259 55
257 259 56
257 259 57
257 260 58
257 260 59
257 260 60
257 260 61
257 261 62
257 261 63
257 261 64
257 261 65
257 261 66
257 261 67
257 261 68
257 262 69
257 262 70
257 263 71
257 262 72
257 262 73
257 261 74
257 262 75
257 262 76
257 261 77
257 261 78
257 260 79
256 259 80
255 258 79
255 257 80
255 256 81
256 255 82
256 255 83
256 255 84
257 255 85
257 254 86
256 254 87
256 254 88
257 253 89
256 253 90
257 253 91
256 253 92
256 253 93
257 253 94
257 253 95
257 252 96
257 252 97
258 253 98
257 253 99
256 252 100
256 251 101
256 251 102
257 250 103
257 250 104
257 250 105
257 250 106
257 249 107
256 249 108
257 249 109
258 249 110
257 248 111
257 249 112
256 250 113
257 251 114
258 250 115
258 250 116
259 251 117
258 252 118
97
257 257 24
257 257 25
257 257 26
257 257 27
257 258 28
257 258 29
257 258 30
257 258 31
257 258 32
257 258 33
257 258 34
257 258 35
257 258 36
257 259 37
257 259 38
257 259 39
257 259 40
257 259 41
258 260 42
257 260 43
258 261 44
257 260 45
257 260 46
257 260 47
257 259 48
258 260 49
257 259 50
257 259 51
257 259 52
257 259 53
257 259 54
257 259 55
257 259 56
257 259 57
257 260 58
257 260 59
257 260 60
257 260 61
257 261 62
257 261 63
257 261 64
257 261 65
257 261 66
257 261 67
257 261 68
257 262 69
257 262 70
257 263 71
257 262 72
257 262 73
257 261 74
257 262 75
257 262 76
257 261 77
257 261 78
257 260 79
256 259 80
257 260 81
257 261 82
257 262 83
257 262 84
257 262 85
257 261 86
256 261 87
255 261 88
255 260 89
255 260 90
255 261 91
256 262 92
257 263 93
256 264 94
257 264 95
258 264 96
257 264 97
256 264 98
256 265 99
257 264 100
256 264 101
256 264 102
257 263 103
256 262 104
256 261 105
257 262 106
257 263 107
257 264 108
257 265 109
256 266 110
256 266 111
256 266 112
257 265 113
258 265 114
259 265 113
260 265 113
261 266 113
262 267 113
263 268 113
263 269 113
96
257 257 24
257 257 25
257 257 26
257 257 27
257 258 28
257 258 29
257 258 30
257 258 31
257 258 32
257 258 33
257 258 34
257 258 35
257 258 36
257 259 37
257 259 38
257 259 39
257 259 40
257 259 41
258 260 42
257 260 43
258 261 44
257 260 45
257 260 46
257 260 47
257 259 48
258 260 49
257 259 50
257 259 51
257 259 52
257 259 53
257 259 54
257 259 55
257 259 56
257 259 57
257 260 58
257 260 59
257 260 60
257 260 61
257 261 62
257 261 63
257 261 64
257 261 65
257 261 66
257 261 67
257 261 68
257 262 69
257 262 70
257 263 71
257 262 72
257 262 73
257 261 74
257 262 75
257 262 76
257 261 77
257 261 78
257 260 79
256 259 80
257 260 81
257 261 82
257 262 83
257 262 84
257 262 85
257 261 86
256 261 87
255 261 88
255 260 89
255 260 90
255 261 91
256 262 92
257 263 93
256 264 94
257 264 95
258 264 96
257 264 97
256 264 98
256 265 99
257 264 100
256 264 101
256 264 102
257 263 103
256 262 104
256 261 105
257 262 106
257 263 107
257 264 108
257 265 109
256 266 110
256 267 110
256 268 109
256 269 109
257 270 110
257 271 111
257 272 112
258 273 112
258 273 114
259 274 114
93
257 257 24
257 257 25
257 257 26
257 257 27
257 258 28
257 258 29
257 258 30
257 258 31
257 258 32
257 258 33
257 258 34
257 258 35
257 258 36
257 259 37
257 259 38
257 259 39
257 259 40
257 259 41
258 260 42
257 260 43
258 261 44
257 260 45
257 260 46
257 260 47
257 259 48
258 260 49
257 259 50
257 259 51
257 259 52
257 259 53
257 259 54
257 259 55
257 259 56
257 259 57
257 260 58
257 260 59
257 260 60
257 260 61
257 261 62
257 261 63
257 261 64
257 261 65
257 261 66
257 261 67
257 261 68
257 262 69
257 262 70
257 263 71
257 262 72
257 262 73
257 261 74
257 262 75
257 262 76
257 261 77
257 261 78
257 260 79
256 259 80
257 260 81
257 261 82
257 262 83
257 262 84
257 262 85
257 261 86
256 261 87
255 261 88
255 260 89
255 260 90
255 261 91
256 262 92
257 263 93
256 264 94
257 264 95
258 264 96
257 264 97
256 264 98
256 265 99
257 264 100
256 264 101
256 264 102
257 263 103
256 262 104
256 261 105
257 260 106
256 259 107
256 258 108
256 257 109
255 256 110
256 256 111
256 256 112
256 255 113
257 254 113
256 253 113
257 252 114
92
257 257 24
257 257 25
257 257 26
257 257 27
257 258 28
257 258 29
257 258 30
257 258 31
257 258 32
257 258 33
257 258 34
257 258 35
257 258 36
257 259 37
257 259 38
257 259 39
257 259 40
257 259 41
258 260 42
257 260 43
258 261 44
257 260 45
257 260 46
257 260 47
257 259 48
258 260 49
257 259 50
257 259 51
257 259 52
257 259 53
257 259 54
257 259 55
257 259 56
257 259 57
257 260 58
257 260 59
257 260 60
257 260 61
257 261 62
257 261 63
257 261 64
257 261 65
257 261 66
257 261 67
257 261 68
257 262 69
257 262 70
257 263 71
257 262 72
257 262 73
257 261 74
257 262 75
257 262 76
257 261 77
257 261 78
257 260 79
256 259 80
255 258 79
255 257 80
255 256 81
256 255 82
256 255 83
256 255 84
257 255 85
257 254 86
256 254 87
256 254 88
257 253 89
256 253 90
257 253 91
256 253 92
256 253 93
257 253 94
257 253 95
257 252 96
257 252 97
258 253 98
257 253 99
256 252 100
256 251 101
256 251 102
257 250 103
257 250 104
257 250 105
257 250 106
257 249 107
256 249 108
257 249 109
258 249 110
257 248 111
256 249 111
255 250 112
92
257 257 24
257 257 25
257 257 26
257 257 27
257 258 28
257 258 29
257 258 30
257 258 31
257 258 32
257 258 33
257 258 34
257 258 35
257 258 36
257 259 37
257 259 38
257 259 39
257 259 40
257 259 41
258 260 42
257 260 43
258 261 44
257 260 45
257 260 46
257 260 47
257 259 48
258 260 49
257 259 50
257 259 51
257 259 52
257 259 53
257 259 54
257 259 55
257 259 56
257 259 57
257 260 58
257 260 59
257 260 60
257 260 61
257 261 62
257 261 63
257 261 64
257 261 65
257 261 66
257 261 67
257 261 68
257 262 69
257 262 70
257 263 71
257 262 72
257 262 73
257 261 74
257 262 75
257 262 76
257 261 77
257 261 78
257 260 79
256 259 80
255 258 79
255 257 80
255 256 81
256 255 82
256 255 83
256 255 84
257 255 85
257 254 86
256 254 87
256 254 88
257 253 89
256 253 90
257 253 91
256 253 92
256 253 93
257 253 94
257 253 95
257 252 96
257 252 97
258 253 98
257 253 99
256 252 100
256 251 101
256 251 102
257 250 103
257 250 104
257 250 105
257 250 106
257 249 107
256 249 108
257 249 109
258 249 110
259 250 111
258 251 112
257 252 112
92
257 257 24
257 257 25
257 257 26
257 257 27
257 258 28
257 258 29
257 258 30
257 258 31
257 258 32
257 258 33
257 258 34
257 258 35
257 258 36
257 259 37
257 259 38
257 259 39
257 259 40
257 259 41
258 260 42
257 260 43
258 261 44
257 260 45
257 260 46
257 260 47
257 259 48
258 260 49
257 259 50
257 259 51
257 259 52
257 259 53
257 259 54
257 259 55
257 259 56
257 259 57
257 260 58
257 260 59
257 260 60
257 260 61
257 261 62
257 261 63
257 261 64
257 261 65
257 261 66
257 261 67
257 261 68
257 262 69
257 262 70
257 263 71
257 262 72
257 262 73
257 261 74
257 262 75
257 262 76
257 261 77
257 261 78
257 260 79
256 259 80
255 258 79
255 257 80
255 256 81
256 255 82
256 255 83
256 255 84
257 255 85
257 254 86
256 254 87
256 254 88
257 253 89
256 253 90
257 253 91
256 253 92
256 253 93
257 253 94
257 253 95
257 252 96
257 252 97
258 253 98
257 253 99
256 252 100
256 251 101
256 251 102
257 250 103
257 250 104
257 250 105
257 250 106
257 249 107
256 249 108
257 249 109
258 249 110
259 250 111
260 250 110
261 251 110
91
257 257 24
257 257 25
257 257 26
257 257 27
257 258 28
257 258 29
257 258 30
257 258 31
257 258 32
257 258 33
257 258 34
257 258 35
257 258 36
257 259 37
257 259 38
257 259 39
257 259 40
257 259 41
258 260 42
257 260 43
258 261 44
257 260 45
257 260 46
257 260 47
257 259 48
258 260 49
257 259 50
257 259 51
257 259 52
257 259 53
257 259 54
257 259 55
257 259 56
257 259 57
257 260 58
257 260 59
257 260 60
257 260 61
257 261 62
257 261 63
257 261 64
257 261 65
257 261 66
257 261 67
257 261 68
257 262 69
257 262 70
257 263 71
257 262 72
257 262 73
257 261 74
257 262 75
257 262 76
257 261 77
257 261 78
257 260 79
256 259 80
255 258 79
255 257 80
255 256 81
256 255 82
256 255 83
256 255 84
257 255 85
257 254 86
256 254 87
256 254 88
257 253 89
256 253 90
257 253 91
256 253 92
256 253 93
257 253 94
257 254 95
256 255 96
255 256 97
255 257 98
256 258 99
257 258 100
256 257 101
255 256 102
254 256 103
254 255 104
254 256 105
254 255 106
255 255 107
256 256 108
257 255 109
258 254 110
259 253 111
260 252 111
89
257 257 24
257 257 25
257 257 26
257 257 27
257 258 28
257 258 29
257 258 30
257 258 31
257 258 32
257 258 33
257 258 34
257 258 35
257 258 36
257 259 37
257 259 38
257 259 39
257 259 40
257 259 41
258 260 42
257 260 43
258 261 44
257 260 45
257 260 46
257 260 47
257 259 48
258 260 49
257 259 50
257 259 51
257 259 52
257 259 53
257 259 54
257 259 55
257 259 56
257 259 57
257 260 58
257 260 59
257 260 60
257 260 61
257 261 62
257 261 63
257 261 64
257 261 65
257 261 66
257 261 67
257 261 68
257 262 69
257 262 70
257 263 71
257 262 72
257 262 73
257 261 74
257 262 75
257 262 76
257 261 77
257 261 78
257 260 79
256 259 80
255 258 79
255 257 80
255 256 81
256 255 82
256 255 83
256 255 84
257 255 85
257 254 86
256 254 87
256 254 88
257 253 89
256 253 90
257 253 91
256 253 92
256 253 93
257 253 94
257 253 95
257 252 96
257 252 97
258 253 98
257 253 99
256 252 100
256 251 101
256 251 102
257 250 103
257 250 104
257 250 105
257 250 106
257 249 107
256 249 108
255 250 108
254 251 109
86
257 257 24
257 257 25
257 257 26
257 257 27
257 258 28
257 258 29
257 258 30
257 258 31
257 258 32
257 258 33
257 258 34
257 258 35
257 258 36
257 259 37
257 259 38
257 259 39
257 259 40
257 259 41
258 260 42
257 260 43
258 261 44
257 260 45
257 260 46
257 260 47
257 259 48
258 260 49
257 259 50
257 259 51
257 259 52
257 259 53
257 259 54
257 259 55
257 259 56
257 259 57
257 260 58
257 260 59
257 260 60
257 260 61
257 261 62
257 261 63
257 261 64
257 261 65
257 261 66
257 261 67
257 261 68
257 262 69
257 262 70
257 263 71
257 262 72
257 262 73
257 261 74
257 262 75
257 262 76
257 261 77
257 261 78
257 260 79
256 259 80
257 260 81
257 261 82
257 262 83
257 262 84
257 262 85
257 261 86
256 261 87
255 261 88
255 260 89
255 260 90
255 261 91
256 262 92
257 263 93
256 264 94
257 264 95
258 264 96
257 264 97
256 264 98
256 265 99
257 264 100
256 264 101
256 265 102
256 266 102
256 267 102
256 268 102
256 269 101
257 270 100
258 271 100
259 271 100
85
257 257 24
257 257 25
257 257 26
257 257 27
257 258 28
257 258 29
257 258 30
257 258 31
257 258 32
257 258 33
257 258 34
257 258 35
257 258 36
257 259 37
257 259 38
257 259 39
257 259 40
257 259 41
258 260 42
257 260 43
258 261 44
257 260 45
257 260 46
257 260 47
257 259 48
258 260 49
257 259 50
257 259 51
257 259 52
257 259 53
257 259 54
257 259 55
257 259 56
257 259 57
257 260 58
257 260 59
257 260 60
257 260 61
257 261 62
257 261 63
257 261 64
257 261 65
257 261 66
257 261 67
257 261 68
257 262 69
257 262 70
257 263 71
257 262 72
257 262 73
257 261 74
257 262 75
257 262 76
257 261 77
257 261 78
257 260 79
256 259 80
257 260 81
257 261 82
257 262 83
257 262 84
257 262 85
257 261 86
256 261 87
255 261 88
255 260 89
255 260 90
255 261 91
256 262 92
257 263 93
256 264 94
257 264 95
258 264 96
259 264 96
260 264 96
261 264 96
262 264 96
263 265 97
264 266 98
263 267 99
263 268 99
263 269 99
262 270 99
261 271 100
260 271 100
84
257 257 24
257 257 25
257 257 26
257 257 27
257 258 28
257 258 29
257 258 30
257 258 31
257 258 32
257 258 33
257 258 34
257 258 35
257 258 36
257 259 37
257 259 38
257 259 39
257 259 40
257 259 41
258 260 42
257 260 43
258 261 44
257 260 45
257 260 46
257 260 47
257 259 48
258 260 49
257 259 50
257 259 51
257 259 52
257 259 53
257 259 54
257 259 55
257 259 56
257 259 57
257 260 58
257 260 59
257 260 60
257 260 61
257 261 62
257 261 63
257 261 64
257 261 65
257 261 66
257 261 67
257 261 68
257 262 69
257 262 70
257 263 71
257 262 72
257 262 73
257 261 74
257 262 75
257 262 76
257 261 77
257 261 78
257 260 79
256 259 80
257 260 81
257 261 82
257 262 83
257 262 84
257 262 85
257 261 86
256 261 87
255 261 88
255 260 89
255 260 90
255 261 91
256 262 92
257 263 93
256 264 94
257 264 95
258 264 96
257 264 97
256 264 98
256 265 99
256 266 99
256 267 99
256 268 98
257 269 97
258 270 97
259 270 97
260 270 97
261 270 97
83
257 257 24
257 257 25
257 257 26
257 257 27
257 258 28
257 258 29
257 258 30
257 258 31
257 258 32
257 258 33
257 258 34
257 258 35
257 258 36
257 259 37
257 259 38
257 259 39
257 259 40
257 259 41
258 260 42
257 260 43
258 261 44
257 260 45
257 260 46
257 260 47
257 259 48
258 260 49
257 259 50
257 259 51
257 259 52
257 259 53
257 259 54
257 259 55
257 259 56
257 259 57
257 260 58
257 260 59
257 260 60
257 260 61
257 261 62
257 261 63
257 261 64
257 261 65
257 261 66
257 261 67
257 261 68
257 262 69
257 262 70
257 263 71
257 262 72
257 262 73
257 261 74
257 262 75
257 262 76
257 261 77
257 261 78
257 260 79
256 259 80
257 260 81
257 261 82
257 262 83
257 262 84
257 262 85
257 261 86
256 261 87
255 261 88
255 260 89
255 260 90
255 261 91
256 262 92
257 263 93
256 264 94
257 264 95
258 264 96
259 264 96
260 264 96
261 264 96
262 264 96
263 265 97
264 266 98
263 267 97
263 268 97
263 269 96
262 270 97
81
257 257 24
257 257 25
257 257 26
257 257 27
257 258 28
257 258 29
257 258 30
257 258 31
257 258 32
257 258 33
257 258 34
257 258 35
257 258 36
257 259 37
257 259 38
257 259 39
257 259 40
257 259 41
258 260 42
257 260 43
258 261 44
257 260 45
257 260 46
257 260 47
257 259 48
258 260 49
257 259 50
257 259 51
257 259 52
257 259 53
257 259 54
257 259 55
257 259 56
257 259 57
257 260 58
257 260 59
257 260 60
257 260 61
257 261 62
257 261 63
257 261 64
257 261 65
257 261 66
257 261 67
257 261 68
257 262 69
257 262 70
257 263 71
257 262 72
257 262 73
257 261 74
257 262 75
257 262 76
257 261 77
257 261 78
257 260 79
256 259 80
257 260 81
257 261 82
257 262 83
257 262 84
257 262 85
257 261 86
256 261 87
255 261 88
255 260 89
255 260 90
255 261 91
256 262 92
257 263 93
256 264 94
257 264 95
258 264 96
257 264 97
256 264 98
256 265 99
257 264 100
258 264 100
259 264 100
260 265 100
261 265 100
81
257 257 24
257 257 25
257 257 26
257 257 27
257 258 28
257 258 29
257 258 30
257 258 31
257 258 32
257 258 33
257 258 34
257 258 35
257 258 36
257 259 37
257 259 38
257 259 39
257 259 40
257 259 41
258 260 42
257 260 43
258 261 44
259 262 44
260 263 45
261 263 46
261 263 47
261 262 48
262 263 49
262 264 50
262 264 51
262 264 52
263 264 53
264 265 54
264 266 55
265 266 56
265 267 57
266 267 58
266 267 59
265 268 60
266 268 61
266 269 62
266 269 63
267 269 64
267 269 65
267 270 66
268 271 67
267 271 68
268 271 69
268 272 70
271 279 80
270 280 81
271 281 82
271 282 83
271 283 84
272 284 85
272 285 86
272 286 87
271 287 88
272 288 88
271 289 89
272 290 89
271 291 90
271 292 91
271 293 91
271 294 92
271 295 92
271 296 93
271 297 94
271 298 94
270 299 95
270 300 96
269 301 97
268 302 98
268 303 98
268 304 98
268 305 98
268 306 99
268 307 100
268 308 100
268 309 101
267 310 102
267 311 102
81
257 257 24
257 257 25
257 257 26
257 257 27
257 258 28
257 258 29
257 258 30
257 258 31
257 258 32
257 258 33
257 258 34
257 258 35
257 258 36
257 259 37
257 259 38
257 259 39
257 259 40
257 259 41
258 260 42
257 260 43
258 261 44
257 260 45
257 260 46
257 260 47
257 259 48
258 260 49
257 259 50
257 259 51
257 259 52
257 259 53
257 259 54
257 259 55
257 259 56
257 259 57
257 260 58
257 260 59
257 260 60
257 260 61
257 261 62
257 261 63
257 261 64
257 261 65
257 261 66
257 261 67
257 261 68
257 262 69
257 262 70
257 263 71
257 262 72
257 262 73
257 261 74
257 262 75
257 262 76
257 261 77
257 261 78
257 260 79
256 259 80
257 260 81
257 261 82
257 262 83
257 262 84
257 262 85
257 261 86
256 261 87
255 261 88
255 260 89
255 260 90
255 261 91
256 262 92
257 263 93
256 264 94
257 264 95
258 264 96
259 264 96
260 264 96
261 264 96
262 264 96
263 265 97
264 266 98
263 266 99
262 265 100
73
257 257 24
257 257 25
257 257 26
257 257 27
257 258 28
257 258 29
257 258 30
257 258 31
257 258 32
257 258 33
257 258 34
257 258 35
257 258 36
257 259 37
257 259 38
257 259 39
257 259 40
257 259 41
258 260 42
257 260 43
258 261 44
259 262 44
260 263 45
261 263 46
261 263 47
261 262 48
262 263 49
262 264 50
262 264 51
262 264 52
263 264 53
264 265 54
264 266 55
265 266 56
265 267 57
266 267 58
266 267 59
265 268 60
266 268 61
266 269 62
266 269 63
267 269 64
267 269 65
267 270 66
268 271 67
267 271 68
268 271 69
268 272 70
271 279 80
270 280 81
271 281 82
271 282 83
271 283 84
272 284 85
272 285 86
272 286 87
271 287 88
272 288 88
271 289 89
272 290 89
271 291 90
271 292 91
271 293 91
271 294 92
271 295 92
271 296 93
271 297 94
271 298 94
270 299 95
270 300 96
269 301 97
268 302 98
265 302 97
55
257 257 24
257 257 25
257 257 26
257 257 27
257 258 28
257 258 29
257 258 30
257 258 31
257 258 32
257 258 33
257 258 34
257 258 35
257 258 36
257 259 37
257 259 38
257 259 39
257 259 40
257 259 41
258 260 42
257 260 43
258 261 44
257 260 45
257 260 46
257 260 47
257 259 48
258 260 49
257 259 50
257 259 51
257 259 52
257 259 53
257 259 54
257 259 55
257 259 56
257 259 57
257 260 58
257 260 59
257 260 60
257 260 61
257 261 62
257 261 63
257 261 64
257 261 65
257 261 66
257 261 67
257 261 68
257 262 69
257 262 70
257 263 71
257 264 72
256 265 72
256 266 72
255 267 73
254 267 74
255 266 75
256 265 75
54
257 257 24
257 257 25
257 257 26
257 257 27
257 258 28
257 258 29
257 258 30
257 258 31
257 258 32
257 258 33
257 258 34
257 258 35
257 258 36
257 259 37
257 259 38
257 259 39
257 259 40
257 259 41
258 260 42
257 260 43
258 261 44
257 260 45
257 260 46
257 260 47
257 259 48
258 260 49
257 259 50
257 259 51
257 259 52
257 259 53
257 259 54
257 259 55
257 259 56
257 259 57
257 260 58
257 260 59
257 260 60
257 260 61
257 261 62
257 261 63
257 261 64
257 261 65
257 261 66
257 261 67
257 261 68
257 262 69
257 262 70
257 263 71
257 262 72
257 262 73
257 261 74
257 262 75
257 263 75
257 264 75
49
257 257 24
257 257 25
257 257 26
257 257 27
257 258 28
257 258 29
257 258 30
257 258 31
257 258 32
257 258 33
257 258 34
257 258 35
257 258 36
257 259 37
257 259 38
257 259 39
257 259 40
257 259 41
258 260 42
257 260 43
258 261 44
259 262 44
260 263 45
261 263 46
261 263 47
261 262 48
262 263 49
262 264 50
262 264 51
262 264 52
263 264 53
264 265 54
264 266 55
265 266 56
265 267 57
266 267 58
266 267 59
265 268 60
266 268 61
266 269 62
266 269 63
267 269 64
267 269 65
267 270 66
268 271 67
267 271 68
268 271 69
268 272 70
271 279 80
48
257 257 24
257 257 25
257 257 26
257 257 27
257 258 28
257 258 29
257 258 30
257 258 31
257 258 32
257 258 33
257 258 34
257 258 35
257 258 36
257 259 37
257 259 38
257 259 39
257 259 40
257 259 41
258 260 42
257 260 43
258 261 44
259 262 44
260 263 45
261 263 46
261 263 47
261 262 48
262 263 49
262 264 50
262 264 51
262 264 52
263 264 53
264 265 54
264 266 55
265 266 56
265 267 57
266 267 58
266 267 59
265 268 60
266 268 61
266 269 62
266 269 63
267 269 64
267 269 65
267 270 66
268 271 67
267 271 68
268 271 69
268 272 70
33
257 257 24
257 257 25
257 257 26
257 257 27
257 258 28
257 258 29
257 258 30
257 258 31
257 258 32
257 258 33
257 258 34
257 258 35
257 258 36
257 259 37
257 259 38
257 259 39
257 259 40
257 259 41
258 260 42
257 260 43
258 261 44
259 262 44
260 263 45
261 263 46
261 263 47
261 262 48
262 263 49
262 264 50
262 264 51
262 264 52
263 264 53
264 265 54
264 264 56
27
257 257 24
257 257 25
257 257 26
257 257 27
257 258 28
257 258 29
257 258 30
257 258 31
257 258 32
257 258 33
257 258 34
257 258 35
257 258 36
257 259 37
257 259 38
257 259 39
257 259 40
257 259 41
258 260 42
257 260 43
258 261 44
257 260 45
257 260 46
257 260 47
257 259 48
258 260 49
259 260 49
27
257 257 24
257 257 25
257 257 26
257 257 27
257 258 28
257 258 29
257 258 30
257 258 31
257 258 32
257 258 33
257 258 34
257 258 35
257 258 36
257 259 37
257 259 38
257 259 39
257 259 40
257 259 41
258 260 42
257 260 43
258 261 44
259 262 44
260 263 45
261 263 46
261 263 47
261 262 48
260 261 49
